hour,Start_Lat,Start_Lng
0,41.31153,-72.49276
0,30.38737,-81.55824
0,40.416698,-123.967785
0,40.17847,-75.205348
0,39.805666208077405,-75.45136570894502
0,42.424317,-123.335233
0,45.651851,-120.954505
0,35.34013152105645,-86.87821984249649
0,39.235032,-76.649694
0,39.238379,-76.70525699999997
0,37.746281,-121.725639
0,33.78153,-84.39121
0,44.303136,-117.240609
0,28.295341,-80.742806
0,34.909794,-81.88530300000002
0,44.524425,-121.209998
0,30.450538,-87.314448
0,38.069149,-122.539078
0,26.16223,-81.69292
0,42.42324,-122.85105
0,40.780169,-73.567704
0,47.119671,-122.055298
0,33.802989000000004,-118.136039
0,36.182452440089314,-86.77509427029241
0,36.14011,-86.7233
0,34.120762,-117.873566
0,27.953659,-82.413302
0,40.511537790105294,-79.94754195175197
0,40.058803999999995,-74.16570300000002
0,40.667591,-73.99628299999998
0,37.872121,-121.219523
0,42.932564,-78.76619000000002
0,32.62793,-117.076324
0,36.212482,-86.764902
0,29.68845,-95.5702
0,34.39233,-117.407539
0,39.906131,-74.97617199999998
0,41.95503,-87.73250999999998
0,39.643102,-75.893436
0,33.926443,-118.213861
0,34.658431,-83.083376
0,35.816066,-78.601644
0,28.809348,-81.86059499999998
0,34.303383000000004,-118.479548
0,42.573051,-73.62429200000003
0,36.29616,-79.64134
0,33.771553999999995,-117.251314
0,35.689975,-120.640791
0,32.964242,-80.172771
0,29.980774,-90.057614
0,37.531239,-122.003693
0,30.453898,-87.096464
0,40.848766565128095,-72.88050055469091
0,38.64176,-85.78364
0,35.057383,-118.17526399999998
0,38.294654,-104.609418
0,33.626715000000004,-117.673153
0,32.917064,-117.115797
0,31.790667,-106.318772
0,27.969278000000006,-82.45336800000003
0,44.411636,-117.308661
0,30.423278000000003,-91.141634
0,39.989125,-74.875171
0,37.814781,-122.299911
0,30.478206,-84.33413399999998
0,37.913142,-122.067064
0,29.954211,-90.084842
0,33.331879,-86.779662
0,38.99805900000001,-76.917863
0,34.03117,-118.192406
0,37.348869,-122.069327
0,35.64933900000001,-119.220535
0,44.004216,-92.349059
0,45.101763,-93.456412
0,34.134476,-117.958549
0,35.101937,-89.870065
0,47.58813,-122.23404
0,37.516037,-121.940689
0,32.720328,-96.827596
0,33.958560999999996,-81.093971
0,26.083892583722665,-80.18173098525914
0,34.223023652867205,-118.19056391659645
0,40.747868,-111.89967
0,40.734829,-73.289108
0,34.27422,-83.86331
0,39.800136,-84.194424
0,35.11637091619913,-78.95089745483898
0,34.477131,-82.41147600000002
0,33.882351,-117.374878
0,47.445851,-122.267725
0,33.9202,-84.32015
0,38.219471,-77.49958000000002
0,33.792124,-79.018651
0,42.435247,-83.095033
0,38.768055,-90.524097
0,25.72815,-80.31854
0,40.58245539645871,-111.90024733490036
0,30.439177,-91.019979
0,41.89486,-87.65651
0,37.70015,-121.778816
0,39.856117,-77.708801
0,42.98895478,-78.91793847
0,33.866408,-117.997978
0,39.099951,-94.669364
0,37.383712,-121.969503
0,33.651434,-78.983513
0,34.047024,-118.446587
0,38.495426,-121.516403
0,28.48614,-81.43992
0,38.244248,-122.082717
0,39.542417,-110.730921
0,37.806404,-122.304474
0,37.133259,-80.366661
0,37.77848,-122.40061
0,40.01378417,-75.61714768
0,47.917381,-122.0709
0,41.5290820596622,-75.65321803056881
0,34.133306,-118.352405
0,33.901897,-118.291794
0,30.381586,-87.306058
0,38.46647100000001,-121.415373
0,28.443692,-80.765224
0,34.130669,-118.27433
0,33.77874,-117.87569
0,33.763271,-84.38290699999997
0,33.520703999999995,-86.81551400000002
0,33.880022,-84.27175600000002
0,28.052872,-80.552673
0,42.776733,-71.49284
0,40.74104905109052,-73.82144093478286
0,37.887438,-122.298089
0,37.319202,-122.048409
0,32.40824,-93.803749
0,38.725269,-76.99091800000002
0,41.945248,-87.885201
0,38.150857,-122.449328
0,34.207806,-118.200157
0,37.828934,-122.29377
0,39.755203,-104.980965
0,41.241497,-111.944486
0,38.878329,-90.159913
0,40.726727,-77.266281
0,40.62303,-73.74079
0,28.206101,-82.449549
0,39.580647,-78.95434
0,40.23679375629312,-111.68749451584011
0,25.926092,-80.260716
0,35.30882478,-80.70188642
0,37.785542,-122.391382
0,39.9837434289933,-75.09746432268574
0,33.846531,-118.27101100000002
0,39.229106,-76.51160899999998
0,42.384525,-83.150337
0,34.008661,-84.559653
0,45.583852529308395,-118.62272143307388
0,40.70501,-73.26765
0,40.697231,-73.813316
0,33.698253,-84.280469
0,33.71408,-84.23563
0,33.68355631812246,-117.85852789822646
0,43.593594,-116.408713
0,41.589143,-71.991286
0,37.193647,-121.697711
0,37.38665,-121.90556
0,34.618984000000005,-92.024481
0,32.716469000000004,-117.117782
0,40.949421,-73.747192
0,32.577091,-93.467613
0,34.289363,-81.133049
0,28.390098,-82.551194
0,25.811386,-80.193218
0,27.700651,-82.455322
0,36.071822,-95.97578
0,33.935147523718186,-118.36827635708632
0,34.094315,-118.309853
0,30.464803000000003,-97.668976
0,40.737983,-114.043669
0,33.410224,-86.801632
0,25.872535,-80.122252
0,40.127089,-76.073265
0,40.86573958377425,-74.42989468539031
0,34.667553000000005,-79.04258399999998
0,28.258662,-82.654333
0,42.38539,-83.25491
0,34.024693,-117.757156
0,39.377005,-122.192754
0,38.613175,-77.3018
0,33.985584,-118.407234
0,42.205706,-85.905715
0,37.72126,-121.65607
0,34.06646,-117.331665
0,36.79135680181128,-119.7846329206477
0,34.761037,-92.330992
0,46.517979,-116.949287
0,34.068855,-118.042328
0,37.79552,-122.26632
0,39.97457,-75.11818000000002
0,36.667855,-79.98898299999998
0,28.689964,-80.856619
0,42.228504,-83.617777
0,34.401148,-79.12483
0,43.03749000000001,-71.324986
0,33.45943,-112.0076
0,37.783525,-121.221515
0,25.673245,-80.459553
0,34.965783,-82.258353
0,33.960155,-118.247437
0,37.701729,-122.110413
0,38.584115,-77.768201
0,34.029002,-118.396847
0,34.06598,-118.21619
0,34.093379999999996,-118.241287
0,44.55848,-94.19759
0,34.132464,-117.951128
0,35.166665,-80.79468299999998
0,35.22379,-80.84119
0,37.82693,-122.279855
0,47.881916,-122.233322
0,37.56596500000001,-121.898026
0,39.7845,-86.27064
0,34.055409999999995,-118.19672
0,38.67423,-90.362049
0,35.861313,-78.619165
0,34.105607,-118.254357
0,25.838375,-80.249639
0,36.32705,-119.307595
0,37.30329,-120.5007
0,44.951258,-93.099034
0,33.473838,-79.134342
0,26.491827,-81.783748
0,45.107706,-93.465982
0,37.520201,-77.268146
0,33.88570900000001,-118.19011299999998
0,28.82624,-81.328261
0,34.182082,-118.397179
0,33.824505,-118.299194
0,32.768375,-96.633429
0,33.315652,-117.48226499999998
0,33.924644,-118.209816
0,44.499896,-117.370344
0,34.068047,-117.403277
0,33.432244,-86.74104
0,34.087378,-117.681179
0,32.877176,-96.685727
0,32.698473,-96.823419
0,34.036751,-118.317757
0,41.872961,-87.816941
0,35.123455,-120.59156000000002
0,30.454151,-97.658462
0,43.146598,-77.631116
0,39.30687,-76.788501
0,40.6838,-112.440353
0,40.544427,-75.672087
0,38.6864984,-90.24516463
0,37.808498,-122.366852
0,40.691647,-73.999306
0,45.54233,-122.49575
0,25.924444,-80.30929
0,25.79319,-80.20551999999998
0,43.37507700000001,-73.63266899999998
0,38.392959999999995,-122.877136
0,40.75921,-74.20895
0,42.703647,-73.935045
0,34.134075,-117.957207
0,41.429005,-73.80442
0,25.928257,-80.20611600000002
0,41.036472,-73.816162
0,33.958701,-80.823947
0,37.815102,-121.993217
0,46.580072,-112.89708799999998
0,40.82344651202763,-111.39358878082564
0,43.049013,-76.142562
0,32.68007,-117.110344
0,37.411282,-77.59437199999998
0,34.171955,-118.607031
0,25.598519,-80.356751
0,37.943376,-121.2353
0,41.318074,-72.299932
0,41.891776,-87.65738
0,47.62200900000001,-122.322037
0,33.928391,-118.277305
0,44.861737,-93.313611
0,43.048202,-78.990336
0,33.754495382148015,-84.3787014480382
0,33.778919,-117.888771
0,40.182318,-76.131264
0,44.49338,-117.36622
0,39.428954,-77.41980699999998
0,40.490416,-104.991993
0,39.170431,-94.55819
0,30.243483,-82.741116
0,34.850124,-82.278607
0,36.4638,-118.869749
0,33.889065,-117.511842
0,32.916677,-96.817006
0,44.019066,-123.959448
0,38.416737,-121.851776
0,45.007827,-93.204578
0,44.238907,-121.472296
0,33.78405,-117.216255
0,40.69661,-111.94402
0,33.432244,-86.74104
0,33.455931,-81.052538
0,35.83119,-78.56923
0,34.036018,-118.188103
0,40.848251,-73.936134
0,38.485569,-77.391552
0,43.222689,-70.899369
0,28.41917,-82.29133
0,45.51569,-122.36168
0,32.813767,-96.785008
0,45.156378,-93.510479
0,41.10658,-73.422671
0,33.781682,-118.296779
0,35.87759000000001,-78.704358
0,37.63277100000001,-122.419861
0,40.11154000000001,-75.07595500000002
0,41.934145,-74.040369
0,38.06125,-78.94111099999998
0,34.071012,-84.539602
0,37.683929,-122.47168
0,36.096669,-86.771846
0,38.45263,-121.389272
0,37.8111,-122.249481
0,41.036349,-76.342095
0,37.839893,-122.26376299999998
0,38.53638,-119.494224
0,30.463703,-90.921982
0,40.89299000000001,-76.742972
0,33.854488,-117.789436
0,37.679276,-97.187472
0,28.45237,-82.587304
0,32.93605,-96.820256
0,28.324079,-80.77126899999998
0,37.47151,-77.580675
0,40.495322,-79.908716
0,39.111328,-112.044253
0,36.731222,-119.798762
0,45.651594,-109.257777
0,40.71454,-73.952742
0,38.970673,-76.97803499999998
0,38.867172,-77.31766800000003
0,32.829907,-96.734552
0,38.983784,-76.978872
0,33.971008000000005,-118.37616
0,29.779004,-95.186817
0,42.232307,-83.367508
0,42.62074000000001,-73.83698000000003
0,32.784714,-96.791563
0,35.442574,-119.086175
0,30.259097,-81.518039
0,34.140383,-118.016581
0,34.479408,-80.15053499999998
0,40.0156,-75.17668
0,35.717893,-119.240809
0,37.043024,-122.150504
0,37.148991,-121.648424
0,42.761654,-74.11438000000003
0,36.060315,-79.603296
0,48.102341,-117.640489
0,38.999108,-77.399925
0,33.371140000000004,-117.257568
0,30.029466,-81.897595
0,39.54613,-74.73277
0,41.16494536,-73.35437179
0,40.669551,-75.21923699999998
0,33.877190351324664,-118.1480133527844
0,40.06508400000001,-76.343906
0,34.014115000000004,-117.08127
0,36.14575,-82.697811
0,39.53038573,-119.73199725
0,41.05036,-73.81059
0,38.574832,-121.572765
0,33.516036,-117.091597
0,41.312938928407135,-72.91268706286948
0,30.320985,-81.704413
0,39.178308248333074,-76.7893803115998
0,41.712504,-76.799534
0,40.068936,-77.193595
0,32.47105,-93.873566
0,40.728884,-73.879944
0,39.280207,-76.822114
0,33.13918,-117.18029
0,41.258605,-121.998477
0,33.809104999999995,-117.879513
0,33.735958000000004,-117.994293
0,37.715214,-122.172623
0,35.768714,-119.274518
0,37.39454,-121.13599
0,35.304901,-78.701126
0,34.87373,-82.22095999999998
0,41.72711,-87.62476
0,32.95283,-80.260684
0,32.8384,-96.599425
0,29.132641,-81.123014
0,34.987857,-107.100074
0,32.800940000000004,-79.94612
0,37.666332,-122.107658
0,39.382413,-76.446057
0,33.864437,-118.326408
0,34.067239,-117.530589
0,39.752751,-86.220349
0,34.333867,-110.752833
0,35.80374000000001,-78.69631
0,47.9809,-122.188042
0,40.03500800000001,-76.303105
0,34.421874,-82.58320400000002
0,35.75206,-78.7072
0,40.100695,-78.922004
0,28.35247,-81.52687
0,42.24334,-85.5646
0,33.766199,-117.932981
0,29.053038,-81.05521
0,46.905752,-95.352133
0,47.612961,-122.337898
0,40.725317,-111.904637
0,33.968678000000004,-81.309476
0,35.140231,-118.462346
0,34.236182,-117.424783
0,38.755574,-122.627779
0,43.256613,-77.609844
0,41.570644,-122.197562
0,34.428480863407,-119.73776936473972
0,32.22141,-110.945149
0,35.897068,-78.581115
0,34.77375626547445,-92.261735200442
0,40.82758,-73.93109
0,40.821135,-97.00624
0,34.98601,-85.20144
0,40.52396178,-74.34494376
0,34.15684819205209,-118.4169208997802
0,33.470910787422795,-81.4068353172235
0,42.974512,-117.055874
0,39.100309,-77.04228
0,38.77861618977175,-121.7749607557212
0,37.641247,-121.34291100000002
0,40.711824,-73.954833
0,34.347688,-119.423246
0,38.048968,-122.24763
0,44.92664,-123.22845
0,34.000953,-81.172358
0,35.646817,-118.458557
0,33.134531,-111.85503500000002
0,42.13241,-122.63335
0,34.473953,-118.54458
0,45.09478926637127,-93.44948172524714
0,38.64565,-77.33775
0,26.01657,-80.16736999999998
0,45.15939,-93.16343
0,33.929764,-118.343872
0,37.520612,-77.41111
0,41.23821,-76.80826
0,38.000994,-121.826549
0,33.917,-118.046745
0,40.577356,-75.85649699999998
0,38.527947,-121.469103
0,41.137174,-77.104509
0,45.296551,-93.789359
0,40.767184,-73.072897
0,28.543858,-81.382874
0,25.767817,-80.200356
0,34.084719,-117.300848
0,34.264732,-118.182724
0,27.828377000000003,-82.67694
0,43.88183,-92.49908
0,43.092476,-75.747101
0,35.27303338034023,-80.83211302718719
0,39.061731,-77.461253
0,25.941563,-80.189584
0,34.990241999999995,-85.204094
0,35.76300399999999,-78.701358
0,33.646770000000004,-117.74688
0,28.217052,-82.666
0,37.220467,-77.390989
0,34.69418,-79.8834
0,34.081901,-117.715678
0,47.230431,-122.460442
0,34.929074,-91.11234
0,38.768857,-120.382369
0,25.78423,-80.28893000000002
0,43.859806,-93.048357
0,40.70396,-111.93896
0,25.787231,-80.197039
0,47.621117,-122.282845
0,43.81899,-73.19362
0,41.98641,-72.89372
0,35.338912,-118.84319
0,35.827354,-78.316648
0,34.50713,-118.113145
0,33.949795,-118.092033
0,37.865206,-121.66765
0,38.912285,-76.934168
0,34.003217,-117.066023
0,37.833255,-122.26588999999998
0,40.685774,-95.780686
0,36.138193,-85.625511
0,33.917334000000004,-117.437588
0,40.590623,-111.938662
0,46.970724,-123.73323700000002
0,27.962467,-82.759834
0,33.916971999999994,-118.370207
0,29.545336,-98.579775
0,38.495974,-121.459161
0,41.04033,-73.76125
0,26.625849,-81.77635699999998
0,39.247439,-76.575847
0,39.693994,-75.624714
0,36.077075,-86.694672
0,39.022162,-77.168272
0,44.4511,-122.79506
0,42.066448,-88.192909
0,34.792724,-82.383887
0,34.146729,-118.78479
0,42.4665463,-93.5689795
0,39.2091,-119.804888
0,33.914223,-118.278343
0,34.06209111197442,-117.19299673978236
0,33.853123,-118.280396
0,33.896427,-118.051857
0,33.313462,-111.82421200000002
0,38.71207,-90.28808
0,42.949345,-78.702507
0,41.569768,-87.403178
0,37.976871,-122.5207
0,35.8360826967438,-78.89010786972574
0,42.66946,-77.06170999999998
0,35.217463,-80.87207
0,35.333966,-119.039705
0,36.24045253,-86.74513936
0,33.494946,-112.168888
0,27.321704,-81.341551
0,33.872776,-118.290924
0,37.88002,-122.298088
0,39.16524,-123.210602
0,47.46805,-92.52502
0,44.94842,-92.9094
0,43.05536,-83.76043
0,34.193909000000005,-118.479301
0,34.288331,-86.239257
0,30.217346000000006,-81.569074
0,44.30017,-120.72667
0,36.831428,-76.297162
0,34.052399,-118.224548
0,29.784081,-95.219102
0,28.655699,-81.226001
0,33.550713,-117.672691
0,27.298675,-80.415683
0,38.736017,-77.09505300000002
0,38.38316,-122.892156
0,33.505114,-112.112571
0,41.93739,-87.705088
0,38.465392,-121.371933
0,34.305131,-83.825701
0,37.825554,-122.30867
0,33.214388,-87.195137
0,37.777473,-122.236794
0,37.654227,-119.028825
0,32.923629,-97.060921
0,36.092121,-95.771162
0,33.511701,-86.79281800000003
0,28.158822,-81.687955
0,39.83529,-84.62925
0,33.928541,-98.522908
0,47.49052,-122.191971
0,36.67653,-121.627142
0,34.040512,-118.189255
0,42.44455,-83.20369000000002
0,34.199341,-79.8006
0,40.41118,-120.755378
0,39.601732,-121.662694
0,33.254197999999995,-87.123336
0,34.053219,-118.229225
0,40.630155,-75.472072
0,35.383511,-119.158367
0,40.80178,-111.4418
0,30.441595,-97.692047
0,34.279397,-118.869176
0,42.102434,-75.961704
0,42.326801,-83.085052
0,30.284768,-97.764276
0,35.10493,-81.703919
0,39.817971,-122.197292
0,36.60412700000001,-119.984979
0,29.157911,-82.558756
0,33.180816,-117.344376
0,40.32232403735961,-78.71411204300541
0,33.872710999999995,-118.284805
0,47.653037,-122.18684
0,39.028311,-104.836371
0,34.141141,-117.248615
0,42.748968,-73.69899000000002
0,45.88257700000001,-111.437821
0,42.97371,-78.91183000000002
0,34.190622,-118.120265
0,43.617243,-116.393559
0,30.320409,-81.681579
0,38.1415,-122.22905
0,33.596892,-84.014926
0,39.079324,-76.954904
0,35.276628,-120.711597
0,29.666337,-95.493345
0,38.12863,-77.51318
0,33.465255,-80.797347
0,39.465906,-122.19562
0,34.435989,-82.678276
0,32.704974,-96.74271
0,34.066714000000005,-117.235028
0,28.280029,-82.675789
0,34.49499,-81.84206999999998
0,34.771614,-82.34523
0,40.8326,-124.172806
0,38.967018,-78.434555
0,39.596377,-77.729232
0,40.59297,-73.90811
0,38.796018,-121.297484
0,27.097276,-82.12801
0,33.783707,-118.091508
0,36.757476,-119.66401
0,25.876562,-80.208229
0,25.958451,-80.17046500000002
0,33.7971,-84.48744
0,39.9711,-75.19312
0,38.054626,-122.524109
0,45.965604,-122.86789
0,36.224393,-119.333859
0,39.099662,-77.563142
0,28.325097,-81.339189
0,28.048138,-82.738662
0,34.796018,-118.859004
0,35.383540999999994,-119.120443
0,29.667884,-95.538195
0,38.58377,-77.330783
0,37.791733,-122.261643
0,36.153553,-86.848288
0,32.488976,-93.724434
0,37.49891,-79.74972
0,28.970612,-81.974062
0,25.868217,-80.243066
0,28.447071,-81.47086800000002
0,29.921236,-90.09574
0,35.313326,-77.928903
0,28.49821,-81.39695
0,40.781698,-73.785239
0,33.856937,-117.980721
0,43.06376,-123.62253
0,42.76606,-123.336301
0,34.792977,-78.81744300000003
0,40.862895,-76.796667
0,39.693459,-104.828835
0,34.055040000000005,-118.2569
0,33.988073,-80.21118299999998
0,33.870235,-117.470367
0,33.81205,-118.29501299999998
0,34.321616,-79.583398
0,46.6059,-122.907516
0,34.17595900000001,-118.1181
0,40.737123,-74.074906
0,34.033783,-118.274689
0,37.218178,-77.48249100000002
0,34.303421,-118.479546
0,38.354593,-122.713258
0,29.841006,-95.51502
0,36.963081,-121.998291
0,36.728137,-119.898765
0,25.882913,-80.232748
0,39.74936,-76.9501
0,37.47534,-77.514938
0,30.769423,-85.205232
0,34.307815000000005,-81.00058
0,40.532459,-74.224115
0,34.014995,-117.73876
0,47.546378999999995,-122.300484
0,34.027805,-118.451547
0,40.661419,-77.617858
0,28.676372,-81.38829799999998
0,38.608671,-121.42932
0,47.918217,-122.209084
0,40.4383,-85.01529000000002
0,30.397525,-91.084383
0,36.445544,-119.798172
0,35.949852,-120.877882
0,28.508249,-81.39279
0,34.05301,-118.22875
0,44.88965,-93.350449
0,26.023531,-80.167479
0,32.699142694317345,-96.49584889365912
0,39.93082800000001,-86.276267
0,37.770184,-122.418777
0,47.46218,-122.29048
0,34.087418,-117.670006
0,33.988961,-118.340641
0,45.585,-122.77123
0,42.08725,-71.42466999999998
0,39.30520892124508,-76.74910426103234
0,44.336881,-92.003807
0,38.249283,-122.056114
0,41.568819,-78.689712
0,32.937984,-80.662834
0,33.87252,-117.664993
0,39.608337,-105.954461
0,25.908647,-80.16985
0,40.4445,-74.50036
0,40.090453,-75.389549
0,40.72966,-74.14686999999998
0,33.730806,-117.39884
0,45.54519000000001,-122.391809
0,41.548284,-72.782251
0,41.551609,-87.79633299999998
0,33.746733,-84.430894
0,36.864141,-76.195195
0,34.085262,-84.68826
0,25.8078,-80.20571
0,40.834358,-73.864632
0,32.337028000000004,-111.066683
0,33.646869,-79.059361
0,33.94583,-118.09412
0,45.599623,-117.579041
0,36.1396229265397,-85.79018712002853
0,33.831589,-118.287262
0,40.3475,-76.779666
0,32.984632,-117.254917
0,37.877796,-122.307167
0,42.789932,-74.015999
0,37.319973,-121.901451
0,36.73651,-77.520185
0,37.25742,-121.858795
0,42.4084,-83.08065
0,33.987476,-118.137558
0,32.98395,-117.254451
0,34.709331,-79.763008
0,25.564852,-80.341179
0,34.048653,-117.663432
0,35.290326,-118.747524
0,41.145575,-78.76355799999997
0,40.087255,-75.45604300000002
0,39.422025,-120.035072
0,38.873161,-121.131432
0,33.873684000000004,-118.010002
0,30.456747,-91.184727
0,33.886186,-118.032699
0,36.48873,-119.492366
0,26.723695000000006,-80.09163000000002
0,44.696449,-117.693732
0,40.082752,-75.393126
0,34.723168,-87.816561
0,36.921506,-119.793956
0,43.75367,-123.139254
0,39.800136,-84.194424
0,33.958518,-118.239679
0,38.460826,-121.324017
0,40.759282,-73.95815400000002
0,41.120526,-73.373995
0,37.701576,-121.872177
0,44.543241,-93.753365
0,37.701161,-121.85436599999998
0,34.047112,-117.30864
0,35.817248,-80.860573
0,30.494973,-91.140711
0,28.363791,-80.82080400000002
0,33.665995,-117.854199
0,35.800976,-78.63812
0,29.820795,-95.501948
0,45.04537,-122.97522
0,35.174282,-80.870396
0,39.747741,-76.804294
0,38.671027421766894,-121.54984831752036
0,34.293447,-80.48733100000003
0,28.7287,-81.37293199999998
0,33.949721999999994,-118.09185
0,37.878898,-78.02485300000002
0,35.91435,-89.877274
0,33.581942,-112.144603
0,35.134746,-81.100289
0,34.2742,-118.59077
0,25.753506,-80.39669
0,47.674181,-117.224154
0,38.410621,-121.483466
0,34.028090999999996,-118.230438
0,29.48191,-81.18589899999998
0,39.947307,-76.665906
0,32.925134,-96.78748
0,34.126326,-118.344566
0,39.26433,-76.589881
0,29.631079,-81.97753900000002
0,37.362747,-121.887878
0,29.992924,-90.04843000000002
0,29.631139,-95.482049
0,30.439672,-81.588328
0,45.609759,-121.533358
0,34.93679,-82.07669
0,33.050158,-80.171763
0,37.606941,-120.974181
0,42.993683,-118.079346
0,43.06786,-87.92055
0,40.18347144,-74.61835742
0,39.889811,-75.21949000000002
0,37.760708,-122.40647
0,33.669372,-112.089718
0,38.639542,-122.594559
0,33.635571,-81.762675
0,27.931001,-82.78749599999998
0,25.838375,-80.249639
0,29.708341,-82.984403
0,24.624298,-81.600898
0,40.739968,-123.252398
0,44.865498,-93.060091
0,37.75015300000001,-121.138657
0,37.50456,-121.96379
0,44.45186,-94.7189
0,41.956753000000006,-87.87999
0,38.540019,-121.356482
0,32.730624,-96.682857
0,45.002063,-122.998126
0,42.22087740878,-83.44600081403995
0,34.360975,-118.50571200000002
0,33.406816,-112.521499
0,34.153574,-118.36149
0,34.029499,-118.224541
0,33.482205,-112.023698
0,35.123151,-118.407543
0,34.173799,-118.84925
0,30.869023,-82.012475
0,37.863266,-122.035553
0,38.492545,-123.009313
0,36.788483,-119.856287
0,38.554211,-121.689451
0,40.349103,-75.961725
0,39.296797,-76.818391
0,42.961312,-73.801536
0,43.228127,-70.905937
0,37.700855,-121.81778
0,36.96125,-121.550941
0,25.727776,-80.436401
0,37.2495,-121.959633
0,45.99126,-118.389492
0,36.86631,-121.403618
0,33.023990000000005,-96.710103
0,37.62864,-77.598129
0,38.195133,-120.828766
0,39.73745200000001,-86.04313
0,33.446649,-80.820195
0,33.721718,-84.39520999999998
0,38.639034,-120.944402
0,32.73834586127882,-97.4782025809408
0,38.602271,-90.406202
0,35.18243,-80.88745
0,40.609286,-74.465468
0,41.496059,-94.470926
0,36.033259,-78.97550600000002
0,45.892978,-94.331717
0,38.523682,-122.496391
0,30.417977,-81.565836
0,29.699119,-95.399134
0,26.3082,-80.11865999999998
0,33.851883,-117.875558
0,26.559158,-80.172954
0,35.09442,-81.0051
0,30.397262,-87.250979
0,42.35212,-83.21625
0,40.130391,-76.79511
0,34.145274,-117.278754
0,33.433376,-112.037392
0,42.400624,-122.186221
0,40.85956,-73.97537
0,34.002681,-117.37946
0,32.374895,-90.148283
0,25.963413,-80.20699499999998
0,32.81372,-96.79028
0,35.67645,-80.41872
0,34.51077,-82.68769
0,39.48828577976471,-75.07195115053621
0,37.700802,-121.92276
0,30.412248,-81.657074
0,34.067875,-118.029144
0,33.941981,-80.519913
0,34.185779,-118.473832
0,32.826442,-117.198944
0,27.041863,-82.300111
0,33.907765999999995,-84.231498
0,41.251138,-122.136276
0,39.642158,-78.796337
0,43.70832,-123.21763
0,37.881136,-122.526533
0,39.95907800000001,-76.743927
0,38.019615,-78.429626
0,33.852843,-118.279659
0,35.331203,-83.601237
0,25.68417906748923,-80.35395026168653
0,35.909618,-84.128934
0,42.984442,-85.639898
0,40.73825,-73.83675
0,34.007061,-117.912727
0,39.088173,-122.794044
0,37.705239,-122.10841200000002
0,38.572874,-121.335541
0,40.430163,-79.874257
0,34.06392,-117.8148
0,37.433096,-120.813055
0,33.395468,-86.806155
0,33.971453000000004,-117.846726
0,33.75566,-84.46703000000002
0,34.070709,-117.611468
0,40.71803,-73.795604
0,39.24006342869167,-76.61113142930691
0,39.403656,-77.378929
0,33.414818,-117.086318
0,40.63084244708714,-77.58331418000421
0,32.148610999999995,-110.959491
0,37.35294,-121.864548
0,33.883948,-117.525285
0,25.734822,-80.339763
0,34.681718,-83.12304
0,32.67371,-117.08305
0,27.713332,-80.543356
0,44.298992,-121.562417
0,42.242302,-83.327606
0,28.330577,-82.559106
0,32.758249,-96.661798
0,30.436927,-91.084538
0,37.594855,-120.990536
0,38.47478,-121.386239
0,40.848392,-73.937005
0,27.726945,-81.004313
0,38.20814,-122.15354
0,37.892591,-122.159524
0,25.924444,-80.30929
0,34.275146,-118.536369
0,37.634544,-122.086395
0,28.35673,-80.79274000000002
0,33.721046,-117.839119
0,38.957165,-94.540776
0,35.978626,-119.956959
0,33.525534,-117.719716
0,46.8784153459221,-99.47192072820911
0,38.654124,-121.380493
0,26.614239,-81.655301
0,35.370147,-119.070008
0,37.180536,-77.492228
0,32.76268,-96.77526
0,33.50155,-81.96955600000003
0,39.906331,-75.276916
0,28.196657895907418,-81.70973181685586
0,39.556908,-77.613026
0,41.579735,-87.432693
0,25.604813,-80.364912
0,35.038329,-120.558932
0,34.034713,-118.338296
0,40.855194,-76.811908
0,44.46012,-91.09393
0,35.331681,-83.594747
0,44.15706,-121.26117
0,42.396826,-73.824031
0,34.690912,-80.257272
0,38.27243,-122.670288
0,30.215352000000006,-81.760865
0,34.619895,-80.50328
0,30.418587,-91.189851
0,35.912484,-78.782096
0,40.78087449,-76.4470017
0,25.988148,-80.165745
0,35.132292,-90.493876
0,29.116178,-82.096944
0,34.502887,-81.630119
0,34.169449,-118.30336
0,34.069817,-118.261299
0,30.404158,-91.096991
0,34.730101,-92.330492
0,30.562694,-87.287102
0,45.00528900000001,-122.996824
0,38.290239,-85.64264399999998
0,34.15382266,-118.34089637
0,29.68045,-95.38746
0,33.847767,-117.962456
0,32.964488,-117.247134
0,41.342768,-74.117195
0,34.186695,-118.474022
0,38.952637,-76.862379
0,34.038313,-118.44106
0,38.18533301335247,-78.40115189514923
0,44.88976120927385,-93.2918751235328
0,37.825424,-122.304626
0,34.068661,-117.366
0,37.530444,-77.518211
0,25.962998,-80.15742900000002
0,35.18127,-85.2467
0,30.690363,-86.03235
0,41.10643,-73.415526
0,41.64761424044777,-75.71868538820401
0,33.540734,-81.946282
0,28.555708000000006,-81.46970300000002
0,33.936444,-118.044178
0,35.054594,-81.992393
0,29.75869,-95.37432
0,34.03615,-118.03961
0,32.602522,-81.168426
0,34.350679,-118.379052
0,39.99661500000001,-81.566148
0,37.83847,-122.29467
0,40.721999,-74.002987
0,34.08153176,-118.22466016
0,38.097897,-84.48217
0,40.019835,-75.148889
0,40.57994,-75.70498
0,33.401857,-80.918952
0,28.333144,-82.323864
0,38.675423,-121.077838
0,35.54179,-97.45955
0,40.501788,-78.407087
0,33.59195351584629,-84.38531041105087
0,37.985538,-122.314461
0,36.160274,-86.778953
0,37.787089,-79.39916
0,38.94165,-94.81975
0,27.596261,-80.819098
0,33.530172,-86.801907
0,28.660091,-81.48413599999998
0,39.770173,-76.590858
0,34.77122,-82.46755
0,40.687361,-74.273639
0,26.318789,-80.116392
0,39.985805,-75.258135
0,39.116949,-121.583302
0,33.605587,-117.171381
0,34.791584,-120.333029
0,33.808929,-118.287508
0,34.14305,-118.74353
0,40.882734,-124.081091
0,33.940926,-118.309022
0,37.42564,-122.098442
0,34.647559,-87.653559
0,34.043301,-117.800774
0,40.18272,-76.463888
0,40.847934,-73.935634
0,37.650406,-77.47211899999998
0,44.198039,-93.679787
0,36.779532,-119.763527
0,33.22432,-80.59415
0,29.432969,-98.499328
0,39.410823583414974,-74.54784750902867
0,38.385632,-122.34928899999998
0,33.998955,-117.353897
0,32.350164,-95.280328
0,41.151499,-78.872467
0,27.28401400000001,-82.489293
0,38.023247,-121.966591
0,37.434641,-77.473035
0,40.747215,-73.848838
0,36.808461,-119.785426
0,45.686141,-121.40091
0,33.747878,-117.843231
0,33.83789,-84.32300500000002
0,34.289772,-118.467728
0,44.17523,-121.24862
0,40.7243,-111.77286
0,33.883781,-117.528699
0,41.336694,-74.540391
0,37.781825,-122.397077
0,40.689905,-73.630859
0,34.692578000000005,-92.391816
0,34.078665,-118.227832
0,26.03343,-80.16435
0,38.216904,-122.137833
0,33.575913,-81.747538
0,37.825396999999995,-122.304802
0,33.923618,-98.503293
0,34.315814,-118.440478
0,40.6305,-73.88601
0,38.676685,-121.456894
0,34.789488,-92.39017
0,35.621004,-82.57388399999998
0,34.496466,-118.217799
0,38.640461,-122.596573
0,37.95290900000001,-120.63278400000002
0,32.839661,-96.776977
0,25.98405,-80.34800600000001
0,35.82673300000001,-119.232524
0,32.857246,-117.113914
0,33.768657,-117.977896
0,30.061025,-81.876522
0,38.0578,-121.259628
0,32.908144,-96.927928
0,33.913765000000005,-118.112274
0,44.93484,-123.22847
0,40.8317,-111.91585
0,37.804214,-122.233566
0,40.738944,-74.067336
0,33.80632,-118.140579
0,39.974945,-75.116733
0,43.206186,-75.456344
0,44.644677,-95.80849
0,34.732598,-79.96575
0,33.941025,-117.235246
0,33.781091,-117.992753
0,42.012379,-87.868378
0,42.169939,-122.641046
0,47.79183,-122.31661
0,41.95664763430615,-76.99586749040128
0,33.688007,-117.909279
0,29.91542,-97.89653
0,38.150928,-122.449127
0,33.480271,-112.202112
0,33.7967,-118.107796
0,41.00826144198891,-76.25806689226026
0,34.327256,-117.398499
0,33.701678,-117.954414
0,43.121447,-77.628099
0,34.030505,-81.096161
0,38.65749,-121.350548
0,41.972665,-77.200131
0,39.148829,-123.196534
0,41.814734,-78.404561
0,38.374825,-120.634879
0,38.657719,-121.363426
0,37.75634,-122.392486
0,27.09946,-82.1975
0,34.018852,-117.724197
0,30.491912,-87.256041
0,39.852057,-85.25239300000001
0,40.03664600000001,-76.455206
0,44.411519,-123.981328
0,40.630051,-111.861715
0,37.601662,-77.57673199999998
0,43.612021,-116.368434
0,33.789928,-118.207939
0,30.463027,-97.56822
0,32.525841,-93.69652
0,38.683311,-120.912125
0,43.122111,-83.76326
0,34.875492,-120.44268
0,37.795323,-121.242765
0,29.740751,-95.360019
0,39.9837434289933,-75.09746432268574
0,41.050304,-73.81061600000002
0,35.771484,-78.650407
0,45.036059,-93.342665
0,42.964462,-78.767574
0,39.696961,-86.182197
0,34.630762338473176,-82.60490298231791
0,36.748535,-119.800737
0,34.253587,-119.067952
0,35.986908,-78.685787
0,34.066466,-117.509765
0,39.799192,-105.034736
0,33.845551,-117.958618
0,33.385609,-117.583092
0,28.039923,-82.76009300000003
0,42.990987,-83.74077700000002
0,37.979099,-122.059021
0,41.01766,-73.84443
0,43.005613,-83.680409
0,33.85217070563387,-117.971652745638
0,33.99694,-117.854253
0,30.358887,-97.689401
0,40.38877,-74.38774000000002
0,37.6294,-77.565044
0,40.839149,-73.883878
0,42.319855,-87.880219
0,37.94826,-78.152924
0,36.88246607762869,-76.21676087343113
0,34.159804,-80.880652
0,34.012695,-117.437721
0,33.66845011695065,-112.17984080261144
0,33.064629,-117.068665
0,40.844704,-73.92489599999998
0,34.860674,-78.062565
0,43.03088,-71.151395
0,32.940438,-117.1521
0,36.928328,-120.838127
0,42.37933,-83.20623
0,38.378313,-78.980807
0,42.425247,-73.805699
0,28.725807,-80.89316600000002
0,33.235135,-87.612895
0,37.825237,-122.305832
0,33.688847,-80.191772
0,37.348573,-121.840036
0,45.616741,-123.389705
0,33.974734000000005,-118.231518
0,33.180698,-117.344742
0,37.425061,-120.77438
0,30.03001,-89.993177
0,34.034382,-117.981163
0,40.670118,-74.28309
0,33.724609,-84.393623
0,37.787244,-122.180338
0,38.836703,-76.993189
0,30.407162,-81.564635
0,37.740532,-121.584595
0,33.331144,-117.159089
0,34.067302000000005,-117.549329
0,40.007493,-75.19191
0,36.245835,-120.315288
0,43.6526,-93.32158
0,34.08563400000001,-117.418291
0,40.491835,-75.62431600000002
0,41.055256,-74.065338
0,32.6622,-96.857009
0,29.58996,-95.102918
0,40.595018,-111.435898
0,35.141919,-82.08455
0,43.304476,-124.211866
0,41.053215265078286,-77.19306349717523
0,37.799725,-122.223801
0,34.061924,-117.191698
0,36.16390300000001,-86.69907099999998
0,40.740639,-73.90065799999998
0,36.1495363710587,-83.24869751890542
0,41.14435,-75.9631
0,32.813132,-96.813383
0,29.82066,-81.376901
0,26.00223,-80.1671
0,39.241137,-76.67005
0,25.840841,-80.321248
0,30.230158000000007,-97.714067
0,34.03071999533638,-117.58809685651022
0,39.530923,-119.785321
0,36.753741,-119.728134
0,42.430397,-83.21929200000002
0,34.794798,-82.38714399999998
0,33.98785,-117.949059
0,29.997578000000004,-90.161265
0,40.674896,-73.801479
0,44.965105,-93.287664
0,34.03265,-118.263847
0,38.669458,-121.318394
0,36.15313,-86.76451999999998
0,39.157429,-76.654862
0,38.155657,-122.251535
0,36.141032,-86.658982
0,47.162411,-122.479858
0,34.412731,-119.70266
0,38.797949,-77.586189
0,30.43334126457961,-83.46065640409726
0,38.694996,-121.35621299999998
0,40.180789,-122.224791
0,34.054878,-118.257164
0,34.033306,-118.18698899999998
0,32.265128999999995,-110.910433
0,33.991758000000004,-118.067657
0,28.196572,-82.546538
0,28.22454,-81.320426
0,34.492166999999995,-118.28368799999998
0,35.91576,-78.594696
0,25.728076,-80.44769000000002
0,35.805116,-78.618421
0,41.04147,-76.87123000000003
0,33.638571,-112.355024
0,40.722981,-112.045023
0,40.739201,-73.952539
0,40.35212874393295,-76.7630302902376
0,43.061066,-76.564499
0,34.035333,-118.370486
0,32.785443,-96.804058
0,47.198258,-122.208164
0,45.70367,-118.68282
0,33.852843,-118.279659
0,37.700089,-121.068474
0,33.97572,-117.331197
0,36.875959,-76.198538
0,40.845345,-73.91350600000001
0,35.789433,-120.112119
0,33.876553,-118.170854
0,27.847241163121,-82.66356825789134
0,34.00584,-118.172516
0,28.135673,-82.463348
0,38.917897,-76.928876
0,41.227162,-76.988394
0,41.87548,-87.64197
0,32.98395,-117.254451
0,42.63755,-73.75612
0,34.026855,-117.119331
0,40.927904,-74.143105
0,38.927339,-77.429805
0,41.742306,-72.735618
0,39.10158,-84.52348
0,34.159658,-118.466142
0,29.42865014,-98.50087523
0,33.998562,-118.176178
0,41.10628,-73.80725699999998
0,35.337864,-119.039477
0,47.228901,-122.374786
0,37.944382,-122.514839
0,41.636627,-88.01232900000002
0,41.29459261874535,-72.78936982120138
0,40.88037,-73.94836
0,48.502593,-113.110284
0,34.274035999999995,-118.426895
0,32.970419,-80.026914
0,42.935599,-85.663374
0,38.668109,-121.337052
0,46.87229990936818,-113.98370146697052
0,43.110751,-123.51811200000002
0,37.28582,-120.45391
0,33.139235,-80.15549
0,32.697254,-117.137228
0,46.255417,-113.520682
0,34.147087,-118.37023899999998
0,40.11221,-83.02622
0,35.817499,-78.705081
0,26.546178,-81.830454
0,36.120641,-95.91729
0,40.768922,-73.059157
0,34.494264,-118.385619
0,36.420309,-118.920474
0,38.563988,-121.308089
0,39.465908,-122.195959
0,38.796554,-77.336851
0,34.058521,-118.177696
0,41.33034110049567,-72.87841916049538
0,32.704786,-117.120748
0,48.502593,-113.110284
0,25.643948,-80.334187
0,33.864585999999996,-118.324974
0,38.035105,-120.649811
0,37.182398,-93.308753
0,30.35515,-97.683215
0,33.973746999999996,-118.381569
0,35.381738,-111.580892
0,37.815016,-122.251278
0,40.85205300000001,-73.92125300000002
0,40.534836,-122.342875
0,33.56837,-117.181
0,38.7601,-120.84699
0,35.664187,-78.795849
0,40.2564,-74.55178000000002
0,32.276641,-90.178238
0,40.804489,-74.07019
0,34.152229,-118.282402
0,29.686875,-95.378699
0,33.747768,-116.916725
0,36.703598,-78.008782
0,35.052738,-80.76861600000002
0,34.740990000000004,-82.436975
0,40.770462,-73.916883
0,41.854422,-73.306166
0,38.03144,-121.258251
0,44.00263,-92.4834
0,36.132815,-86.887097
0,40.886583,-77.47487
0,33.46436,-112.03847
0,34.025581,-118.205872
0,37.052166,-122.070435
0,36.133514,-95.871304
0,32.692404,-96.749964
0,35.24038,-80.93918000000002
0,33.451963,-86.742997
0,33.96107,-118.25587
0,38.413609,-121.945045
0,43.215152,-123.241169
0,35.102134,-90.076063
0,34.0372,-118.3053
0,34.430326,-117.377361
0,36.85922,-120.340968
0,34.180861,-118.396278
0,36.743712,-121.374581
0,29.887021,-95.424211
0,33.183527000000005,-117.29133
0,34.06812,-84.610959
0,33.027526,-96.990061
0,36.109131,-86.925812
0,32.797528,-117.171682
0,34.155045,-118.310867
0,38.794409,-77.053674
0,35.38,-119.044444
0,33.953309999999995,-81.153552
0,44.82528,-93.171712
0,40.722979,-111.986465
0,32.428475,-93.85913
0,32.782392,-96.805764
0,39.30858,-120.71811
0,42.947247,-85.661546
0,34.144906,-118.212516
0,43.939079046039865,-76.09741330110501
0,39.736466,-121.670563
0,34.2289,-119.169994
0,42.669303,-93.458936
0,33.732585,-117.989329
0,33.886138,-98.528178
0,34.144256,-117.278673
0,37.31460300000001,-122.293757
0,40.26547,-82.90898
0,27.587811,-81.768488
0,41.818374,-87.914088
0,36.131334,-115.24306
0,41.118336,-101.692268
0,34.32770900000001,-119.290903
0,34.0534,-117.781337
0,45.300653,-93.79787
0,34.018441,-118.28006299999998
0,38.106438,-122.190666
0,42.40818400000001,-83.080627
0,34.496541,-118.622521
0,40.60945,-111.953875
0,46.41834,-92.755193
0,37.217042,-112.976099
0,41.296657,-123.560174
0,29.729776,-95.355739
0,34.14472460730484,-118.16775441113391
0,40.638431,-122.242354
0,37.827419,-122.28113700000002
0,34.073578000000005,-117.078865
0,37.172829,-121.99218
0,25.715459,-80.36690300000002
0,37.13219,-77.519477
0,34.147818,-117.321384
0,34.134949,-117.536851
0,39.18786400000001,-120.82935
0,39.077149,-94.595969
0,34.141490999999995,-118.01796000000002
0,34.422343,-118.429602
0,33.87645,-118.072662
0,38.160064,-121.242234
0,30.743808,-85.873168
0,38.359196,-121.344431
0,33.841246000000005,-117.87595
0,33.72029000000001,-84.50253000000002
0,25.988878,-80.16583
0,33.660607,-117.384261
0,44.420996,-121.866307
0,34.114906,-117.977978
0,33.859749,-118.301041
0,41.652317,-85.94032
0,34.36046,-81.466362
0,41.474344,-81.69694100000002
0,41.326345,-74.112629
0,37.011324,-76.32295400000002
0,33.972543,-118.217629
0,35.091201066803485,-85.73680043179634
0,34.544973,-82.57239399999997
0,38.771796,-121.251335
0,32.664713,-97.331589
0,33.463897,-112.012917
0,26.088207,-80.168542
0,39.958522,-76.69184200000002
0,40.092423,-75.11803
0,34.038456,-118.27401
0,33.100798,-81.99809599999998
0,35.107496000000005,-118.914679
0,33.567609000000004,-112.099516
0,39.67873,-104.82898
0,28.225999,-82.443764
0,34.018081,-117.533615
0,33.901609,-117.467397
0,47.587291,-122.32043600000002
0,45.739062,-123.199682
0,35.717765,-119.258619
0,38.288716,-77.50862
0,40.664251,-79.68887099999998
0,39.644888,-86.416719
0,38.663984,-121.225659
0,47.14706,-122.50443
0,37.266555,-84.426075
0,33.790569,-118.282181
0,33.814335,-117.877182
0,39.9026978013997,-74.21220660174271
0,33.754318,-117.189423
0,33.241289,-97.176709
0,41.28791,-72.53368
0,43.976258,-94.592857
0,40.65675,-73.66136
0,36.579761,-121.720723
0,30.373688,-97.701748
0,39.019136,-76.95908399999998
0,39.0161,-76.97769
0,33.517332,-86.79688
0,39.850705,-75.09666999999997
0,43.180267,-83.534977
0,27.816342,-82.664877
0,40.08397,-75.16239
0,27.598546,-80.505913
0,39.345206,-76.494916
0,32.751875,-117.161822
0,32.797672,-97.212332
0,35.84189600000001,-78.567131
0,42.406078,-83.161507
0,42.329273,-83.059242
0,39.06055,-78.139622
0,25.860938,-80.18113100000002
0,39.32407022,-120.56459784
0,30.652137,-84.449213
0,34.177611999999996,-117.882179
0,38.310802,-77.651223
0,34.03174996359809,-118.38917612973027
0,37.99051400000001,-122.310454
0,34.010345,-118.28073899999998
0,32.80104517921065,-96.81619048072426
0,38.43902707081585,-81.8297016616734
0,40.583396,-73.983476
0,37.318314,-121.889544
0,34.338039,-118.514648
0,32.209674,-110.798395
0,34.523121,-117.323857
0,33.846610999999996,-118.20561200000002
0,30.42227,-86.927058
0,33.758086,-81.168757
0,40.26222,-74.42045
0,45.52555,-122.6607
0,35.27783989889489,-80.79694390258409
0,30.298535,-81.878312
0,38.889380693250224,-77.0628368850848
0,32.34977,-95.340622
0,40.148012,-75.306578
0,42.19514965990927,-79.8209202285775
0,38.77063,-90.23478
0,40.691647,-73.999302
0,28.381169,-81.507044
0,33.470032,-116.953445
0,40.083488,-74.760773
0,42.523737,-122.833103
0,33.918749,-118.035441
0,40.68689000000001,-73.614586
0,39.399615,-77.409194
0,25.727146,-80.37808199999998
0,34.460382,-79.33864
0,28.676776,-81.505338
0,45.425587,-118.354526
0,32.568020000000004,-117.031586
0,35.140183,-118.46208
0,27.98693060861593,-82.32655405958974
0,25.877822,-80.222401
0,40.228376,-75.275315
0,38.302709,-122.48306200000002
0,33.823717832404014,-84.35280203779051
0,31.83778882,-103.12176347
0,38.61885,-77.297951
0,31.758717,-106.355799
0,38.510368,-121.45533799999998
0,37.694393,-121.920235
0,35.430582,-82.530038
0,34.060631,-117.545181
0,34.024231,-118.276167
0,33.455675,-112.037061
0,48.196308,-124.100182
0,37.823151,-122.317577
0,30.512135,-91.174062
0,37.588273,-77.477522
0,29.559502,-81.222561
0,39.02035,-76.97677
0,39.95907800000001,-76.743927
0,40.88387,-73.2878
0,37.576904,-122.044922
0,35.25782299999999,-81.010801
0,33.590672,-117.752031
0,40.255615,-79.84577
0,41.871319,-87.91812900000002
0,33.925819,-118.209061
0,30.163501,-81.51035
0,29.627712,-95.234153
0,33.51359,-112.11242
0,29.596489,-82.081849
0,37.03312039357647,-122.02260374964705
0,25.899578,-80.21536800000001
0,37.969532,-122.04673
0,30.602441,-87.073766
0,33.908904,-80.335976
0,33.84961,-83.91743100000002
0,30.26214,-97.758057
0,36.170071,-86.596738
0,34.013489,-81.143742
0,45.587049,-94.366303
0,38.53548,-122.490342
0,45.057233,-93.287141
0,37.742415,-121.531576
0,39.076326,-94.680395
0,44.96602100000001,-93.247715
0,37.602474,-122.38044
0,33.6023,-117.68637
0,39.79766,-82.28461
0,44.273077,-88.467389
0,34.260533,-119.227667
0,35.027665,-80.830621
0,38.816145,-78.59133100000003
0,39.98670300000001,-75.257
0,47.918217,-122.209084
0,32.513989,-93.728434
0,44.238907,-121.472296
0,36.13914000000001,-86.775889
0,34.490772,-118.133133
0,45.559047,-108.858193
0,33.620701000000004,-117.583083
0,40.748989,-73.896355
0,35.804003,-78.69385600000003
0,33.783044,-117.881105
0,44.465243,-93.931582
0,41.331342,-74.546875
0,48.718077,-95.764502
0,32.64546,-96.85625
0,37.313851,-80.056675
0,34.003008,-118.065271
0,34.12635683997093,-78.97576689682495
0,40.593059999999994,-74.273987
0,33.385938,-111.87379
0,38.894044,-76.912297
0,48.059127,-115.95781
0,34.033218,-118.147027
0,40.678273,-122.943597
0,33.956433000000004,-117.306314
0,28.538308,-81.475726
0,41.92687,-72.24678
0,37.349777,-121.861732
0,47.58147,-122.694931
0,34.072078999999995,-118.07309
0,34.3298,-119.385841
0,43.017711,-74.993563
0,39.494549,-77.96352900000002
0,40.52092,-80.064503
0,33.56777071936813,-117.21033453885454
0,33.959837,-118.233386
0,39.890319,-83.76623599999998
0,40.976461,-73.69984000000002
0,44.65022,-122.85266
0,38.16312,-120.609333
0,33.407485,-80.659497
0,46.238303,-112.159622
0,47.077801,-123.020416
0,40.756284,-111.580663
0,41.235369,-73.045424
0,42.942873,-83.64845600000002
0,42.954704,-76.90038100000002
0,43.05093,-83.644386
0,41.339334,-122.339813
0,39.440109,-121.497123
0,34.155508000000005,-118.401024
0,33.610278,-112.133685
0,34.844203,-82.28163599999998
0,41.111558,-77.504286
0,28.608539,-81.425392
0,38.476063,-122.952761
0,38.343612,-122.612917
0,28.5336,-82.503869
0,33.850235,-117.875694
0,34.078476,-118.2286
0,37.638236,-120.906997
0,36.012718,-83.51566600000002
0,32.757119,-117.222068
0,34.250712,-119.142574
0,33.256626000000004,-116.958572
0,34.03685688956243,-118.2949984067998
0,37.546293,-77.435695
0,35.98132000000001,-83.93806500000002
0,33.877029,-118.142342
0,29.684508,-95.241841
0,38.510626,-77.377492
0,43.066215,-83.853673
0,44.22193400000001,-93.276296
0,41.859123,-88.040901
0,40.80682,-87.14972
0,47.861525,-122.248803
0,43.206406831535304,-77.6759684082142
0,34.153084,-118.369362
0,34.609691999999995,-120.087448
0,29.792004,-98.023853
0,40.2598,-74.72456
0,35.118473,-92.454789
0,42.406188,-83.075283
0,41.377505,-74.10324399999998
0,43.22557000000001,-71.50198
0,34.055695,-118.451965
0,37.327499,-121.878082
0,39.156018,-121.473053
0,35.786804,-80.23494699999998
0,35.560051202604484,-78.32995533905826
0,37.115088,-76.49414399999998
0,41.624863,-87.692024
0,37.135092,-122.100342
0,37.963623,-122.32696599999998
0,33.881909,-117.583555
0,39.016817,-75.46185799999998
0,40.708939,-73.819962
0,43.93426,-92.301693
0,33.812272,-117.305339
0,33.768192,-81.787696
0,40.977303000000006,-73.698433
0,39.775226,-121.947376
0,34.237777,-117.229957
0,38.724721,-86.672074
0,39.56903099994864,-76.67054772340455
0,37.896164,-121.641502
0,27.645855,-82.452414
0,29.319732,-98.533889
0,29.60752,-95.445914
0,40.99423400000001,-75.632355
0,40.6821,-111.98149
0,35.26756,-119.252899
0,36.191376,-86.787184
0,43.546415,-116.393774
0,36.649435,-76.355463
0,26.083979,-80.182542
0,43.536158,-88.401848
0,32.871340000000004,-96.898566
0,33.84689,-118.327279
0,33.63176,-84.39544000000002
0,38.617917,-121.392216
0,33.846634,-118.211716
0,35.837314,-78.6427
0,35.195538,-80.629436
0,33.939189,-117.152421
0,40.67916,-75.337726
0,41.04397,-73.7894
0,40.84751,-111.90726
0,34.114319,-117.920769
0,34.334346055820774,-118.50468277874704
0,45.4739677903868,-122.56576180399624
0,34.034199,-118.026787
0,36.837512,-76.100717
0,45.19572,-122.7887
0,38.589925,-121.803074
0,42.222561,-83.41484799999998
0,29.813352,-95.320766
0,35.94830800000001,-84.11418499999998
0,33.888213,-117.503282
0,26.00514,-80.16685
0,41.982295,-72.082165
0,35.919898,-78.750747
0,34.235333000000004,-119.176195
0,37.79876,-78.495111
0,28.794221000000004,-81.336776
0,45.106153000000006,-123.74251
0,29.781833,-95.335843
0,33.383787,-84.756404
0,36.148366,-86.780384
0,34.073761,-117.75222
0,45.42818,-122.33666
0,38.889501,-77.218029
0,34.048271,-80.986389
0,37.875401,-122.50985
0,44.812663,-123.397675
0,46.882451,-110.265599
0,33.193478000000006,-117.365058
0,45.367902517102394,-122.69828438700344
0,44.202526,-92.629666
0,34.626112,-120.117615
0,40.84526896457269,-73.9277637001327
0,40.478492,-78.84156999999998
0,32.484828,-93.911774
0,40.74977,-111.6051
0,44.99292,-93.40071
0,37.728593,-121.107906
0,42.828302,-78.791066
0,37.693305,-122.470613
0,35.33164,-80.74231
0,38.770651,-78.748485
0,27.573905,-82.498914
0,37.743958,-122.405594
0,33.969501,-117.549
0,34.716167,-83.152264
0,26.594844,-80.173507
0,40.350952,-74.614271
0,36.765965,-121.758381
0,30.451515,-81.61797800000002
0,30.434132,-97.770183
0,34.959351,-120.536484
0,29.586321,-95.195148
0,33.761404,-84.381169
0,36.410239,-82.482283
0,25.58208,-80.36601800000003
0,33.917320000000004,-118.020142
0,34.014498,-118.48646522
0,38.415017,-82.272363
0,45.39371,-122.74812
0,25.717852,-80.318492
0,41.76918,-87.62604
0,27.417444,-82.456583
0,34.004589,-117.400108
0,40.69429,-111.90261
0,33.543864,-86.786704
0,39.171656,-77.236099
0,38.68997,-90.25474
0,40.64105,-111.90326
0,26.10646,-80.2821
0,39.739795,-75.01469
0,34.688443,-80.634488
0,40.602303000000006,-74.057526
0,42.447932,-83.219923
0,44.81437800000001,-113.272478
0,38.399637,-81.898754
0,33.45943,-112.0076
0,37.940798,-122.324219
0,44.86196,-93.27105
0,29.93052,-95.20466
0,26.003338,-80.16682800000002
0,40.196926,-77.409139
0,35.816696,-78.61464699999998
0,38.72699,-121.175268
0,28.625597,-81.415109
0,33.908374,-81.64331
0,33.947734999999994,-118.291886
0,32.661564,-97.270883
0,38.85869,-77.22022
0,42.040901,-87.763191
0,36.978882,-76.423424
0,29.68089,-95.37319
0,40.006678,-75.19290699999998
0,34.020954,-117.746507
0,42.24576830843808,-122.7737724775182
0,43.165881,-76.308265
0,39.196847,-76.766527
0,34.073961,-117.617179
0,37.741723,-121.574194
0,37.59585,-122.225801
0,35.26484,-80.87575
0,38.494398,-122.124516
0,34.043814000000005,-118.173625
0,33.773319,-118.074478
0,33.450105,-86.817942
0,33.924904,-118.104218
0,34.753296,-92.373745
0,41.63839,-83.54571999999997
0,32.861708,-96.821244
0,34.081982,-117.710276
0,34.397858,-118.572319
0,28.5968,-81.307121
0,42.02945,-87.86537
0,26.52113556849231,-80.0728118415829
0,38.553687,-121.408959
0,33.684692,-84.56720899999998
0,38.45218300000001,-121.408176
0,39.07931,-94.49073
0,33.884131,-118.028819
0,38.686721,-121.378163
0,33.544494,-86.643573
0,33.78388,-118.09132
0,33.75258,-84.231948
0,38.344098,-85.794028
0,34.290885,-80.114509
0,41.855732,-74.058462
0,41.85348,-88.03923
0,40.208061,-74.707406
0,28.41624,-81.635911
0,48.454288,-114.485832
0,37.854172,-122.220558
0,37.452716,-77.424261
0,25.588787,-80.359162
0,29.439273,-98.451367
0,42.967476,-83.671823
0,34.47374600000001,-117.125333
0,38.296093,-122.034157
0,34.743061,-92.393549
0,33.831375,-118.0839
0,38.791919,-77.558594
0,34.446529,-119.957855
0,34.027522999999995,-118.274719
0,37.792623,-121.189947
0,33.631059,-117.167757
0,29.460101,-98.404066
0,40.84968924502921,-73.94211888278035
0,25.803649,-80.205873
0,34.024544,-118.23925
0,37.179697,-81.135953
0,39.403837,-76.796037
0,45.021143,-117.924545
0,33.945492,-118.300278
0,34.22482609732521,-117.4093115324144
0,25.755332,-80.201686
0,32.836564,-96.767922
0,47.708569,-122.320549
0,42.928139,-78.898651
0,45.463565,-122.698931
0,37.65543580037281,-77.6052868362541
0,35.331203,-83.601237
0,34.217603999999994,-85.17678199999997
0,40.035958,-79.58434799999998
0,32.837663,-97.193491
0,46.60866,-93.32806
0,41.79945,-87.63110999999998
0,30.412614,-91.051617
0,35.603129,-117.90224
0,37.808498,-122.366852
0,33.696789,-117.735585
0,40.70747,-73.675949
0,40.22751,-74.551413
0,38.661993,-121.536651
0,37.46291400000001,-120.811823
0,43.034523,-83.663314
0,37.850632,-122.02843500000002
0,41.87326,-87.61706
0,30.32128,-81.68431
0,35.209088,-80.912666
0,27.306854,-80.373176
0,41.223687,-77.061745
0,47.230492,-122.453682
0,29.966127,-90.07080400000002
0,47.04928278900599,-93.11484932855072
0,25.674485,-80.41482099999998
0,39.9493682382586,-78.23180794678579
0,29.816182,-95.485164
0,33.928495,-80.964585
0,47.598792,-122.181712
0,44.95185,-93.15679
0,43.29687,-123.35078
0,33.87484,-118.06291
0,33.916822,-117.289406
0,37.296821,-112.614081
0,34.942306,-120.417634
0,34.747811,-82.3441
0,25.804242,-80.321342
0,33.803396,-117.901834
0,38.48692,-122.404378
0,39.590818,-121.620324
0,42.61965,-71.28655
0,35.041385,-85.129972
0,43.075676,-83.694061
0,41.645626,-72.16100300000002
0,37.426056,-121.916779
0,33.931022999999996,-118.364853
0,40.766346,-73.863493
0,26.185679,-80.152299
0,29.081429,-82.185176
0,39.235879,-123.109821
0,34.365108,-118.503716
0,42.438372,-73.55485
0,30.543435,-91.05449
0,26.647148,-81.64795600000002
0,32.718406,-117.102941
0,30.16673,-81.55764
0,34.027531,-118.252045
0,27.564369,-82.564777
0,42.333157,-83.085747
0,43.4872663019014,-121.90866351069494
0,41.392292,-73.525416
0,37.96389600000001,-122.326448
0,28.37863,-81.40440799999998
0,32.750727000000005,-117.123255
0,35.266237,-80.84378000000002
0,33.931878999999995,-118.101587
0,44.883357,-93.102069
0,34.138709999999996,-118.364395
0,38.79078268986325,-77.1643745895521
0,40.624943,-74.146339
0,40.791182,-74.053439
0,33.90473,-84.47538
0,33.939304,-117.217625
0,43.039833,-83.773689
0,37.892872,-122.125
0,42.39726,-83.43128
0,37.712709,-122.121572
0,35.995942,-86.690787
0,37.52466,-77.603277
0,40.835168,-75.673103
0,40.122772,-75.352591
0,33.656262,-117.744544
0,30.553344,-91.036315
0,33.499966,-81.441799
0,37.80072569829081,-122.2803318494688
0,41.757428,-72.663174
0,45.109563,-93.468641
0,28.523252000000006,-82.232966
0,28.33683,-81.54235
0,33.892124,-118.265343
0,40.601344,-78.744893
0,25.78325,-80.34102299999998
0,47.228901,-122.374786
0,38.654124,-121.380493
0,28.650365,-82.054796
0,33.856766,-118.28453799999998
0,47.852699,-122.256142
0,37.323009000000006,-122.001037
0,39.64209437351397,-75.80801367723555
0,41.867141,-87.64450699999998
0,40.72897,-73.90979
0,40.533119,-74.300165
0,34.3294107912334,-111.0925161833234
0,42.464121,-83.431366
0,38.53813,-121.916434
0,34.273388,-118.590111
0,37.701393,-121.769829
0,31.957573,-89.849917
0,38.693708,-121.758588
0,41.799305,-111.83578
0,34.179485,-118.395103
0,34.030441,-117.672854
0,30.222359,-97.678023
0,34.824954,-82.412374
0,41.538735,-73.000782
0,39.438223,-76.34458199999997
0,40.537979,-88.949318
0,36.864098,-76.351536
0,40.373071,-120.474175
0,40.428987,-79.931483
0,37.537485,-77.4261
0,40.685928,-76.376953
0,33.99454,-118.17661
0,34.025291,-118.168248
0,32.500068,-93.75194
0,41.255261,-111.977922
0,39.61204,-78.80621
0,40.750582,-122.918278
0,38.967976,-77.39541899999998
0,40.038301,-76.31745699999998
0,29.478958,-82.602262
0,38.13559412938053,-77.50947833024257
0,38.679825,-121.339391
0,33.189337,-117.36374
0,34.30565,-119.129195
0,40.747389,-122.054396
0,44.44247,-118.80002
0,37.485367,-121.93885
0,34.236391,-82.461973
0,34.008077,-86.448076
0,34.03372407,-118.43672633
0,36.053042,-119.147919
0,41.291164,-72.92159000000002
0,40.42391,-74.57162
0,35.725208,-78.548119
0,45.16306,-122.530024
0,39.337206,-77.048889
0,34.400928,-119.31481200000002
0,30.314157,-81.65029100000002
0,39.072522,-76.906021
0,37.370849,-120.675987
0,38.700853,-77.407597
0,39.142866,-94.671089
0,40.732015,-74.045459
0,37.610214,-77.449048
0,41.694263,-87.659653
0,34.030015,-117.967741
0,42.487834,-82.917401
0,41.016308,-73.72430200000002
0,47.052383,-94.211524
0,34.589344,-118.287824
0,33.76621,-117.93115
0,37.966614,-122.048759
0,34.010232,-117.069258
0,45.467,-123.757395
0,41.429146,-73.31468100000002
0,44.76286500000001,-123.025475
0,30.522441,-87.278482
0,42.556904,-82.860443
0,33.108383,-117.094742
0,45.48626,-119.75368
0,40.38759,-74.3872
0,38.48437,-77.39264
0,35.20923300000001,-118.78801
0,33.936846,-118.041452
0,37.042367,-120.835721
0,37.833255,-122.26588999999998
0,34.073761,-117.75222
0,34.005855,-117.550168
0,42.908959,-85.676826
0,26.39013648020558,-80.09967684707594
0,28.60763,-81.30755699999997
0,40.898737,-124.083929
0,36.634436,-121.597892
0,30.298199,-97.719318
0,42.938314,-123.285795
0,37.720173,-122.396553
0,28.527606,-81.31036999999998
0,40.67367196,-111.95243239
0,42.392913,-87.92806
0,35.758249,-78.664472
0,41.966539,-121.957562
0,33.551828,-117.181452
0,39.9557840822222,-75.1806342598191
0,30.019665000000003,-81.482221
0,37.94826,-78.152924
0,30.007988,-90.100515
0,39.30666,-74.618324
0,41.19159579257397,-79.87424254379332
0,37.657974,-121.902954
0,43.166369,-77.694023
0,39.750457,-84.246753
0,34.13478970511372,-117.65622496548816
0,33.791123,-117.879921
0,33.44983,-112.3583
0,34.047024,-118.446587
0,35.167139,-80.888611
0,34.791212,-82.416726
0,34.411687,-117.391941
0,37.950764,-120.40301399999998
0,35.05157,-118.96577
0,34.689684,-81.992036
0,37.250462,-121.908371
0,33.876381,-118.102337
0,29.188031,-82.341503
0,36.360529,-82.694102
0,35.32697800000001,-80.563988
0,25.937674,-80.306839
0,43.03154826143727,-77.82733082734191
0,38.969607,-77.179346
0,32.656198,-96.979833
0,30.732881,-86.338959
0,33.521953,-86.826103
0,37.807938,-122.304504
0,42.378891,-83.206597
0,26.278191,-80.168856
0,33.921321999999996,-118.278252
0,44.65371,-83.70653
0,37.517699,-77.42605
0,34.69243168814329,-80.74149727782849
0,36.23764,-86.73649
0,45.583441,-118.64076
0,45.428251,-122.336968
0,34.038376,-86.111807
0,30.392382,-97.725531
0,42.35655426958868,-122.86597609461371
0,38.022778,-121.965698
0,37.78551220875842,-122.39141821802906
0,34.93574,-82.00945
0,33.705663,-84.199218
0,33.912918,-118.140831
0,26.161834,-81.69266
0,30.222062,-97.683058
0,42.37937,-83.21279
0,39.960104,-75.180624
0,36.634128999999994,-119.55661
0,43.637658,-95.753577
0,32.76268,-96.77526
0,43.163727,-77.575334
0,42.7262,-84.5292
0,34.046147999999995,-118.269335
0,39.272049,-76.818536
0,33.925049,-118.291527
0,37.804373,-77.461134
0,41.249631,-76.983356
0,33.729303,-78.950965
0,40.81375900000001,-73.93127
0,32.977041005931014,-86.68632388073593
0,25.99086,-80.16569
0,38.990989,-76.82855500000002
0,34.067262,-117.53694099999998
0,40.83297,-73.95014
0,37.841362,-122.29705
0,26.313118,-80.117245
0,37.808273,-122.367004
0,40.11972,-75.16073399999998
0,33.766209,-117.931152
0,33.930240999999995,-118.280624
0,40.738304,-73.801666
0,32.653612,-97.321489
0,42.448483,-75.03523100000002
0,33.685052,-117.605306
0,38.321067,-121.325491
0,33.890806,-118.361313
0,33.942364000000005,-118.09729
0,34.023354,-117.811737
0,38.563689,-121.514422
0,28.477819,-81.239694
0,39.559776,-84.232676
0,42.426258,-83.219255
0,37.450871,-77.445263
0,29.874519,-95.410627
0,43.695731,-116.713124
0,29.742361,-95.391237
0,33.825485,-118.207306
0,40.659039,-74.287094
0,38.880876,-77.221376
0,30.433274,-91.091338
0,37.515223,-77.488917
0,33.8537,-117.911157
0,36.032313,-79.80459
0,33.95778,-117.85988
0,40.804756,-73.793584
0,33.80595,-117.879814
0,37.315929,-121.829269
0,33.632896,-84.400795
0,40.93054,-75.64373
0,40.851963,-73.92109
0,33.813175,-117.912682
0,43.54118,-96.790896
0,28.446277,-81.499764
0,36.446855,-86.36090300000002
0,35.759017,-78.56091500000002
0,39.158717,-77.160598
0,25.941532,-80.188742
0,45.5483,-122.67861
0,44.9712,-93.46029
0,30.706098,-86.133514
0,30.193021999999996,-97.778816
0,45.14549,-122.88658999999998
0,40.610919,-111.938692
0,33.88015151007709,-117.56524443570343
0,34.153879,-118.275467
0,43.112004,-75.205363
0,44.203479,-93.812635
0,38.022095,-122.262703
0,34.023933,-117.335358
0,29.954481,-90.07078800000002
0,30.212836,-97.658494
0,33.807072,-84.379471
0,47.592106,-122.336166
0,34.022652,-118.167961
0,40.125902,-75.69238399999998
0,36.119308,-86.773517
0,34.068115,-118.02873999999998
0,38.927012,-76.9281
0,32.9957,-80.213211
0,34.01074000000001,-118.141517
0,40.032694,-74.968126
0,33.912987,-118.180145
0,34.153839000000005,-118.32589
0,41.72072,-88.03375
0,34.015570000000004,-117.087532
0,34.942707,-118.931412
0,25.912786,-80.341049
0,34.052587,-118.234132
0,40.491943,-76.220136
0,33.63342,-84.983728
0,38.664151,-104.702371
0,41.458006,-75.66388
0,33.8447,-117.82834
0,38.28595,-122.639397
0,34.023366,-117.749567
0,39.524715,-123.760829
0,40.645466,-74.203023
0,42.854393,-78.79108000000002
0,40.729655,-73.911085
0,27.584458,-82.540137
0,27.788281,-82.660728
0,39.079838,-120.959225
0,32.924963,-96.764155
0,38.006262,-79.154348
0,44.762449,-117.8094
0,25.743364,-80.30841099999998
0,43.59222000000001,-116.39371
0,39.93260979633363,-75.20013928377534
0,40.634849,-122.56086
0,37.681735,-121.099937
0,26.368249,-80.118623
0,42.093573,-86.407544
0,37.681992,-122.1054
0,40.023229,-76.279393
0,39.856117,-77.708801
0,46.155069,-95.020723
0,33.914655446844506,-84.3489396568091
0,35.720534,-78.54717
0,32.67693400367414,-97.0486414427898
0,37.538467,-121.927246
0,33.920071,-118.2696
0,35.157049,-78.718284
0,34.311844,-117.474694
0,34.082806,-118.227264
0,40.316055,-75.46242099999998
0,29.7843,-95.56055
0,33.28465,-86.80088
0,33.802818,-118.125183
0,41.603887,-72.704068
0,35.857995,-78.599357
0,41.769587,-77.35385
0,43.711928,-121.474231
0,34.069238,-117.841934
0,40.072099,-75.437453
0,33.386552,-111.762558
0,33.71149421,-84.21673894
0,32.770811319194934,-117.11242318097536
0,42.691848,-73.724597
0,47.230377,-122.44706
0,37.67511,-122.115184
0,33.90858292563482,-84.22896981199155
0,34.84242081625536,-82.28273749312265
0,38.16754460316578,-87.64546036678482
0,34.420628,-117.207291
0,34.096662,-117.301954
0,34.144187,-79.770454
0,37.495384,-121.923294
0,33.556995,-80.822404
0,33.875896000000004,-118.16858700000002
0,40.235694,-76.97322
0,47.46288300000001,-122.265076
0,33.8501,-117.875681
0,36.72402262670172,-118.14114689770632
0,34.12657142,-118.27317595
0,24.705981,-81.130832
0,37.249935,-121.908829
0,37.362751,-120.654065
0,34.127579,-118.27371200000002
0,33.901609,-117.467397
0,42.272022,-84.427132
0,43.250004,-77.61454
0,29.927938,-90.111495
0,37.709949,-122.124435
0,39.052583,-77.07471600000002
0,42.38082100000001,-83.093376
0,41.261861,-95.90892
0,38.537481,-122.724178
0,26.349798,-81.763758
0,38.761112,-121.259453
0,33.839131,-117.834057
0,28.540924,-81.498416
0,34.062588,-118.248718
0,35.90883200000001,-78.785389
0,31.9927,-81.274632
0,37.30699600000001,-76.686146
0,34.96268,-81.08551
0,41.651341,-93.768089
0,41.51597142199747,-112.06263899749727
0,34.134594,-117.956459
0,40.11255300000001,-75.3392
0,40.510676,-74.385879
0,40.018631,-75.04720999999998
0,29.025785,-82.18006
0,38.249882,-122.695353
0,37.2487699983728,-121.7814838880454
0,26.057327,-80.16233299999998
0,38.872343,-76.990138
0,42.343057393825795,-96.32929444267116
0,41.772693,-124.19244
0,36.72142,-119.78548
0,34.979503,-85.415021
0,35.30042,-80.80164
0,32.92077800000001,-97.31727
0,34.16527,-118.477819
0,33.70452,-117.953242
0,42.882889,-83.478101
0,36.553482,-112.176224
0,39.940633,-78.578248
0,39.436336,-121.430672
0,38.854761,-78.128299
0,38.226942,-121.189805
0,38.022095,-122.262703
0,39.889811,-75.21949000000002
0,40.680567,-73.695105
0,29.954191,-90.064684
0,43.142244,-77.440351
0,45.61916,-119.43684
0,40.75521,-124.190907
0,34.121445,-117.88876
0,32.61822,-83.64156
0,38.661156,-121.380096
0,27.69974,-80.90434
0,48.18196500000001,-114.41687
0,32.678026,-97.387162
0,34.126427,-117.916054
0,38.61856,-90.19079
0,28.404995,-80.71883299999998
0,34.075402000000004,-118.468467
0,47.198826,-122.250244
0,28.300781,-80.754762
0,34.048471,-117.158741
0,44.885018,-93.399452
0,34.541326,-114.35337
0,34.270626,-119.274565
0,34.031689,-118.418961
0,28.588963,-81.484943
0,40.90893300000001,-74.18098499999998
0,33.93921,-117.1369
0,37.775564,-122.405811
0,37.710613,-122.16687
0,36.378647,-119.026363
0,42.496286,-83.351479
0,42.9427,-85.67734
0,42.77816,-76.126432
0,34.237572,-118.18689
0,48.23981,-101.0795
0,34.064953,-118.000633
0,42.2947,-78.07421
0,35.885144,-78.627103
0,34.67485,-118.155472
0,37.620349,-77.512028
0,33.87081,-117.70334
0,35.279921,-82.401999
0,39.021133,-77.431663
0,27.512715000000004,-81.900187
0,28.754866,-81.878516
0,32.81792,-96.812509
0,34.301426,-118.421903
0,27.359664,-82.446064
0,37.339455,-121.852043
0,42.812611,-73.95179
0,33.345064,-92.53286
0,41.99015,-87.72863000000002
0,34.466804,-118.328088
0,41.532708,-73.087867
0,37.14633,-104.5195
0,42.412017,-123.149871
0,34.068657,-118.042221
0,45.66157221772355,-110.74612498230576
0,40.772527,-74.04213
0,41.58416,-83.0947
0,34.289772,-118.467728
0,42.3854,-83.156448
0,41.12501263598859,-78.69237542114881
0,38.523636,-122.496414
0,40.790934,-124.133932
0,42.339982,-83.216012
0,39.447215,-77.38952900000002
0,44.08271670320471,-117.01575636807912
0,46.21483683564083,-92.8361785407408
0,32.919676,-80.411004
0,33.538309000000005,-86.792775
0,47.64922,-122.347298
0,39.797382,-82.82404100000002
0,34.033962,-118.22108500000002
0,35.78277199999999,-78.64582
0,34.791509999999995,-82.43314000000002
0,33.669372,-112.089718
0,42.38612,-83.020172
0,33.720356,-80.2823
0,39.79351,-86.03546999999998
0,47.624142,-122.32869
0,25.88393,-80.32401
0,28.019904,-82.39328499999998
0,39.37272,-120.058593
0,45.48957100000001,-122.826134
0,38.554447,-90.417662
0,42.700404,-73.707937
0,34.03986,-118.051704
0,40.647366,-74.014854
0,37.046445,-94.482582
0,34.141141176060955,-117.24861502591492
0,33.854157,-117.954199
0,33.624962,-84.48836800000002
0,30.516152,-91.176452
0,36.751445,-119.793559
0,35.267157,-119.109587
0,33.913094,-118.180168
0,33.364449,-117.08535
0,29.958554,-90.014597
0,33.444887,-92.475551
0,26.987498,-82.307487
0,33.773251,-118.041061
0,37.268306,-79.114515
0,33.942995,-117.2808
0,39.195839,-94.762305
0,32.756435,-84.105769
0,34.661233,-92.403444
0,43.902289,-123.014354
0,33.987289000000004,-118.410698
0,45.33234715,-118.07130217
0,25.948597,-80.184071
0,35.354199,-119.039611
0,36.846116,-121.689971
0,35.241512,-80.849837
0,33.94091963751821,-117.24919438306212
0,35.57263,-82.956665
0,41.07014,-73.485851
0,34.282421,-118.76888999999998
0,33.857964,-117.981094
0,40.763591,-73.971419
0,40.69987,-111.86547
0,34.006558656530345,-117.06631064359156
0,32.978307,-96.77819
0,28.364203000000003,-81.39801800000002
0,33.156715000000005,-117.339081
0,34.15297,-118.27965
0,41.179668,-111.949198
0,39.798138,-105.053326
0,40.881674,-80.285212
0,41.899738,-83.37339399999998
0,25.685002,-80.424819
0,38.730593,-77.197912
0,35.800088,-78.68202600000002
0,40.475941,-111.905549
0,40.80655,-73.92278
0,40.819443,-73.930756
0,29.590102,-95.196935
0,30.500069,-84.25265300000002
0,44.754422,-123.050533
0,36.17541432363426,-77.76956677399745
0,44.971343,-93.251942
0,39.527365,-119.706893
0,42.975392,-85.735838
0,37.706459,-122.16101100000002
0,34.126408000000005,-117.91603899999998
0,39.02675,-86.93735
0,33.50952,-112.177584
0,29.924369,-90.014057
0,39.496525,-119.78416
0,29.787235,-95.521845
0,38.40992,-122.865967
0,36.770252,-121.666298
0,28.344243764742163,-81.47045731505646
0,41.85656905,-72.66332746
0,40.18016400000001,-76.17956600000002
0,33.947694,-118.027262
0,45.29773592927314,-93.79997134163952
0,42.565706,-73.628068
0,28.332455,-81.485198
0,34.259515,-119.250305
0,39.959144,-75.579949
0,35.829732,-78.635178
0,42.27082,-123.61915
0,34.033359999999995,-117.994011
0,25.529738,-80.372035
0,35.057362,-80.81528399999998
0,40.742492,-111.734109
0,40.86777100000001,-124.083234
0,38.47758,-121.50761
0,40.76978087405792,-122.31427788676112
0,37.9453,-122.50753
0,34.064621,-118.002853
0,37.542194,-121.270691
0,34.068371,-117.396103
0,34.055775,-117.423329
0,47.580238,-122.174377
0,33.428166999999995,-86.821292
0,42.516479,-83.654312
0,47.031669,-114.352787
0,35.10544,-106.34063
0,33.824192,-118.176323
0,33.69467139228013,-117.34030365887956
0,43.05749,-76.10503
0,39.015907,-77.119392
0,36.09444000000001,-119.553736
0,37.381575,-76.51009599999998
0,44.188395,-94.023624
0,32.61489,-80.99809300000003
0,36.791141,-119.781446
0,34.072090387181895,-117.9112279409508
0,39.762715,-84.204585
0,33.093169927439234,-87.67251849132694
0,34.858884,-77.999663
0,43.871487,-120.867708
0,47.525638,-122.064958
0,34.03655648215276,-118.37518572750866
0,41.71947,-71.46966
0,34.031776,-118.429678
0,38.654905,-121.307368
0,37.492753,-120.94038700000002
0,40.740555,-73.84108
0,40.7702744,-73.78296733
0,47.507843,-122.280746
0,46.385847,-112.723475
0,34.05555,-118.00372
0,27.402004,-82.311088
0,33.596481,-93.28872
0,40.74157,-74.215324
0,27.235005,-81.937668
0,40.547114,-74.281643
0,45.67137837388195,-112.68283009475384
0,34.707452,-82.755557
0,37.699753,-121.785683
0,42.504075,-73.755158
0,33.930881,-118.368253
0,35.1192,-85.56704
0,37.573194,-118.739034
0,35.32525,-84.77745
0,43.024219,-83.68626400000002
0,34.055503,-118.198417
0,34.072753999999996,-117.783707
0,42.804754,-71.498979
0,39.018985,-76.976448
0,26.092947721356893,-80.22498965225112
0,40.947535,-72.92274300000003
0,44.148618,-92.779382
0,34.082661,-118.297295
0,40.823639,-73.34272
0,34.282035,-118.443038
0,40.68746,-73.61777
0,36.946839,-112.956093
0,35.20845,-80.812809
0,40.65302,-111.929763
0,35.19205212576298,-84.89153981168322
0,38.74246,-77.191239
0,34.05209184,-80.92330813
0,35.964899,-83.934499
0,40.641396,-74.208321
0,37.255565999999995,-121.867149
0,35.474051,-117.653885
0,34.012219,-118.418573
0,38.88438105564649,-90.12236237482963
0,40.825656652255894,-73.93121838534388
0,34.109108,-117.981171
0,42.97078,-85.688233
0,35.67263961,-119.22623992
0,28.311041,-82.505065
0,34.036878,-118.438485
0,47.441895,-122.216515
0,33.53942513,-117.67463565
0,37.327367,-121.879249
0,37.606259,-76.540064
0,29.833371999999997,-95.384331
0,34.119465000000005,-118.091272
0,39.03681,-76.98912
0,33.685959000000004,-117.86391299999998
0,44.9269,-93.27454
0,36.887100934806405,-76.42914891206534
0,45.03619000000001,-93.343
0,38.337059,-121.823242
0,43.66291,-70.2671
0,27.947598,-82.53151700000002
0,32.699907,-96.783236
0,42.875084,-71.494098
0,35.161553000000005,-89.871494
0,33.491027,-117.662501
0,41.846526,-87.919238
0,30.434169,-91.187344
0,35.88136,-84.230582
0,39.885436,-104.987938
0,45.262716,-93.531178
0,35.81304,-78.65126
0,43.169537,-73.71264599999998
0,47.18483,-120.906354
0,34.493642,-109.370425
0,34.047888,-81.013221
0,33.965917,-117.850545
0,40.763425,-73.726708
0,37.303294,-120.500702
0,32.11515,-110.858031
0,28.479233,-81.44975
0,32.83757,-97.04935
0,34.274215999999996,-118.450111
0,35.249902009795896,-89.6890676017299
0,34.442523,-79.53840100000002
0,36.165365,-120.373814
0,37.494483,-122.133837
0,39.018974,-76.976321
0,41.603819,-90.713564
0,34.12634,-80.88820600000003
0,39.46192,-76.412941
0,34.276403,-118.385951
0,39.593085050394095,-86.54184937435845
0,33.713739000000004,-117.786451
0,34.03389,-118.35654
0,41.59231,-75.65100699999998
0,38.475054,-121.423548
0,41.034794,-76.376984
0,34.237534000000004,-118.186882
0,36.539956,-121.931504
0,34.960965,-81.980937
0,33.996956,-118.176544
0,37.228471,-120.380405
0,27.47416,-82.27036
0,26.546152000000006,-81.804241
0,41.97937,-91.67119
0,40.533851,-80.48809
0,36.11385,-86.9195
0,44.292851,-117.226406
0,30.635483,-87.173626
0,34.161455,-118.158377
0,35.026871,-85.15736600000002
0,39.593012,-74.44420600000002
0,34.147818,-117.321384
0,30.36806702599349,-91.6271889205378
0,38.715034,-121.364396
0,35.37605999999999,-80.84743
0,36.401159,-119.645956
0,29.521868,-98.394601
0,34.274715,-118.493431
0,35.08801,-85.21479000000002
0,40.679375,-74.003151
0,34.431523,-119.744214
0,33.385858,-111.955098
0,35.59790253622247,-89.05207514720415
0,33.142145,-117.188059
0,41.693149,-92.864597
0,32.266427278364816,-95.27941346123085
0,46.978943,-94.520594
0,42.405956,-82.957848
0,38.487821817214545,-122.30944991053433
0,37.034968,-76.356065
0,34.783318,-82.406696
0,40.696659,-73.98085
0,38.968663,-94.54508
0,34.435289000000004,-119.796135
0,35.219045,-80.871337
0,43.25877,-77.8781
0,40.371423,-76.683044
0,29.765485,-95.375586
0,29.802164,-95.336292
0,30.276637,-97.742281
0,33.805893,-118.14267
0,32.892994,-96.710688
0,34.498954,-82.66845500000002
0,37.914812,-76.97858599999998
0,32.337638,-111.054559
0,33.647059999999996,-114.571533
0,34.230746999999994,-118.409309
0,40.478216,-79.967835
0,32.670248,-96.881756
0,39.2193567750968,-76.65861725770635
0,37.95327,-122.054779
0,40.082934,-75.369159
0,34.768029,-111.648654
0,38.882355,-77.018217
0,36.835884,-121.531281
0,32.705457,-96.932878
0,40.769263,-74.04455300000002
0,41.902996,-87.66107199999998
0,29.136394,-82.438263
0,39.226909,-120.079415
0,39.613169431497504,-119.22351479473484
0,39.419575,-121.338221
0,33.026883000000005,-117.078994
0,30.472451,-91.058028
0,42.058392,-88.031769
0,33.458109,-112.358496
0,40.738406,-73.81230500000002
0,32.914069,-117.194444
0,32.89218,-96.76912
0,39.30643200855585,-76.7438471313632
0,37.316535,-121.957212
0,32.44471907600191,-85.79089522320845
0,34.001118,-117.965788
0,27.429333000000003,-82.575473
0,39.591571,-78.836229
0,40.638216,-78.274426
0,47.250949,-122.366885
0,36.875449,-118.238071
0,33.784107,-117.49201200000002
0,30.03203988060936,-90.33653140024978
0,36.138547,-119.134095
0,33.912874,-118.145867
0,36.24083876592521,-120.10364413204144
0,42.48808,-88.111396
0,40.093448,-76.11551700000003
0,34.244392,-119.234169
0,36.989361,-121.49288
0,33.986349,-117.346391
0,29.991656,-90.055371
0,35.040348,-85.255981
0,33.853621000000004,-117.974066
0,39.85956,-75.07598
0,30.417173,-91.068347
0,34.67221,-85.309751
0,40.791513,-77.05106500000002
0,33.858684999999994,-118.033401
0,33.969715,-118.22242
0,37.919518,-122.317968
0,40.83833,-73.88243
0,38.325027,-121.327293
0,36.082449,-86.763685
0,38.873218,-76.843923
0,35.38048,-119.052107
0,36.438135,-119.687932
0,40.033703,-76.303278
0,47.612203,-117.518445
0,33.913613,-118.11669
0,38.49240800000001,-121.427277
0,33.854690999999995,-117.790428
0,37.811488,-121.577249
0,34.304925,-80.957184
0,29.956922,-90.086732
0,25.894886,-80.205034
0,38.27616333943235,-104.60410237262435
0,34.013303,-117.976737
0,29.75453,-95.357242
0,36.182018,-95.940313
0,37.690189,-122.098221
0,35.7806360719882,-78.6459195610111
0,33.386505,-111.691096
0,38.6138,-121.423928
0,32.957003,-117.245227
0,35.90476599999999,-78.806579
0,37.546498,-77.36399300000002
0,35.28792500479084,-82.40139841994093
0,33.462671,-112.231575
0,34.150063,-118.088821
0,37.811207,-121.576828
0,43.06136,-83.67390999999998
0,36.66867,-121.634209
0,37.332477,-122.017696
0,37.483288,-122.18074
0,41.90944076,-87.92009711
0,40.729687,-74.133377
0,44.99817,-123.0001
0,37.563213,-77.433225
0,32.99662,-117.083304
0,37.704318,-97.318532
0,47.594341,-122.310417
0,33.956897,-118.110251
0,34.080711,-117.628468
0,33.889462,-118.270363
0,32.281001,-110.920939
0,30.80403,-86.429175
0,35.787759,-78.587737
0,34.736808,-92.283574
0,37.968819,-121.640945
0,34.18465,-117.336899
0,40.420746,-78.442697
0,34.184895000000004,-118.909531
0,41.409637,-73.78675799999998
0,33.871482,-117.68551399999998
0,25.782855,-80.222832
0,37.367962,-121.846008
0,48.946012,-122.485316
0,25.771997,-80.412086
0,28.152645,-82.74050799999998
0,34.528172999999995,-82.075665
0,40.45843005,-79.99912619999998
0,45.130333,-93.001899
0,25.724396,-80.363348
0,39.403833,-76.79620600000001
0,34.73107,-78.785787
0,42.45068,-82.917381
0,41.225729,-84.88046
0,35.258409,-80.834692
0,37.69964,-77.743843
0,26.379263,-81.80781800000003
0,29.761331,-95.625256
0,35.680521,-78.686295
0,41.29459261874535,-72.78936982120138
0,34.031220000000005,-118.274582
0,30.439716,-91.018638
0,26.342939,-80.117912
0,34.085068,-112.141553
0,44.782165,-93.469779
0,36.211734,-86.895524
0,40.687614,-89.58332800000002
0,39.89862,-75.18039
0,33.90242,-118.262093
0,34.004163,-117.349968
0,33.96385,-118.36992
0,33.431751,-86.823352
0,43.01224600000001,-74.83189200000002
0,40.610616,-111.906091
0,32.979577,-117.255305
0,41.93033300000001,-72.790035
0,37.746994,-120.940957
0,34.225626,-118.252544
0,34.21144,-79.76695600000002
0,35.098797,-80.932084
0,35.712257,-78.657645
0,42.7818,-73.92458
0,33.636001,-86.62177
0,40.645577,-116.368819
0,40.348262,-111.592548
0,35.84055700000001,-78.594779
0,33.461547,-112.100285
0,39.959903,-75.179024
0,40.599792,-112.453037
0,35.030331,-80.820498
0,37.580193,-120.851994
0,35.811858,-78.657168
0,28.583425,-81.21248800000002
0,37.688929,-122.073066
0,34.018341,-118.280128
0,34.163403,-118.47245
0,32.762807,-96.772567
0,42.3447,-83.043938
0,42.39198,-83.003865
0,33.693431,-111.88967
0,44.952009,-93.04966
0,35.83433,-78.30707
0,41.071093,-73.872962
0,32.834368,-117.233008
0,35.078199,-89.96243100000002
0,40.90547919253872,-74.10476803744265
0,34.443882,-116.88443
0,36.075152,-87.119388
0,39.098204,-77.533401
0,40.751783,-73.897324
0,40.13363,-75.451316
0,42.066635,-88.14413499999998
0,39.852054,-77.23348399999998
0,34.00885,-118.15858500000002
0,38.5118973253321,-90.36719441370786
0,32.245816999999995,-80.85505699999999
0,36.843483,-76.16785899999998
0,25.963445,-80.149534
0,37.244006,-119.860357
0,34.127751,-117.91803
0,41.177413,-83.64926
0,30.463492,-97.564589
0,42.465599,-82.921257
0,34.144562,-117.298935
0,39.732731,-75.524407
0,33.87628,-118.125861
0,45.574647,-122.545934
0,38.54052100000001,-121.510344
0,32.908144,-96.927928
0,33.892628,-79.124557
0,39.85729336719581,-75.3612864013893
0,30.294555,-97.824578
0,35.173805,-89.905834
0,33.982822,-117.367075
0,26.10646,-80.2821
0,34.011218,-85.047264
0,39.226619,-123.720845
0,33.936401000000004,-118.291939
0,25.786993,-80.1853
0,37.7882,-122.198982
0,34.076613,-117.745202
0,41.863326,-88.040798
0,30.168918,-81.596242
0,35.889598131008675,-89.91441607432405
0,43.619567,-116.345902
0,45.255736,-92.984104
0,34.375655,-79.80794200000003
0,40.685273,-74.19253
0,41.692149,-72.314947
0,34.356392,-117.438225
0,37.879169,-122.049255
0,26.78788,-80.09911
0,36.14192,-86.673864
0,36.8596,-121.60412
0,34.864244,-118.169479
0,42.392312,-82.99565
0,40.19238,-77.16646999999998
0,35.93128499999999,-121.054096
0,28.531147,-81.376436
0,40.915394,-73.782028
0,33.998605,-118.282687
0,37.808498,-122.366852
0,41.62392,-87.680061
0,39.67721,-75.69905
0,38.519085645491984,-121.52171730937228
0,37.325278999999995,-121.894371
0,29.520466,-98.505352
0,30.565156,-89.714598
0,37.605721,-120.993543
0,33.658846999999994,-117.619189
0,34.203461,-118.138603
0,28.634093,-81.484297
0,44.05339,-93.24955
0,40.81381202,-74.05578017
0,40.868099927707355,-74.00402426684377
0,40.739874,-73.837
0,33.833631,-84.34007700000002
0,40.890594,-74.00350999999998
0,34.009107,-118.29155
0,36.549013,-119.598444
0,40.960088,-111.428951
0,33.70908,-117.958725
0,34.785015,-80.753085
0,39.47568,-76.84159
0,37.892895,-122.125008
0,42.49025,-83.28556800000001
0,29.042339,-81.932764
0,36.667698,-79.987765
0,48.33735,-122.33449
0,39.378778,-74.48625200000002
0,34.976776,-81.861979
0,37.613815,-122.396652
0,33.475023,-84.21544899999998
0,40.069059,-75.32184699999998
0,38.628653,-121.38084
0,38.330734,-122.317108
0,40.71834000000001,-111.8931
0,38.524902,-121.458862
0,38.64045023899728,-122.5964677327986
0,39.736207,-75.56326700000002
0,34.819182,-91.56966
0,45.88978400000001,-111.461953
0,37.509802,-121.970289
0,39.20759,-120.78962
0,35.035385,-85.233627
0,36.684376,-121.673644
0,35.909167527981246,-84.58310723264414
0,41.668514,-77.079037
0,39.265725,-76.666975
0,34.434111,-119.747715
0,34.107952000000004,-118.330971
0,41.470796,-87.32391
0,29.926303000000004,-90.10332
0,30.547478,-87.281165
0,28.318206,-81.559702
0,31.15935,-87.46363000000002
0,34.005821000000005,-118.4132
0,45.874008,-122.712311
0,25.78426,-80.28864
0,28.346174,-81.382631
0,43.01391,-115.551956
0,44.466316,-119.470733
0,26.426573,-80.089866
0,30.466585,-84.251419
0,34.150383000000005,-118.280754
0,33.974655,-118.280609
0,34.125839,-118.705727
0,28.505413,-81.39697
0,34.681243,-82.451532
0,25.382269620774352,-80.46480059585348
0,34.574661,-82.81485699999998
0,38.073026,-112.96059
0,38.746317,-95.000922
0,36.23352169973262,-86.81873917538253
0,41.370318,-79.30422
0,40.842409,-73.927982
0,37.732548,-122.18914
0,35.783675,-78.671549
0,27.477194,-82.587691
0,32.405548,-111.325605
0,33.790200948554094,-84.39084649045756
0,36.845855,-76.18288299999998
0,34.309862,-117.472761
0,40.13525605182583,-111.64698243087936
0,41.63263678530869,-87.69949078518057
0,43.613462,-116.263786
0,37.807072,-122.475616
0,34.066132,-117.99157
0,37.95031,-121.289712
0,39.87540300000001,-75.05015
0,35.770786,-78.709999
0,28.87963,-82.09295999999998
0,43.192894,-124.347023
0,35.570928,-82.61917700000002
0,29.721562,-95.493135
0,38.686111,-120.835193
0,39.32535767536485,-75.61594605409805
0,33.810326,-118.287041
0,26.325564,-80.116866
0,38.678166,-121.382811
0,38.79981400000001,-77.05139799999998
0,37.597693,-77.62309599999998
0,28.51476,-81.376341
0,29.67893,-95.505757
0,33.938409,-118.097201
0,44.16596,-92.54589
0,39.260829,-76.703675
0,42.383835,-83.323341
0,40.691327,-73.951761
0,33.845147999999995,-117.87597
0,38.042713,-122.241486
0,33.934072,-118.229454
0,38.85521,-76.958446
0,32.295178,-110.960591
0,34.197491,-82.17123000000002
0,34.552457000000004,-118.668886
0,34.00428,-117.407784
0,29.050318,-82.16788299999997
0,41.98234,-87.7926
1,36.134548,-86.723442
1,34.055695,-118.451965
1,47.896431,-122.251892
1,28.596203000000006,-81.465855
1,33.97602439,-117.37206101
1,36.105575,-86.718096
1,40.944769,-77.723247
1,39.72908,-104.983612
1,30.388759000000004,-86.426266
1,26.456826,-80.08944100000002
1,41.16398,-112.026031
1,34.770340000000004,-114.59603
1,42.387946,-73.558756
1,34.005587,-117.728064
1,43.12347000000001,-75.295761
1,25.698593,-80.45457900000002
1,39.73316,-75.5237
1,33.957785,-118.111685
1,33.890945,-80.313858
1,36.985938,-76.303717
1,45.23141,-122.809971
1,43.64117,-94.99063
1,39.661728,-76.650141
1,33.08050990088901,-117.29702353421546
1,33.928912,-81.024762
1,33.826835,-81.16915999999998
1,47.508045,-122.278336
1,42.405317,-123.141396
1,41.574255,-87.514627
1,47.5975,-122.31723
1,46.42489000000001,-94.2975
1,28.59054,-81.25319
1,41.87497000000001,-87.68324
1,33.597154,-86.89132
1,39.71122,-75.12756999999998
1,34.572982,-119.958769
1,39.008228,-76.979954
1,33.173516,-83.283018
1,25.564135,-80.37219
1,46.885491,-114.080933
1,36.747561,-121.662071
1,41.033238172335466,-76.3828647133046
1,32.76418,-117.127894
1,38.580787,-79.167586
1,30.36709500000001,-97.700866
1,29.746762,-95.359043
1,28.755128000000006,-81.35799200000002
1,40.791428,-77.702988
1,47.618542,-122.333038
1,25.954546,-80.344443
1,42.146826,-122.639234
1,40.99189000000001,-73.67716
1,40.241275,-75.242898
1,30.621577,-81.497043
1,35.133773088287676,-89.86750960307184
1,43.53352,-91.941
1,34.198118,-118.337352
1,40.726221799656265,-73.97215962374699
1,38.957276,-77.354996
1,40.4653,-111.45743
1,46.848829,-94.969408
1,42.9604,-115.284945
1,34.146702000000005,-118.161079
1,41.908916,-79.560241
1,33.66557,-84.34568
1,34.019296999999995,-117.919683
1,36.041173,-86.777124
1,34.066725,-117.238379
1,33.893299,-118.045746
1,37.549349,-122.292519
1,39.254697,-76.686619
1,37.213538,-119.708539
1,45.056852,-93.311852
1,37.640786,-77.560491
1,40.815553,-96.767578
1,38.018745,-121.942017
1,34.096108,-117.936684
1,33.89045,-118.286057
1,38.796121,-77.61247900000002
1,37.996778000000006,-78.319688
1,30.472201108787193,-97.59160637808992
1,34.045338,-117.963104
1,40.677158,-74.002324
1,33.909042,-117.281021
1,37.854181,-122.300097
1,47.524009,-114.09711
1,40.171455,-78.907896
1,37.923428,-122.359985
1,33.95698,-84.51651
1,43.031681,-83.664177
1,33.912987,-118.180145
1,34.28108811362132,-118.40033411923216
1,34.157112,-118.448685
1,38.183601,-121.805519
1,34.237984000000004,-117.291372
1,33.975986,-117.335533
1,33.746883000000004,-118.006981
1,34.020058,-118.186381
1,28.568691,-81.266258
1,35.877419,-119.26817
1,38.678147,-121.257434
1,34.238411,-118.840858
1,33.920238,-84.316612
1,47.978294,-122.178146
1,33.896214,-118.187654
1,43.660712,-117.07058700000002
1,27.290729,-81.317879
1,37.079666,-119.334469
1,26.101186,-80.257903
1,37.98245,-121.746486
1,29.74984000000001,-95.371864
1,44.948351,-92.908921
1,34.15189,-117.478294
1,47.612907,-122.291428
1,37.352688,-77.40476
1,33.494856,-111.928237
1,37.731855,-122.432999
1,33.131364000000005,-117.327429
1,38.135597,-77.509498
1,33.952487,-118.090466
1,30.362058,-97.744106
1,30.105746000000003,-81.705564
1,39.776683,-84.160604
1,34.054108,-118.237839
1,29.777321,-95.826567
1,32.152394,-110.887884
1,38.798755,-77.20168699999998
1,40.74698,-111.7246
1,40.765251,-73.95210300000002
1,32.717124,-83.528097
1,44.059993,-93.502374
1,35.006721,-85.205977
1,39.970868,-75.19303599999998
1,33.850513,-117.836784
1,43.12645300000001,-77.56460799999998
1,34.24064,-119.18506200000002
1,38.692602,-121.350961
1,34.081485,-117.728209
1,41.797124,-75.891362
1,39.644849,-75.833559
1,44.86071,-93.44885
1,33.454395,-80.438735
1,34.031040000000004,-118.390388
1,33.892243,-118.260095
1,33.916691,-117.296181
1,39.245749,-122.181755
1,34.06121,-118.2471
1,39.441686,-87.436869
1,40.876362,-74.063591
1,30.470399,-91.084602
1,38.19862,-122.160843
1,32.581913,-93.892593
1,40.880609750552736,-73.86931300128045
1,47.303001,-122.254601
1,40.842812,-73.92756700000002
1,25.77353,-80.417388
1,32.77368665,-97.47453332
1,41.600952,-87.583702
1,28.554044,-81.194786
1,33.876911,-118.186172
1,34.73268,-92.306074
1,34.631388,-118.040832
1,33.920895,-87.318534
1,43.146278,-85.587624
1,36.909823,-82.37495200000002
1,32.669962,-97.320361
1,40.727552,-73.90719200000002
1,37.583088,-122.050171
1,42.927116,-83.651088
1,42.466194,-88.016467
1,32.565075,-117.073391
1,47.2411,-122.38562
1,33.974777,-118.256401
1,35.441232,-119.052431
1,39.51104,-121.57843
1,37.204504,-93.31768
1,40.131458,-76.216546
1,34.426636,-117.380318
1,30.525449,-87.31331999999998
1,34.316272999999995,-118.490082
1,34.135146999999996,-117.593658
1,40.341287,-78.81537
1,32.92582154258287,-96.82923674537264
1,42.345095,-88.06974100000002
1,41.117802858156594,-78.54796528778766
1,33.61120105,-84.48654771
1,38.113042,-122.229927
1,34.007846,-118.280836
1,37.473546,-79.80044699999998
1,29.749640000000007,-95.42643
1,44.75669,-117.8112
1,26.16944,-81.035156
1,42.16102,-88.101777
1,38.612807,-121.511482
1,36.84584,-76.18903
1,33.949791999999995,-118.091827
1,30.120922,-82.653889
1,32.628413,-117.138811
1,28.669418,-81.450082
1,39.93176,-82.91274
1,29.961484,-81.477485
1,33.852744,-83.927856
1,37.637346,-122.440234
1,39.60591673832128,-75.7394349571431
1,38.673884,-77.25435999999998
1,39.852704,-75.348268
1,44.41302,-92.17153
1,28.230906,-82.723321
1,29.91977,-90.10149
1,38.598877,-121.387082
1,32.807402,-96.821121
1,47.5992,-122.3172
1,34.83939,-118.86332
1,36.25030159932971,-120.24159550609473
1,33.997784,-118.369399
1,39.624214,-105.10791
1,34.05125,-118.00588
1,34.104776,-82.592995
1,32.836664,-96.779111
1,37.645087,-76.384302
1,38.619175,-121.563311
1,33.557167,-117.18072
1,33.679307,-117.8911
1,34.266153,-118.445867
1,41.51773,-94.117457
1,47.648472,-122.377579
1,32.540989,-93.82692
1,41.559706,-76.571729
1,25.920771,-80.210312
1,38.471555,-121.424179
1,34.059483,-118.001377
1,33.651619000000004,-117.761337
1,32.353698,-111.031631
1,46.729276,-93.601763
1,34.270157,-118.830566
1,37.628143,-122.120995
1,47.482765,-122.197716
1,44.866623,-93.247334
1,27.608779,-82.647021
1,35.016156,-85.143687
1,39.48938,-77.53358
1,45.755131,-108.698119
1,44.99921,-93.28299
1,25.89843,-80.20723000000002
1,33.786582,-117.226104
1,37.126692,-79.92032900000002
1,42.125888,-87.89807900000002
1,37.575979,-122.043032
1,34.037791999999996,-118.03775
1,40.869814,-77.64660500000002
1,41.911621,-73.872096
1,36.328112,-119.57596
1,44.014271,-121.319461
1,37.381321,-121.819321
1,46.875411,-113.564257
1,32.864024,-96.661436
1,42.575329,-84.819725
1,38.055372,-78.58184200000002
1,42.334645,-83.063689
1,40.006932,-76.115039
1,38.076241,-122.231812
1,30.241415000000003,-82.63428
1,43.61381,-116.602055
1,33.780712,-118.090065
1,34.577597999999995,-79.651115
1,42.942601,-83.810807
1,42.3354,-88.111188
1,40.08553,-82.84969
1,38.9421,-121.097031
1,35.113825,-82.233122
1,40.583645,-124.142971
1,33.748251,-117.67307
1,32.788014000000004,-96.685169
1,33.629661,-79.032465
1,39.361317,-76.778586
1,34.148594,-118.155006
1,33.974652,-118.280597
1,33.361921,-111.618595
1,37.472081,-77.492632
1,33.876362,-118.082367
1,42.063912,-122.602823
1,30.369136,-97.531767
1,38.550542,-121.474059
1,37.503837,-79.745796
1,37.323067,-121.897224
1,40.022836,-86.826689
1,37.96468,-121.74065
1,37.865782,-78.007166
1,35.118082,-80.921996
1,32.559669,-117.070595
1,41.47099,-87.323929
1,33.88901,-117.880695
1,38.374223,-122.204042
1,33.572590000000005,-117.700432
1,40.466573,-80.034594
1,25.849696,-80.20788399999998
1,34.119683,-117.757526
1,34.018947999999995,-118.17691
1,34.170799,-118.605888
1,40.74813,-74.166866
1,41.162594,-85.238649
1,38.624994,-121.321401
1,40.42581,-80.4294
1,44.89123,-93.00677
1,41.531152,-72.783284
1,41.6754663,-72.53908753
1,31.779736,-81.378519
1,37.648501,-76.389321
1,33.811596,-118.164642
1,35.083968,-85.317588
1,32.662305,-96.823097
1,34.075081,-118.274307
1,25.711721,-80.433037
1,39.77177800000001,-104.903442
1,32.525841,-93.69652
1,47.59428,-122.32103700000002
1,40.258536,-74.081406
1,45.519887,-122.809027
1,25.915798,-80.313156
1,34.063078999999995,-81.04633100000002
1,45.850163,-92.973979
1,34.506007000000004,-118.114174
1,38.503256,-121.463234
1,35.29144,-80.726046
1,39.778527,-104.889729
1,38.387284,-81.818421
1,38.84845,-104.757477
1,35.837348,-78.300794
1,32.212778,-83.75938000000002
1,34.92265,-81.970827
1,32.6561415193908,-80.81284403762429
1,33.838137,-117.875951
1,44.966033,-93.262542
1,34.034126,-118.027214
1,34.119662,-117.810956
1,47.54142,-122.323418
1,33.37845,-111.902736
1,37.475148439228654,-76.91179633103887
1,40.493509,-78.212446
1,36.54697700000001,-119.589542
1,37.776691,-122.236298
1,33.607125,-84.48597099999998
1,34.521814,-82.493849
1,39.945174,-75.142414
1,35.683269,-78.652241
1,44.96605,-93.2478
1,41.064478,-77.46749
1,34.825212,-78.98320799999998
1,42.352027,-123.332063
1,41.363029,-72.060466
1,37.097916,-120.925092
1,33.642681,-117.733322
1,34.276859,-118.452881
1,30.252678000000003,-81.45169200000002
1,33.606501817543,-117.79964804593182
1,34.741413,-86.678698
1,34.074473,-117.545045
1,42.396059,-83.430806
1,45.0076925752401,-93.113454579863
1,44.88386,-93.13577
1,41.856912,-73.553692
1,40.931561,-73.762399
1,41.410785,-73.45326999999997
1,33.957939,-118.291702
1,34.066067,-117.993469
1,40.60771107654281,-78.30942034684031
1,44.007035,-92.478371
1,34.003769,-118.28093
1,34.148308,-118.469597
1,33.88198,-118.151323
1,30.303641,-97.739739
1,42.746635,-83.41996800000003
1,29.347711,-98.425086
1,25.92582,-80.20699
1,34.020409,-118.18914
1,45.542439,-122.484029
1,43.14851,-77.597848
1,41.96953,-87.75901
1,33.966068,-118.082672
1,34.02467,-117.91761
1,34.200012,-118.857254
1,25.475256,-80.488617
1,41.188981,-79.275494
1,34.420299,-119.669972
1,41.83483,-87.63033
1,33.40676,-111.96971
1,28.20571,-82.69589
1,39.04887,-77.15144000000002
1,42.57075,-92.33747
1,34.151695000000004,-118.141609
1,33.912579,-118.178299
1,41.150674,-112.025167
1,29.700368,-95.517443
1,42.69601464251185,-73.84178280795173
1,37.891764,-121.607931
1,38.56416,-121.49276
1,40.305682,-74.252136
1,32.191984999999995,-110.823866
1,42.366499,-73.44670699999998
1,34.583849,-117.613828
1,42.277424,-83.156548
1,34.009723,-117.427302
1,28.32259,-81.470766
1,34.869586,-82.230745
1,37.410674,-122.074477
1,44.140802,-123.052657
1,47.533768,-122.37664
1,41.780457,-107.129684
1,32.659094,-96.731645
1,42.6865947244516,-84.67297196347869
1,40.799191,-73.92932900000002
1,41.593223,-93.659392
1,45.620337,-123.218538
1,43.16813,-121.788843
1,35.060793,-118.968693
1,34.14463878,-117.29874015
1,45.355539,-122.357022
1,33.989822,-117.350021
1,37.903709,-122.519768
1,39.889645,-75.233568
1,32.791145,-96.749667
1,35.274091,-80.793573
1,30.448738,-81.652381
1,41.257899,-95.953763
1,42.9378,-115.06035
1,33.767048,-117.976266
1,41.235469,-76.804688
1,43.427758,-75.233715
1,34.234708000000005,-117.426283
1,44.132951,-124.12192
1,37.66800900000001,-104.836038
1,42.3087,-87.876789
1,37.975254,-121.266446
1,41.581286,-88.002024
1,30.602438,-87.073636
1,41.641193,-81.262325
1,38.05841088276834,-121.15092873515532
1,39.360658,-77.529034
1,39.600152,-119.837409
1,34.110347999999995,-118.334511
1,38.665148,-121.538046
1,38.56336,-121.373633
1,40.80473,-73.29466
1,29.15221,-81.083403
1,36.056912,-120.106411
1,28.008312,-82.75013299999998
1,34.0002,-118.41345
1,34.444053000000004,-117.648104
1,35.312314,-80.720239
1,41.03637099,-73.67572188
1,40.854195,-73.968407
1,30.015631,-90.02147099999998
1,36.196646,-86.742227
1,37.385822,-121.976852
1,37.26536,-121.856923
1,33.486317,-86.825627
1,37.514076,-121.939171
1,47.500332,-92.669807
1,38.258393,-122.066887
1,39.77855200000001,-75.868844
1,37.736204,-122.028623
1,32.817155,-96.868279
1,38.57524,-121.557444
1,30.417977571342373,-81.56583666762559
1,40.853973,-74.423224
1,29.65325,-95.446587
1,30.375573,-86.229008
1,29.992815000000004,-90.048869
1,38.276787,-121.498116
1,37.399995,-77.43114200000002
1,34.580006,-117.934054
1,37.39485383015922,-121.13668084086828
1,37.194,-78.20129
1,33.874884,-117.545206
1,38.323206,-85.554738
1,43.019548,-78.175972
1,45.12354254701079,-93.32850336984
1,34.282199,-80.997538
1,39.153326,-121.662387
1,33.831581,-118.292992
1,34.462708,-117.552025
1,32.70399212821625,-117.14645504895616
1,35.021837,-114.132995
1,26.34895920740915,-80.11750817260686
1,33.994144,-117.905296
1,33.125532,-97.036203
1,42.418091,-83.087936
1,38.49625468235733,-121.29780650081015
1,28.540185,-81.49088499999998
1,37.231313,-121.825806
1,34.005039000000004,-117.394127
1,40.90927720050378,-73.78646492922883
1,32.693858,-117.123231
1,39.00960803013321,-78.33868861161069
1,32.745383000000004,-96.768694
1,33.859466,-84.247567
1,37.646852,-122.092555
1,34.54784,-79.21148199999998
1,35.798398,-78.490224
1,41.511202,-72.816582
1,39.271947,-76.554839
1,41.02587819079864,-76.4208662506274
1,34.241440999999995,-118.41876
1,34.46771,-117.34846
1,38.631355,-75.763737
1,36.471938,-94.244942
1,33.872751,-118.204471
1,34.064995,-118.000229
1,35.993738,-79.86504599999998
1,32.673114,-117.08279
1,33.772224,-84.390387
1,29.393089,-98.648315
1,33.519169,-117.16096
1,38.85099291782928,-77.07614064179859
1,40.608676671788174,-78.67956519089374
1,34.244713,-118.422546
1,39.48237,-77.70555999999998
1,35.267162,-119.109599
1,33.78919243796449,-84.39082503278546
1,43.529984000000006,-119.302095
1,36.126118,-95.940218
1,37.774921,-122.23233
1,41.557356,-93.907682
1,32.713147,-96.814498
1,45.011688,-93.054961
1,37.011324,-76.32295400000002
1,32.854042,-96.885497
1,33.88242,-79.452703
1,37.140001,-77.356613
1,38.866162,-77.322487
1,34.08501500000001,-118.219006
1,40.923678,-73.773325
1,37.198127,-93.396795
1,33.928979,-118.230317
1,32.19223,-110.858038
1,39.897768,-75.185202
1,27.374035,-80.383669
1,38.899876,-76.98144
1,37.671556,-122.060261
1,47.381321,-122.652122
1,39.074307,-121.525345
1,37.869518,-122.30475
1,36.515322,-121.438849
1,29.718472,-95.364542
1,44.165629,-92.339004
1,41.908307,-91.27853
1,36.963297,-81.087416
1,39.009856,-78.338603
1,25.811508,-80.198596
1,34.050989,-80.943754
1,41.285,-122.301667
1,44.830635,-93.293104
1,25.992921,-80.16575300000002
1,29.7329,-95.45993
1,41.731723,-85.99121
1,33.93359,-117.03222
1,34.093891,-118.242448
1,38.64154,-121.45691
1,34.406158000000005,-118.465431
1,41.529585,-112.035311
1,34.477787,-120.228439
1,40.251141,-75.292622
1,34.836495,-81.9265
1,36.136034,-95.991255
1,34.233340999999996,-117.27101100000002
1,41.009366,-73.64513199999998
1,34.125505,-84.49931600000002
1,29.663367,-95.289106
1,40.696009,-73.964198
1,28.032354,-82.133198
1,34.675328,-83.012384
1,34.201649,-79.704663
1,40.373943,-104.991076
1,37.522644,-77.439257
1,33.476987,-117.673455
1,38.879035,-77.261011
1,34.200537,-81.364228
1,26.142128,-80.169414
1,34.990144,-85.216594
1,38.386702,-122.815301
1,34.058338,-118.244354
1,34.022461,-118.167038
1,27.712552,-82.334563
1,30.429746,-81.575335
1,32.760026,-117.17276
1,34.059328,-117.93984
1,37.294399,-121.873093
1,41.809227,-87.631454
1,35.063686,-82.125598
1,43.886613,-92.859407
1,33.825406,-84.34849200000002
1,40.783213376804426,-73.54834914172388
1,40.281361,-80.162247
1,33.896759,-84.36323
1,38.126045,-85.609771
1,38.270889,-122.051666
1,32.255854,-110.963397
1,38.65381,-121.35518
1,40.745323,-112.183188
1,30.124747,-97.640073
1,32.96151,-81.235699
1,34.144890000000004,-117.278709
1,37.970806,-122.320381
1,42.35893607,-83.21612477
1,40.765538,-73.69031899999997
1,44.267849,-94.337711
1,25.89826,-80.17068499999998
1,33.45631957038185,-80.7280862327541
1,33.875577,-117.26518
1,33.872351,-81.436013
1,37.673188,-122.126519
1,33.246461,-80.924559
1,37.693415,-122.39176100000002
1,40.122252,-105.149685
1,33.970552000000005,-118.375228
1,28.05081,-82.45495600000002
1,27.456974,-81.425455
1,36.710804,-76.22555799999998
1,33.81028,-117.830605
1,34.038383,-118.273834
1,45.28385281541212,-121.71492218913214
1,32.742292,-117.117427
1,40.026701,-111.761137
1,25.924719,-80.209819
1,33.605137,-117.691109
1,39.376893,-76.518889
1,37.098445,-122.098145
1,38.415616,-81.79835200000002
1,35.746585,-79.825676
1,25.81168,-80.200377
1,32.280291,-95.305965
1,25.74764,-80.32763299999998
1,42.920737,-76.333414
1,33.980373,-79.146312
1,43.514882,-94.447585
1,32.771301,-116.936531
1,43.088711,-83.92875699999998
1,44.377125,-122.925172
1,36.043934,-120.012505
1,37.897671,-122.09113899999998
1,35.104321,-106.599714
1,28.668667,-82.14263199999998
1,34.14245,-118.735395
1,45.928532,-108.237595
1,32.835568,-96.773835
1,40.837662,-73.880875
1,30.195601,-97.869724
1,39.150355,-122.888455
1,37.355119,-121.904617
1,38.546662,-77.344258
1,38.272308,-122.670433
1,29.971665,-90.04300500000002
1,34.065353,-117.806587
1,36.876496,-121.770896
1,42.96612,-88.0386
1,38.863803,-77.336529
1,32.91932,-96.748109
1,33.991466,-118.282681
1,33.928474,-118.244572
1,37.954575,-120.418062
1,34.05165,-118.21391
1,39.959304,-75.17318
1,28.280075,-80.742451
1,35.212182,-80.762702
1,29.91252064690632,-81.41063332518858
1,40.821781,-73.887947
1,38.908308,-121.543234
1,33.872439,-118.202304
1,32.774525,-96.785313
1,37.641102,-122.406009
1,39.99977,-75.281565
1,42.386307,-83.020287
1,39.871979,-75.035836
1,33.99345,-118.069351
1,30.193916,-81.556609
1,45.508931,-122.779729
1,33.743637,-84.358466
1,32.766838,-117.162678
1,33.998361,-117.354036
1,30.02598,-90.02443000000002
1,44.997471,-121.488996
1,32.798599,-117.149351
1,27.333418,-82.48088100000002
1,40.654282,-73.918449
1,25.932208,-80.20385300000002
1,34.055739,-118.452239
1,42.341305,-122.892689
1,45.65185189225362,-120.95450520457766
1,33.698962,-84.260019
1,34.16814,-118.587883
1,34.125603000000005,-118.476341
1,35.064729,-80.95382
1,43.116615,-77.49859000000002
1,42.357025,-83.21644599999998
1,37.098442,-77.56711700000002
1,38.40431,-121.385745
1,34.385454,-118.483067
1,33.301196000000004,-111.972503
1,43.868871,-91.223276
1,27.964990000000004,-82.763123
1,25.896481,-80.296787
1,35.036611,-80.960657
1,34.344495534733085,-119.2935955518756
1,34.412516,-118.578282
1,33.00643801673409,-96.97233796073448
1,44.07922,-121.30475
1,27.95182,-82.746517
1,26.010788,-80.166969
1,27.139841,-82.412368
1,35.151099,-118.914592
1,30.727898,-86.133092
1,29.31966662,-98.6147511
1,34.024019,-117.770845
1,37.735279,-122.191917
1,40.79819083194352,-75.29324412309984
1,30.88702082619244,-85.35410284955331
1,38.550161,-121.47386000000002
1,25.964277,-80.25429100000002
1,43.035271,-83.759872
1,45.09365800000001,-123.379835
1,33.944990999999995,-118.296216
1,34.22645900000001,-79.906273
1,25.174624,-80.374509
1,40.032981,-75.586066
1,43.89574,-124.117842
1,38.809459999999994,-123.006882
1,32.692834000000005,-117.095021
1,34.942058,-111.653409
1,33.982101,-118.252083
1,33.165964,-87.541787
1,26.211553,-81.732964
1,36.091054,-119.017779
1,48.19963,-114.298703
1,41.812922,-87.630365
1,34.069817,-118.261297
1,25.819793,-80.33758900000002
1,33.931999,-118.346985
1,33.182196999999995,-117.323416
1,33.4622,-112.11279
1,33.95892,-117.310211
1,29.763943,-95.463417
1,40.965749,-80.149338
1,34.092735,-117.936782
1,39.778411,-86.141286
1,39.443145,-74.539064
1,38.937911,-94.604549
1,34.361805,-117.433441
1,37.144145,-122.331974
1,29.94488,-90.090098
1,33.689369,-117.768227
1,44.82470900000001,-93.227952
1,37.065786,-120.538959
1,37.884064,-122.05333
1,32.917054,-96.766722
1,33.852349,-78.902996
1,36.60027623159122,-82.23299860915071
1,35.616113,-119.659391
1,30.425036,-91.159891
1,33.995201,-117.23171200000002
1,42.476501,-83.11179399999997
1,29.680778000000004,-95.366531
1,42.815958,-83.91974300000003
1,33.266,-112.63439
1,34.033409000000006,-118.18045
1,34.024339000000005,-117.740277
1,37.999551,-122.076159
1,38.364712,-122.667053
1,40.417681932256606,-77.93079972229992
1,40.10294079761456,-74.72405791247023
1,37.67593,-122.099579
1,28.852085,-82.04541
1,26.182748,-80.152419
1,38.115947,-121.395878
1,37.778069,-122.401993
1,41.84293,-87.63128
1,40.783023,-73.82489
1,44.96213793733137,-93.20205330804252
1,34.07275,-117.78453
1,35.162225,-89.89744300000002
1,40.82027100000001,-77.88771
1,34.191673,-118.943789
1,34.75539000000001,-120.346595
1,43.021802,-123.300018
1,34.066663,-117.251286
1,42.30418,-83.442927
1,38.83998,-77.2195
1,36.434419,-77.63879
1,34.209140000000005,-83.47898
1,48.311822,-100.556049
1,26.621094,-81.64614
1,34.556115000000005,-120.142263
1,30.394164,-91.0391
1,34.062588,-118.248718
1,44.062224,-123.001674
1,34.026042,-117.722615
1,33.774345000000004,-118.07415
1,37.387193,-79.905549
1,42.253731,-83.30368
1,36.750063,-119.555997
1,36.525662,-121.446201
1,33.910918,-117.883722
1,35.06685,-85.368222
1,34.319432,-118.494404
1,32.823487,-96.770146
1,38.562154,-121.487029
1,33.988968,-118.354095
1,33.563264608223136,-117.20376849118612
1,45.493773,-122.565354
1,39.513857,-119.901097
1,44.756261,-122.422139
1,33.977934000000005,-81.194983
1,44.54954981782651,-123.06201338709324
1,34.136418,-117.544275
1,38.37313,-121.95320900000002
1,40.24191500000001,-76.039437
1,45.373932,-118.301113
1,25.727691,-80.318455
1,34.011162,-117.822678
1,34.778556,-92.252514
1,25.706955,-80.290565
1,42.746307,-73.706344
1,34.177159,-118.130709
1,40.464481,-78.427115
1,40.51670900000001,-78.393663
1,33.886059,-118.168751
1,39.58860039692121,-76.67520403825438
1,34.274392,-118.376287
1,41.522297,-73.973605
1,36.214679,-86.779542
1,34.066628,-117.33387
1,33.930399,-118.365778
1,34.038208000000004,-118.273918
1,34.121317,-117.261362
1,39.809761,-123.248083
1,29.062632,-82.174802
1,34.236439000000004,-117.424911
1,27.205799,-80.331941
1,33.98334145529755,-117.36622452679936
1,29.807568,-95.370202
1,28.459396,-81.396537
1,30.457395,-81.635123
1,28.236633,-80.720447
1,37.783916,-121.191027
1,41.661076,-70.822422
1,40.751286,-74.211899
1,37.728585,-121.107884
1,40.715774,-73.979738
1,39.400571,-76.426689
1,47.395273,-121.516881
1,39.482992,-76.402582
1,32.70267,-96.82533
1,44.827441,-93.170143
1,30.464284000000006,-86.373746
1,38.018840999999995,-121.941803
1,37.76332100000001,-122.216202
1,28.673073,-81.47556
1,33.778889,-118.280106
1,38.295449,-120.918714
1,37.198851,-93.30809
1,33.872710999999995,-118.284805
1,27.447554,-82.575405
1,44.158161,-94.024826
1,41.86114,-87.95589
1,42.3955,-82.98904399999998
1,41.051657,-76.855171
1,46.62118,-112.01084
1,33.660932,-84.42833900000002
1,33.792314000000005,-118.207668
1,40.98784000000001,-73.67647
1,39.40318900000001,-77.429712
1,33.92503,-118.326561
1,45.64863324143578,-120.96158623637696
1,40.352346,-75.964297
1,36.23793,-86.7573
1,33.812658,-118.165108
1,30.313876,-81.660099
1,29.298573,-81.13033100000001
1,40.351734,-75.372442
1,33.333882,-86.779664
1,40.05142,-76.79950600000002
1,48.370785,-114.262657
1,36.11417,-83.330828
1,37.69817000000001,-121.93512
1,39.990234,-86.40680400000002
1,42.359197,-83.076751
1,33.871482,-117.68551399999998
1,37.701299,-122.073932
1,37.956287,-121.323268
1,38.067046999999995,-122.226814
1,34.283462,-82.05658299999997
1,25.847115,-80.20760899999998
1,39.214022,-84.686504
1,47.131512,-122.4347
1,36.283891,-119.709117
1,40.004875,-76.105145
1,39.03812527637941,-94.33594107582884
1,33.857191,-118.011263
1,37.219249,-120.369006
1,43.095921,-75.848675
1,40.75439572314856,-73.23099017108329
1,34.064873,-118.00248700000002
1,37.89289,-122.12503
1,29.003879,-81.420978
1,39.410887956431345,-76.6635096069495
1,38.158781,-122.499997
1,33.687965000000005,-117.907684
1,36.310028,-121.231212
1,35.072622,-80.749861
1,33.93809,-84.35795
1,28.494427,-81.400952
1,34.956866999999995,-81.990062
1,29.616649,-95.364968
1,40.657278299137786,-73.65033745730565
1,34.904003,-82.320435
1,37.547708,-122.319466
1,36.357761621301854,-82.70373702009819
1,45.62226176240146,-121.11011624278493
1,37.100708,-121.141655
1,33.855882,-118.025168
1,30.466707,-91.053382
1,40.748586,-73.896229
1,32.705589,-96.827171
1,41.64006,-108.48333999999998
1,40.919075,-122.398928
1,38.588782,-121.405211
1,34.740990000000004,-82.436975
1,47.729748,-122.324148
1,39.23081,-76.91413
1,45.508602,-122.778838
1,32.669047,-96.885781
1,38.916291,-77.525977
1,33.873090000000005,-118.28074
1,29.685928000000004,-82.96558
1,34.036261,-118.321182
1,35.828845,-78.58517900000002
1,42.4101,-87.85479000000002
1,41.21096,-111.948455
1,38.560435,-121.481534
1,40.73233,-73.74671
1,40.787187,-76.460608
1,37.970035,-121.289059
1,28.35618,-81.38969499999997
1,37.68983,-122.062275
1,45.11505800000001,-122.917085
1,46.320499,-105.986221
1,38.010975,-122.0886
1,25.748825,-80.420452
1,35.17442,-111.66978
1,34.012867,-117.344123
1,36.469002,-121.712868
1,41.970305,-78.563807
1,39.643789,-105.867701
1,34.962844,-78.91731800000002
1,33.814203000000006,-118.176322
1,33.897301,-117.494766
1,34.495808000000004,-118.623932
1,34.075081,-118.274307
1,34.186846017674505,-80.69306731185581
1,33.914143,-118.10527
1,26.723695000000006,-80.09163000000002
1,34.07004000000001,-117.132235
1,45.380176,-119.356147
1,30.682633000000006,-88.04282099999998
1,27.434891,-82.583952
1,37.496075,-122.232521
1,35.73319,-110.10747
1,33.927647,-118.256378
1,47.30072,-122.57226
1,39.395419,-76.692073
1,34.680458,-92.353273
1,38.016344,-122.251668
1,32.223439,-80.849241
1,38.67615580540336,-112.5929868215914
1,34.071832,-117.791644
1,33.912123,-84.383615
1,34.393343,-118.574525
1,32.411199,-80.647598
1,29.924925,-95.408657
1,41.87334,-87.64455
1,36.238049,-86.786445
1,36.976856,-121.900251
1,44.891374,-93.184711
1,33.803108,-117.963715
1,40.882694,-77.51209899999998
1,45.988458,-107.984844
1,32.361420392835804,-86.16739153820909
1,37.549453,-77.276195
1,27.799297,-82.66284300000002
1,40.268799,-103.621872
1,42.97306,-85.689611
1,40.75987,-111.98629
1,29.814072,-95.388075
1,29.78195,-95.30843
1,28.371493,-80.700252
1,43.110751,-123.51811200000002
1,41.687589,-91.798163
1,42.992437,-76.749741
1,38.005135,-122.037445
1,33.407565000000005,-111.891342
1,48.239635,-100.859087
1,42.94659,-115.426031
1,33.943325,-118.279716
1,36.16575,-86.787406
1,36.897247,-79.28961899999999
1,42.003661393918975,-87.88973450618799
1,32.865488,-96.811409
1,34.229156,-79.71566800000002
1,38.98449,-76.581187
1,34.647614000000004,-119.952637
1,38.336255,-121.823223
1,34.028090999999996,-118.230515
1,40.8617,-73.138838
1,33.407524,-111.874634
1,42.07438588122332,-75.80095410310841
1,37.690684999999995,-122.095779
1,32.61914849,-97.3214972
1,33.821829,-117.876251
1,39.130219,-104.8638
1,33.60575,-117.690192
1,38.328276,-81.598575
1,34.465446,-82.659325
1,38.86769,-76.99037
1,40.85447430591176,-73.91875147784272
1,38.847731,-77.220228
1,41.41734,-78.65502
1,37.753318,-121.351763
1,34.861646,-90.082601
1,41.011856,-77.88544300000002
1,45.790694,-118.217291
1,40.901236,-123.603701
1,32.265115,-110.900971
1,45.796524,-123.965283
1,42.501925,-82.918052
1,34.436081,-119.591278
1,26.723695000000006,-80.09163000000002
1,43.566666,-76.18757
1,48.826952,-122.179278
1,38.117897,-122.565025
1,33.89322,-118.26473
1,30.252996000000003,-97.712819
1,33.997181,-117.550522
1,38.253448,-122.392883
1,27.361024,-80.377426
1,40.183125,-74.618219
1,38.867021,-77.441328
1,30.232990980004157,-97.81892895651904
1,33.988147999999995,-118.037361
1,29.139366,-82.053476
1,39.204138,-120.199768
1,42.262081,-120.721897
1,33.515196,-117.663286
1,34.030328999999995,-117.69453
1,33.995472,-118.14526399999998
1,38.397587,-121.00583600000002
1,35.218816,-80.820914
1,41.20786,-73.735567
1,34.070172,-117.19918
1,39.787064,-84.224446
1,28.548864,-81.20863
1,39.011201,-122.847601
1,34.11770939810697,-117.8482067579372
1,38.572372,-121.467473
1,43.09316,-73.75094
1,37.728371,-122.138046
1,42.350399,-83.09877
1,44.66346400000001,-117.955546
1,33.64628,-117.356498
1,39.19283,-119.75912
1,35.840943,-78.541954
1,34.00784611685749,-118.28083634320124
1,38.917179,-104.775352
1,35.31188200000001,-120.836594
1,34.045819,-118.221082
1,34.910765999999995,-78.95515400000002
1,35.96359,-79.889
1,29.925040000000006,-90.101782
1,41.98839,-87.75131800000003
1,47.606812,-122.329147
1,33.801433,-79.018571
1,33.42694402,-112.0316112
1,42.378505,-83.222948
1,37.364101,-121.90197
1,33.928509000000005,-118.239166
1,30.039654,-89.971733
1,34.14805,-118.074327
1,34.020126,-118.19226100000002
1,25.993051,-80.341418
1,33.934551,-118.3526
1,25.78477,-80.2419
1,25.780841,-80.17175999999998
1,38.563278,-76.078559
1,34.086163,-117.466761
1,40.544224,-123.207109
1,34.052658,-118.187057
1,37.908807,-121.224356
1,45.072323,-93.306938
1,33.918061,-78.63999100000002
1,39.927892,-75.19600600000003
1,34.819908,-118.879387
1,42.748538,-78.834864
1,27.062749,-81.958087
1,32.742653999999995,-117.249418
1,33.960013000000004,-118.284226
1,34.033671999999996,-118.179909
1,33.924609999999994,-118.367737
1,33.201403000000006,-81.370712
1,32.921499,-96.847343
1,42.415421,-88.058687
1,30.423037,-91.139393
1,44.89216,-92.99921
1,36.648199,-79.498238
1,45.605159997722595,-123.03617834986191
1,37.408208,-122.00376599999998
1,35.800492,-78.670662
1,39.753941,-84.149297
1,45.035952,-92.800408
1,40.284615,-79.39295899999998
1,37.840748,-122.29723
1,34.382912,-117.415565
1,33.895848,-118.236551
1,36.588684,-119.44649
1,44.66928,-123.05807
1,44.552447,-92.651845
1,37.608572,-77.531086
1,38.922281,-77.036485
1,27.923128,-82.40195600000001
1,30.365763,-91.067161
1,43.600522,-116.570153
1,36.358461,-119.09859
1,42.78899074,-74.01973128
1,42.392273,-82.995827
1,36.149535,-86.758262
1,32.816384,-96.750388
1,34.222458,-117.405602
1,34.175594,-118.161038
1,34.971126,-81.900756
1,33.400958,-111.891278
1,38.680944,-77.230181
1,41.01418,-76.8677
1,38.262339,-77.038772
1,39.016994,-122.642574
1,40.612839,-89.458267
1,42.224203,-83.653217
1,38.079948,-122.215294
1,35.020207,-85.201894
1,41.707821,-87.592529
1,38.765078,-90.338183
1,33.256269,-96.610862
1,35.147929,-90.287271
1,42.08213,-88.33904
1,28.390354,-82.668712
1,33.767133,-117.92024
1,35.78498,-78.64896999999998
1,42.019435,-91.616982
1,32.749653,-96.913554
1,33.41106,-86.760108
1,46.77998,-92.44916
1,34.314175,-117.477332
1,34.88795,-82.290513
1,33.848898,-84.430807
1,29.763219,-95.370227
1,43.153949,-77.620125
1,32.70103,-117.120877
1,40.254527,-75.578912
1,40.905736,-74.104489
1,33.913148,-84.391074
1,33.876289,-118.102577
1,34.717397,-79.845674
1,34.209843,-118.995698
1,38.330666,-122.71344
1,34.065974,-118.215433
1,42.026146,-87.961294
1,46.387935,-95.321234
1,33.995621,-117.875397
1,36.985105,-121.990636
1,38.994582,-120.92201
1,38.357125,-122.28753600000002
1,45.54437,-122.405194
1,41.512924,-87.319647
1,40.765331,-73.95193499999998
1,40.62509,-74.30633
1,28.980506,-81.24985
1,40.75005,-74.11693299999997
1,29.600035,-95.235753
1,34.145027,-117.320068
1,34.018909,-117.506721
1,29.965267,-90.110614
1,37.986778,-122.315117
1,37.729215,-122.138468
1,34.064007000000004,-117.296761
1,41.690147,-106.38295
1,34.237033000000004,-80.497688
1,32.935456037364304,-80.04504561386085
1,37.778076,-79.91566999999998
1,33.883327,-118.104057
1,29.903062,-95.552341
1,35.900926,-78.68109799999998
1,45.921089,-123.895139
1,42.268627,-88.03324
1,33.98082,-117.970818
1,26.185679,-80.152299
1,25.908675,-80.309607
1,34.007956,-118.156568
1,40.23817,-75.242278
1,38.981684,-76.15934
1,38.380265,-75.067864
1,40.75689000000001,-73.99535999999998
1,27.586959000000004,-82.409144
1,37.827627,-120.94247
1,25.857832,-80.20820400000002
1,34.147118,-118.226044
1,34.030719,-117.588096
1,40.337733,-79.533047
1,35.770093,-78.613683
1,36.423013,-93.773117
1,34.425117,-118.42363
1,33.987789,-118.39962
1,35.383251,-119.074117
1,42.208811,-73.636889
1,38.511575,-77.376354
1,41.692509,-72.81215300000002
1,35.015444,-85.27714399999998
1,39.808612,-75.51491999999998
1,35.137892,-119.084297
1,43.017386,-83.73459100000002
1,45.238846,-92.77182
1,35.79617899999999,-78.411218
1,38.225111,-76.518443
1,35.278239,-80.766035
1,30.43908,-91.18775
1,34.344495534733085,-119.2935955518756
1,38.794001340681106,-77.02123045884599
1,33.658837,-117.780314
1,42.417564,-76.017403
1,35.380836725066274,-77.22192406617535
1,34.616602,-92.502511
1,45.304967,-93.003033
1,43.0599,-88.43754
1,36.18758,-86.776038
1,32.82653,-96.864879
1,36.150974,-86.864165
1,33.63549113257581,-84.457257985666
1,45.612992,-122.00091
1,37.739335,-121.59082
1,33.483163,-86.827214
1,41.098101,-123.69446
1,40.541499,-74.296173
1,42.458103,-84.929802
1,33.968391,-117.32851399999998
1,42.834998,-83.741136
1,36.136027,-86.727122
1,46.838586,-100.878184
1,40.853894,-73.963726
1,36.905459,-82.37272800000002
1,32.903976,-96.723378
1,36.044672727412966,-83.9987719054985
1,37.630137,-97.386363
1,27.770787,-82.73704000000002
1,26.085437,-80.204004
1,40.872957,-123.755711
1,35.75063824636578,-120.70012450160644
1,43.62908400000001,-122.145607
1,25.515028238174843,-80.4078948493938
1,34.419919,-119.672988
1,44.853819608474474,-93.39512944176964
1,25.793716,-80.30562900000002
1,33.923969,-118.300339
1,27.24232,-82.45141
1,30.005247,-90.03680200000002
1,33.3776,-112.13379
1,28.054889000000006,-81.957432
1,43.03252,-87.97272
1,34.094749,-117.987976
1,34.521111,-117.981481
1,34.135208,-118.35886399999998
1,30.469512,-91.137048
1,44.946216344619046,-93.03979039147836
1,38.884102,-77.225013
1,41.234109,-74.885068
1,35.851623,-78.628869
1,37.546432,-77.371501
1,37.52082100000001,-77.433526
1,38.52242,-77.370594
1,28.146275,-82.740257
1,40.73208,-73.86974000000002
1,41.51316,-73.12473100000003
1,47.43736,-122.21868
1,38.660746,-121.34131200000002
1,41.319484,-112.026881
1,43.126639,-77.524288
1,29.787027,-95.291886
1,36.667674,-121.631366
1,42.65347,-88.80599000000002
1,47.160057,-122.467735
1,41.680904,-87.662285
1,28.106157,-82.249335
1,42.371183,-107.42953500000002
1,28.45089,-81.373225
1,37.779411,-122.399017
1,33.813371000000004,-79.034071
1,35.57905200000001,-82.46871999999998
1,33.983027,-118.358482
1,34.35537,-117.438961
1,47.463058,-122.265221
1,28.026863,-82.18214300000002
1,33.834514,-117.352075
1,33.643742,-79.027736
1,29.355468,-82.22165600000002
1,47.579071,-122.319298
1,33.193591832956336,-117.24681258145692
1,32.798792,-117.156347
1,44.09692168214752,-123.16833615244308
1,47.547504,-122.32148
1,25.867852,-80.251621
1,47.627102,-122.290993
1,43.025951,-83.635124
1,37.419530153096105,-122.09062457026438
1,41.766205,-71.93746
1,38.219766,-76.974025
1,38.644615,-121.385094
1,34.615996,-118.183666
1,34.511007,-82.305753
1,33.755911588507864,-117.83121228161892
1,35.27087,-119.0241
1,40.200827,-77.050136
1,38.80575,-120.818882
1,35.224355,-80.891035
1,39.358542,-78.218016
1,37.999293,-120.279253
1,39.051327,-94.498498
1,32.726747,-97.29799
1,41.400892,-73.068275
1,32.399428,-93.80677
1,41.634457,-106.282684
1,36.055703,-79.097819
1,44.062954,-123.094071
1,33.341689,-111.013146
1,26.08409,-80.19263000000002
1,33.856705,-118.284599
1,34.4382,-119.789319
1,42.634101,-73.551068
1,41.41393,-87.32135
1,31.766063,-106.482655
1,36.758719,-76.349884
1,45.404487,-122.744482
1,38.667624,-120.93058700000002
1,36.653987,-78.134982
1,41.818211,-87.738869
1,44.976476,-72.519835
1,37.898164,-122.090846
1,30.236724,-93.221837
1,42.018211,-87.941452
1,35.747351,-90.692797
1,28.64671,-81.797151
1,33.181872,-117.32507
1,38.51414000000001,-121.77607
1,25.913003682966647,-80.21177172622579
1,44.907388,-93.141775
1,33.946816,-118.30026200000002
1,40.144124,-75.370456
1,38.685043,-122.842262
1,37.531803,-121.9403
1,41.09780900000001,-75.961402
1,39.356257,-120.144676
1,30.291457,-97.62837
1,25.789543,-80.204022
1,28.299005,-82.70732199999998
1,40.64135,-111.80848
1,34.035095,-118.333626
1,32.394233,-93.789719
1,34.03313,-81.1069
1,38.501978,-123.000298
1,41.551,-87.80006
1,40.907059,-77.68415300000002
1,34.97595190985214,-85.45476078946373
1,33.86968017,-117.67154574
1,40.514217,-79.95191700000002
1,41.049371,-73.811092
1,25.9246766565994,-80.21198630294698
1,45.434356,-123.824769
1,33.887017,-84.458137
1,34.067638,-117.575103
1,32.88406,-117.22817
1,40.524885,-74.262163
1,30.359724,-97.532618
1,41.79655,-88.31652
1,47.64299000000001,-117.607102
1,44.89029,-93.40523
1,48.810822,-114.975391
1,32.942601,-80.052319
1,40.006119,-75.761196
1,44.98705,-93.088949
1,38.016769,-121.990753
1,30.311182,-81.52399399999999
1,37.926338,-122.061163
1,35.888836,-86.48121400000002
1,39.218884,-85.334147
1,29.873102000000006,-82.542439
1,33.931909999999995,-118.1013
1,32.861407,-96.657335
1,47.466751,-121.71946
1,37.822661,-122.261419
1,32.768874,-117.208151
1,39.001499,-76.982186
1,36.86193400000001,-77.84150600000002
1,39.941933,-75.35605799999998
1,40.572,-111.77329
1,34.800839,-82.424298
1,42.180144,-76.11613299999998
1,37.531986,-122.0065
1,38.902529,-77.031943
1,44.127128000000006,-124.123602
1,37.92862,-122.322931
1,26.114341,-80.168577
1,34.239109,-117.851311
1,39.138547,-77.75617700000002
1,33.003531,-96.824826
1,32.199585,-111.019715
1,33.751606,-84.447063
1,34.061096,-118.165329
1,37.010296,-119.893639
1,45.644378,-121.923814
1,29.149728000000003,-82.073753
1,33.97759,-80.93125
1,39.642797,-75.82248100000002
1,34.013742,-118.280663
1,28.487852,-81.437888
1,35.010643,-85.320236
1,34.842420000000004,-82.282737
1,33.16494,-117.21278999999998
1,33.828065,-118.288189
1,32.30854,-110.887085
1,30.006124,-90.034533
1,41.98737,-87.75135999999998
1,42.997251,-83.678046
1,34.418169,-82.800949
1,40.269657,-75.515917
1,37.702513,-121.745413
1,34.743834,-83.049487
1,39.803675,-86.074302
1,38.47612700000001,-121.436353
1,35.732479,-77.865799
1,28.188931,-82.466463
1,29.973576,-90.048733
1,35.857306,-86.44643
1,45.183192,-93.318567
1,33.945541,-118.279922
1,40.29213,-78.266476
1,34.136204,-117.448273
1,33.846926,-117.252848
1,33.994743,-118.071159
1,40.42102932910719,-80.0943124290462
1,34.05722,-117.991768
1,40.342558,-74.106243
1,47.667464,-122.376137
1,43.45764000000001,-73.44521
1,39.320881,-121.505463
1,33.748054,-117.843027
1,39.057609,-94.627436
1,34.106239,-117.532013
1,40.39298400000001,-122.285116
1,43.171617,-123.368583
1,38.63602,-121.385914
1,35.266062,-89.65746999999998
1,32.906509637675725,-96.89966082526732
1,42.378441,-83.22183199999998
1,27.258367,-82.52051999999998
1,41.69443488101151,-91.6447412963312
1,34.082005,-118.224655
1,33.93225,-118.09042
1,33.797707,-118.290884
1,34.144985,-117.272408
1,34.484790999999994,-117.26799
1,25.840238,-80.24971
1,38.07553400000001,-122.541815
1,41.86320900000001,-87.64434
1,36.828552,-121.400314
1,34.59401,-84.904639
1,35.275479,-120.671105
1,46.52035,-92.90837
1,37.596641,-77.487686
1,33.843697,-117.25106
1,34.032899,-118.180182
1,45.126161,-121.59101499999998
1,41.247669,-73.74396899999998
1,28.513744,-81.320418
1,34.068165,-117.522141
1,47.575641999999995,-122.383514
1,40.890999,-76.560905
1,32.84366012,-117.21348882
1,33.768440000000005,-84.49486
1,35.616042,-119.691414
1,37.382236,-121.965096
1,45.06549954392879,-93.24743628457428
1,47.238579,-122.416672
1,33.876362,-118.082367
1,34.235109,-118.412351
1,29.570142,-95.664809
1,30.531789,-97.935122
1,32.68943,-117.01434
1,38.770543,-120.310832
1,38.683821,-121.456859
1,45.382621,-92.765633
1,40.73716521243698,-73.59089970553593
1,33.789928,-118.207939
1,29.574246,-81.231876
1,38.054054975328185,-121.259204148668
1,33.938206,-118.315591
1,33.861168,-118.285156
1,33.993561,-118.069321
1,31.771796,-106.377171
1,36.298176,-119.384762
1,33.444325,-84.197315
1,38.940959,-94.594537
1,45.50442,-122.56546000000002
1,41.557519,-75.652957
1,38.93734,-94.85254
1,27.956021000000003,-82.467263
1,40.308647,-122.384037
1,41.061562,-73.859227
1,47.881916,-122.233322
1,43.954786,-92.127925
1,36.160482,-86.77526999999998
1,33.985197,-118.45188799999998
1,45.09440302827314,-93.29002976373056
1,34.064655,-118.245598
1,38.577727,-79.11185
1,29.801099,-95.528715
1,34.5005,-82.040988
1,40.69662,-111.941448
1,33.868821000000004,-117.730125
1,42.93255300000001,-83.57422
1,42.297828,-83.89840500000003
1,41.742198,-87.70218
1,41.25747,-73.143142
1,44.714273,-93.588784
1,43.518932,-89.10183599999998
1,45.487101,-107.382179
1,34.581432,-118.133881
1,42.338389,-123.580838
1,43.63705,-95.32942
1,33.610316,-112.313752
1,40.007514,-79.076473
1,29.75542902932284,-95.3660380835754
1,42.86901,-85.55346
1,32.871083,-117.195957
1,42.362831,-83.054947
1,44.97113,-93.46029
1,34.216672,-117.288011
1,40.018219,-75.169824
1,36.23416542989619,-86.7204201217331
1,34.466978999999995,-118.325699
1,34.023815,-117.76944
1,37.71928,-122.176795
1,47.604134,-122.18438
1,39.206512,-76.60063000000002
1,45.55981,-122.17327
1,35.236475,-80.874563
1,34.756640000000004,-86.63987
1,34.060520000000004,-81.04902
1,38.866308,-84.62394
1,33.850147,-117.875916
1,40.77227,-73.680092
1,40.742679834171575,-74.15590167010231
1,25.953226,-80.178195
1,33.534838,-86.72152700000002
1,47.502686,-122.196663
1,33.68806243,-84.39972997
1,37.709904,-121.398065
1,38.800235,-77.07807
1,38.76465200000001,-104.775337
1,41.201562,-105.434619
1,28.076016,-81.98284
1,42.39483475664904,-122.28314280451644
1,42.179802,-92.904246
1,36.235589,-86.710477
1,34.046608,-118.268818
1,40.553148,-78.333702
1,32.832923,-117.194832
1,28.387504,-81.56930200000002
1,37.144145,-122.331974
1,30.372691,-97.678816
1,37.748791,-122.404007
1,36.189154,-86.7336
1,39.413437,-108.093712
1,34.034954,-118.33371
1,38.40139,-82.482401
1,47.502686,-122.196663
1,34.970575,-113.670277
1,35.742456,-78.62391099999998
1,38.094123,-122.237285
1,41.87386,-87.64562
1,30.084629,-97.735937
1,33.732458,-84.23126500000002
1,39.638671,-77.95278499999998
1,40.934214,-124.083421
1,37.617496,-122.074219
1,33.901278999999995,-80.093311
1,33.71816754325047,-84.50240492780445
1,40.726414918705345,-73.76584410632245
1,41.95522,-72.5972
1,33.993473,-118.1763
1,36.250754,-120.241504
1,44.88386,-93.13577
1,26.723695000000006,-80.09163000000002
1,37.630201,-122.434054
1,33.87343525870384,-118.2421267026985
1,34.096315000000004,-79.92744499999998
1,40.847537,-73.935045
1,28.795507,-81.354276
1,37.645087,-76.384302
1,30.40845,-81.75215
1,33.57855,-84.3503
1,33.749642,-118.272176
1,34.997572,-85.248739
1,28.39145,-81.617935
1,33.978426,-118.24918999999998
1,41.145082,-73.262139
1,42.017841,-87.806572
1,37.143892,-120.279989
1,37.492859,-121.948601
1,34.136126000000004,-117.511598
1,32.773035,-96.738489
1,42.811821,-83.895119
1,45.386006,-118.315515
1,33.730694,-117.811592
1,40.72847485522876,-73.88562083209091
1,44.932802,-123.096334
1,40.263737,-74.510719
1,40.72572,-112.02055
1,34.06617,-117.99272
1,28.40516209588811,-80.70237994155548
1,36.69932485,-119.59213614
1,38.429661,-122.745682
1,36.09079000000001,-86.76274000000002
1,41.90637231,-87.91992545
1,40.726028,-111.961508
1,28.769892,-81.953906
1,34.282528000000006,-118.874651
1,34.917505,-82.860775
1,32.842529,-79.97610300000002
1,34.173649,-118.553482
1,33.631240000000005,-84.48938299999998
1,38.077897,-121.260026
1,36.08434000000001,-87.09416
1,34.065657,-117.50186399999998
1,36.36777,-78.36513000000002
1,41.31306767443984,-72.36360669101542
1,34.082329,-118.225792
1,47.65386,-117.380729
1,40.912576,-80.393412
1,46.016915,-123.622832
1,33.976625203924286,-84.34475541074588
1,34.11522,-118.336046
1,27.99341,-82.45359
1,33.949718,-117.385658
1,40.022238,-75.61689
1,34.113414,-118.577036
1,37.546111,-77.652608
1,26.30565,-80.17493
1,39.237972,-120.031528
1,34.06469,-118.002463
1,45.007992982649746,-93.10088038400124
1,40.068554,-76.307982
1,45.282399,-118.033029
1,40.387613,-78.434337
1,33.007407,-111.433133
1,37.317062,-121.94059
1,38.920142,-77.219763
1,42.249925,-120.323191
1,32.593718,-97.144086
1,34.134725,-117.627793
1,45.620257,-118.655769
1,30.670321,-85.063103
1,26.092947,-80.22498900000002
1,39.590608,-106.100132
1,34.076124,-118.46902
1,40.910094,-73.877098
1,33.687038,-117.866278
1,38.350334,-81.620003
1,32.43853,-86.42684799999998
1,33.29843401892997,-111.89501166290331
1,40.06682,-75.31045999999998
1,41.23607,-96.086123
1,27.036463,-80.233358
1,38.039973,-122.263529
1,32.591704,-83.375726
1,33.923297999999996,-118.239059
1,30.411175489280645,-91.186491250557
1,32.765039,-117.154952
1,34.373196,-117.423503
1,39.389601,-76.533776
1,32.604376,-96.822741
1,38.11245,-122.229668
1,34.044182,-118.181129
1,34.134823,-117.612468
1,26.117062,-80.32299499999998
1,39.74008900000001,-104.992989
1,32.732581,-117.111825
1,33.996746,-118.33329
1,36.897679,-77.797933
1,37.900768,-122.31073
1,39.784581,-86.165848
1,38.090359,-122.229424
1,39.707534,-75.58784200000002
1,32.9258,-96.811383
1,34.708068,-118.795569
1,41.357207,-75.717124
1,37.341423,-121.853577
1,34.030590999999994,-118.216634
1,32.710770000000004,-80.86609200000002
1,33.745166999999995,-82.741412
1,40.18952250461489,-79.69708800277854
1,35.84288,-78.573631
1,34.147743,-118.031677
1,39.219635,-76.658316
1,32.88421,-96.69716
1,36.231877,-86.801586
1,33.797134,-118.108017
1,34.856421000000005,-82.14186099999998
1,41.163906,-73.37583199999997
1,36.80848,-119.784804
1,32.74770140632273,-80.83232760390838
1,34.145022999999995,-117.278755
1,38.115945,-121.398146
1,40.359564,-79.27465600000002
1,25.944908,-80.192238
1,38.217068,-122.603615
1,44.811694,-122.779731
1,42.381941,-83.523074
1,34.069122,-117.35302
1,39.247902,-112.119665
1,39.54263806324222,-111.95286154693626
1,28.409196,-81.471506
1,42.954152,-78.766313
1,38.866162,-77.322487
1,37.71828,-77.44836600000002
1,35.35599000000001,-80.72623
1,32.78514000000001,-97.32108
1,38.673412,-121.629257
1,42.40815997103496,-122.94813752115748
1,32.730079,-117.064073
1,34.645610999999995,-118.244858
1,35.820623,-78.324709
1,34.038219,-118.274094
1,29.633026,-95.271334
1,35.027557,-81.871737
1,34.041412,-118.064323
1,45.948273,-123.924228
1,44.022785,-123.895493
1,37.460237,-122.290318
1,25.807496,-80.205763
1,36.181572,-120.197933
1,47.53497700000001,-122.19596
1,42.973461,-85.640045
1,42.627972,-114.448431
1,45.27426,-122.77446
1,30.434057,-91.176656
1,44.948511,-92.98232
1,39.028409,-94.255811
1,34.085685999999995,-118.21636
1,34.069051,-117.969714
1,30.197392,-93.175853
1,44.608844,-123.478623
1,32.361634,-86.175459
1,33.770945000000005,-117.991178
1,41.694263,-87.659653
1,37.364341,-121.901882
1,33.73568,-117.81931000000002
1,34.121368,-118.271479
1,41.900535999999995,-88.72171
1,36.965163,-76.515022
1,33.804138,-118.207337
1,30.01416,-89.98826700000002
1,38.97961,-94.356351
1,37.822462,-122.268594
1,34.49190974219088,-83.01809191664209
1,40.415084,-75.920396
1,37.787831,-77.895985
1,34.41573500616829,-81.709216832725
1,45.851413,-123.538834
1,37.962944,-122.054352
1,33.846607,-118.20536
1,40.869816,-77.646592
1,38.794409,-77.053674
1,41.096855,-105.171761
1,38.47415,-121.42281
1,32.667724,-97.317155
1,34.037525,-117.93801100000002
1,34.350291999999996,-117.385628
1,34.241458,-77.95784499999998
1,34.783004,-92.229849
1,47.715511,-122.291512
1,37.066401,-121.219099
1,37.633137,-122.398293
1,38.599643,-122.914942
1,29.70841,-95.226138
1,38.064617,-122.164604
1,34.842420000000004,-82.282737
1,33.783508000000005,-118.22644
1,34.631534,-82.599688
1,33.93916010840445,-117.19582915250209
1,33.844013000000004,-117.250732
1,41.520327,-72.839572
1,29.74508643,-95.36168218
1,34.730669,-92.279791
1,35.32333016378725,-84.78785634000401
1,32.765937,-80.697113
1,39.564031,-121.43374
1,39.983129,-75.335195
1,27.53207,-82.549819
1,33.265396,-80.336548
1,27.369699,-82.513962
1,35.443077,-120.638107
1,33.883525,-117.627585
1,34.077569,-118.283724
1,33.04746,-80.18413000000002
1,34.106506,-117.821762
1,47.193339,-122.28275
1,39.015964,-94.496394
1,35.412848,-119.052858
1,38.698557,-121.00778400000002
1,29.941497,-95.414812
1,37.997757,-122.285355
1,40.78954,-73.82037
1,35.112262,-85.266625
1,31.887172,-81.62996700000002
1,37.510143,-122.488571
1,32.917732,-96.745165
1,39.548897,-77.909561
1,35.216741,-91.732455
1,25.812436,-80.215113
1,40.846059,-73.930479
1,40.247655,-75.650009
1,38.942273,-78.13844499999998
1,42.645956,-88.982946
1,41.621704,-72.72871500000002
1,28.487925,-81.417511
1,41.87385,-87.80816999999998
1,43.04532,-89.314148
1,25.727785,-80.419975
1,32.680885,-83.353602
1,48.071225,-122.184652
1,29.978727000000006,-81.457502
1,40.44536,-78.389093
1,40.066286,-75.313283
1,35.12907,-85.009741
1,38.395958,-122.713517
1,36.2628,-86.68090500000002
1,30.421019,-97.763159
1,39.923726,-86.233416
1,34.148575,-118.697922
1,37.704788,-122.47113
1,30.21083,-81.51371999999998
1,35.906353,-119.259272
1,37.097019,-121.648337
1,32.20441,-110.87503
1,43.085533,-76.229502
1,40.023252,-75.034314
1,45.521024,-122.665754
1,35.094328999999995,-118.582478
1,39.229308,-76.62442800000002
1,34.290898,-117.451895
1,41.60185,-87.147052
1,38.312172,-122.480591
1,34.34764981253458,-117.4485576147201
1,33.080767,-117.29683
1,34.175884,-117.675842
1,32.789682,-96.825069
1,44.629136,-123.768571
1,42.880054,-78.878304
1,33.786537,-118.094131
1,27.806473,-82.700142
1,34.078674,-118.227844
1,33.93077,-117.879921
1,40.846029,-73.930224
1,33.832433,-118.208924
1,46.67214274384178,-113.15861105864929
1,34.085506,-117.689438
1,35.263669,-80.81755
1,32.67327,-96.59632
1,34.029072,-118.213303
1,37.891754,-121.609483
1,44.772988,-123.043431
1,37.381865999999995,-121.963829
1,37.541822,-122.290906
1,35.74899600000001,-90.692574
1,38.593973,-121.504394
1,36.996006,-121.717102
1,40.02039,-74.94487
1,37.317062,-121.974922
1,39.101335,-121.550952
1,42.35309,-83.090137
1,42.009283,-74.000294
1,38.661693,-121.35908899999998
1,32.229639,-110.985679
1,40.687276,-73.999933
1,40.666025,-73.841544
1,34.485481,-117.335136
1,33.83242,-118.20899
1,27.770004,-82.724295
1,42.474846,-83.182953
1,30.21076,-81.514037
1,34.004406,-118.412827
1,26.093153,-80.226938
1,32.748967,-117.15578899999998
1,34.024781,-117.734714
1,34.040386,-118.079437
1,32.804845,-96.768216
1,29.65594,-95.348858
1,38.290175,-77.45298000000003
1,34.152221999999995,-118.378998
1,34.960981,-119.447527
1,34.072235,-117.926643
1,38.926441,-121.368363
1,34.560352,-82.692482
1,29.78485,-95.57439
1,34.141541,-118.273819
1,34.29361939,-118.47024321
1,29.388517,-98.512092
1,38.39272141438297,-121.58287167491156
1,43.087008,-123.570943
1,41.559165,-72.919188
1,33.313528000000005,-117.212695
1,40.851799,-73.871597
1,46.883157,-113.994065
1,47.49052,-122.191971
1,40.757572,-111.914307
1,39.788083,-86.131524
1,33.948535,-117.301523
1,37.184141,-78.118638
1,28.251353,-81.487275
1,40.742936,-74.166914
1,42.26936,-85.51187
1,37.333098,-76.709665
1,32.727882,-97.815614
1,45.941315,-108.206581
1,33.428766,-112.099952
1,26.071017,-80.166667
1,37.688946,-122.135628
1,34.748843,-81.95490799999997
1,33.895748,-118.050659
1,37.248807,-77.42760200000002
1,36.132757,-91.608952
1,25.679704,-80.323138
1,34.057798,-118.179835
1,40.165629,-75.474575
1,38.470247983749054,-76.77298665010083
1,28.359790000000004,-81.36515899999998
1,25.442656,-80.483284
1,34.152084,-118.126834
1,43.032391,-83.666107
1,34.422934999999995,-117.383156
1,34.151676,-118.143764
1,29.809927,-95.486706
1,34.148196999999996,-118.083778
1,34.012469,-118.490532
1,34.069817,-118.261299
1,37.48637,-122.14253
1,34.050369,-117.925598
1,34.019634,-117.988121
1,33.298142,-84.771551
1,43.14369,-78.83895
1,40.366269,-78.771661
1,33.923747999999996,-118.291641
1,41.498804,-77.58300200000002
1,29.99412417397501,-89.9409377570632
1,41.957576,-73.89371
1,33.858994,-117.536405
1,42.60266,-83.16543
1,37.31673,-121.97209
1,30.367723,-81.760865
1,35.122343,-78.934659
1,37.01503,-119.525606
1,30.258365,-97.750106
1,30.63273,-83.31241999999997
1,37.852909,-122.492371
1,44.035514,-71.121788
1,35.747351,-90.692797
1,39.24613594990136,-76.68726324998528
1,37.788967,-122.387677
1,45.1279,-93.486
1,33.412284,-112.011476
1,30.269726,-81.772667
1,28.771463,-80.894081
1,34.615662,-92.504398
1,33.57354,-112.1172
1,29.67985,-95.425896
1,39.356664,-120.144306
1,40.053108,-75.571166
1,36.793021,-119.808601
1,35.19529199999999,-80.884019
1,37.624231,-121.00946
1,37.43441,-120.77968
1,44.788753,-122.58996299999998
1,34.117845,-118.337299
1,39.948475,-82.06360500000002
1,44.112625,-93.958874
1,30.283668,-82.11460600000002
1,39.266483,-119.817997
1,34.143328000000004,-118.278084
1,46.047273,-92.917824
1,37.705854,-122.061485
1,32.255781,-110.974127
1,38.496824,-121.45962
1,39.821141,-86.030948
1,40.757721,-73.609954
1,39.953337,-75.581313
1,44.16056,-121.25876
1,38.766604,-90.494744
1,45.98527,-95.68567
1,32.693302,-96.631363
1,39.329382,-120.280909
1,26.102911,-80.265793
1,45.927879,-122.379692
1,33.45742,-112.504317
1,35.684614,-78.797168
1,47.118706,-122.556908
1,40.641851,-124.209232
1,38.588348,-123.302353
1,29.937857,-95.432213
1,35.271279,-80.854522
1,37.953173,-122.33366
1,35.121783,-80.755513
1,37.640491,-77.58906400000002
1,42.812388,-121.834803
1,34.12157178,-117.69482732
1,35.37395,-118.89991
1,44.808307,-117.733215
1,34.059761,-118.16436000000002
1,37.657774,-77.450405
1,42.518986,-83.616135
1,28.757348,-81.382083
1,39.90254760000001,-75.15085101
1,39.512546,-77.594543
1,34.313709,-118.488801
1,36.4218,-78.30828000000002
1,38.933304,-78.477884
1,29.602707,-82.37383299999998
1,39.138704,-94.566839
1,27.03413,-82.208208
1,39.84946131687236,-75.53792595827322
1,39.550496,-74.737932
1,45.635672,-118.680227
1,29.71835,-82.49594
1,33.160032033762164,-111.87466978973448
1,40.158533,-75.878287
1,44.78891015031438,-95.40174364998148
1,44.09731,-121.30192
1,37.066401,-121.219099
1,39.96084809284229,-75.14005780184203
1,32.702027,-96.686225
1,34.220181,-118.35733799999998
1,32.4465,-93.756798
1,39.850931,-75.096748
1,40.487161,-111.895419
1,38.839362,-94.529571
1,33.840118,-117.068596
1,34.028507,-118.254456
1,40.046002,-76.418609
1,31.544849,-82.41264699999998
1,33.144441,-117.333429
1,33.930481,-117.28871200000002
1,36.6321,-119.340179
1,30.301694,-89.72551
1,35.390426,-118.985036
1,37.701788,-121.919335
1,37.851562,-122.29938500000002
1,44.972008,-117.87947
1,28.487925,-81.417511
1,39.01679,-122.911584
1,37.429479,-121.918466
1,47.60944,-122.331787
1,44.65449,-117.58369
1,36.830886,-80.85180799999998
1,35.776215,-78.708287
1,37.84917700000001,-77.526043
1,45.102516,-93.776488
1,40.972285,-78.301222
1,33.837299,-117.533066
1,29.773066,-95.409532
1,34.057651,-118.242507
1,37.74055900000001,-121.58578500000002
1,42.46204,-73.59238
1,30.316119,-81.674904
1,44.248536,-124.112099
1,40.503362,-80.02770699999998
1,32.326865999999995,-90.325879
1,36.97443300000001,-121.719642
1,38.958538770489895,-76.90563797914074
1,34.004471,-118.063873
1,37.250503,-121.836058
1,39.27212,-76.55469000000002
1,37.790421,-122.260002
1,41.681227,-72.541256
1,39.30849,-120.718
1,34.087298,-117.684207
1,36.743626,-119.809869
1,42.039264,-73.98910500000002
1,40.027661,-74.053471
1,27.387425,-82.455608
1,28.560724,-81.467663
1,35.29095,-118.749064
1,40.676494,-74.00178199999998
1,40.279823,-75.64301400000002
1,41.953943967619146,-74.93395686113865
1,39.887371,-75.216088
1,47.667469,-122.399849
1,43.743245,-93.319295
1,34.01801,-118.052852
1,32.692366,-96.631951
1,36.797669,-121.700098
1,26.087368,-80.173702
1,41.567327,-87.335911
1,29.99282,-90.04883000000002
1,34.222549,-117.403427
1,44.02139,-121.31892
1,30.35568594918081,-81.66864037474791
1,33.144699,-87.543552
1,37.26661,-77.39625500000002
1,33.879003999999995,-117.55637
1,39.451957,-77.40010799999997
1,28.640664,-81.415366
1,39.66453900000001,-83.51368000000002
1,35.32196300000001,-80.827152
1,34.134875,-117.605112
1,38.188924,-120.654105
1,34.183114,-118.150715
1,33.921843,-118.178311
1,34.087169,-117.679154
1,39.72558618,-105.08880973
1,32.87509560569346,-96.86459898902476
1,33.208602,-80.045241
1,32.174726,-110.956896
1,41.92581,-85.566501
1,33.065196,-112.047711
1,40.895437001987,-96.5672814841434
1,28.492141,-81.458805
1,36.752938,-119.827103
1,38.90806,-91.53726
1,39.801864,-75.19259100000002
1,33.813453,-79.017282
1,39.895779,-75.107986
1,34.398327,-79.124636
1,42.34365800000001,-87.92169200000002
1,34.853346,-120.259729
1,38.788396,-121.221479
1,30.035516,-89.980226
1,36.851236,-77.42784
1,27.122005,-80.273595
1,29.726840000000006,-95.520672
1,41.263848,-78.499146
1,33.924644,-118.209816
1,44.16242,-121.25747
1,36.844793,-76.194427
1,39.15533,-94.49797
1,43.17465900000001,-77.621535
1,39.78322148,-86.16232753
1,33.2671,-84.213673
1,39.204761,-120.199463
1,35.303589,-80.848871
1,47.083527,-122.435036
1,28.148914,-82.407878
1,33.45921,-84.20839000000002
1,35.029866,-85.274564
1,36.277767,-86.752191
1,33.240949,-87.584884
1,47.529090999999994,-122.269989
1,39.359741,-123.316801
1,42.315899,-88.005969
1,37.3802,-121.95725
1,40.690172,-73.57079300000002
1,34.049112,-118.222092
1,28.59737100000001,-81.29906700000002
1,46.04699492432571,-92.91700959161322
1,40.764609,-111.918464
1,25.92184,-80.21123
1,32.177687,-81.394116
1,32.697627000000004,-117.094968
1,37.632585,-120.957292
1,37.792629,-121.189903
1,45.515488,-122.693263
1,36.882492,-121.561478
1,33.972759,-117.332201
1,33.728719,-117.222935
1,27.111795,-82.224388
1,38.73923900000001,-120.858148
1,39.238227,-76.668309
1,38.137937,-77.508668
1,34.470364000000004,-117.34641299999998
1,35.651073,-78.72028399999998
1,32.87134051,-96.89856648
1,44.7142,-93.588566
1,37.962433,-122.286213
1,37.771427,-122.1567
1,40.681869,-74.002545
1,29.749457,-95.622058
1,32.794906,-96.717039
1,39.553721,-76.14280500000002
1,35.66587,-78.563575
1,40.885926,-73.913085
1,40.229018,-74.798277
1,38.239838,-122.084084
1,35.168099,-85.078027
1,41.873721999999994,-87.803841
1,35.11210083944744,-90.0288498397349
1,33.06878,-117.069571
1,40.25217,-74.73359
1,42.795131,-83.54808100000002
1,43.972315,-92.072581
1,34.02370334,-118.42773557
1,28.853209000000003,-82.38619
1,33.267152,-111.888874
1,34.08168,-117.719543
1,37.583699,-77.333977
1,35.59792,-119.21012
1,39.60423,-105.22933
1,33.771049,-117.99203500000002
1,47.546341,-122.308426
1,33.69325300000001,-117.928959
1,26.445454,-80.089849
1,33.973909,-117.549025
1,34.024048,-117.558258
1,33.8396,-118.263474
1,41.518095,-73.977845
1,33.255725,-117.072302
1,44.970389,-93.347249
1,38.65263,-122.59978999999998
1,37.489649,-77.4326
1,26.012781,-80.343242
1,35.36184,-80.853526
1,42.459014,-76.042602
1,39.353038,-77.01567
1,34.55485,-118.13202
1,33.823391,-118.19886
1,38.300517,-77.503577
1,39.62840437870202,-74.39043402636342
1,34.096615,-118.477196
1,36.18775,-86.27064
1,33.881691,-117.547409
1,34.961769,-82.048363
1,39.342765,-120.334927
1,39.431254,-77.99591600000002
1,30.487114,-91.157512
1,42.338203,-83.123082
1,37.504438,-121.963638
1,29.739858,-95.631917
1,25.906888,-80.383003
1,39.95481,-75.18128
1,37.799159,-122.277241
1,34.058014,-118.253949
1,37.70150542241239,-121.90323471964882
1,35.798746,-78.795908
1,34.083290000000005,-118.221657
1,30.348343,-97.714533
1,38.701632,-119.966731
1,33.46172690375585,-112.11729168838444
1,37.901981,-122.497154
1,43.031413,-83.773507
1,40.997621,-111.90597
1,27.355527,-80.413916
1,39.376983,-76.74433
1,30.327646,-81.730802
1,34.02723,-118.23281
1,33.666905,-114.037887
1,30.266387,-97.721449
1,32.70237,-96.60527
1,33.320501,-111.876395
1,39.716187,-74.99024
1,36.784232,-81.732584
1,37.976143,-122.064194
1,37.74242,-121.531723
1,30.419844,-91.084567
1,38.892632,-77.167805
1,39.491183,-121.550522
1,36.54888,-119.598601
1,38.680339,-122.014416
1,30.302479,-97.714951
1,38.771012,-90.500316
1,43.28394,-124.23046
1,33.030482,-80.667008
1,43.021549,-78.974586
1,37.415833,-121.977654
1,34.07156,-118.134697
1,39.61070179920381,-77.79988646470163
1,37.284444,-120.478767
1,34.08168,-117.719498
1,42.779205,-73.924026
1,32.743811,-96.815575
1,33.97462,-118.291739
1,34.22429,-83.51195
1,30.68811,-88.04151
1,28.556757,-81.364458
1,38.093899,-122.23623700000002
1,30.448090000000004,-91.158998
1,25.49966,-80.41241600000002
1,33.985187,-117.46775
1,33.88302683814104,-117.54131913129072
1,34.157790999999996,-118.469254
1,38.382197999999995,-122.833389
1,32.814569,-96.813992
1,34.886471,-82.303308
1,38.847017,-77.079084
1,25.839544,-80.212944
1,34.564082,-82.46981099999998
1,34.902358,-82.256922
1,40.025135,-76.332471
1,34.076515,-117.81243899999998
1,40.718539,-73.826462
1,37.412878000000006,-119.732015
1,42.974033,-77.845254
1,36.161205,-86.81915
1,37.777272,-122.404056
1,33.976831,-118.078959
1,34.989369,-118.946114
1,34.346299,-117.248621
1,38.685617,-120.066212
1,39.572385,-75.815083
1,42.756525,-73.76608
1,38.746312,-121.357405
1,47.600319,-122.302254
1,42.48921,-83.49431700000002
1,29.831274,-95.361448
1,34.631539000000004,-113.545997
1,41.83242,-71.41703000000003
1,34.079879,-117.627514
1,29.614575,-81.97816800000003
1,34.0325,-118.350895
1,42.37568,-83.06076999999998
1,42.83442,-87.9527
1,35.746704,-78.593122
1,42.04168,-88.28685
1,41.233041,-73.767064
1,34.156834,-118.41378799999998
1,34.420299,-119.669972
1,40.79995,-73.33681
1,42.678971,-78.943942
1,36.706578,-119.853426
1,34.274425,-80.561317
1,32.815745,-96.809988
1,34.13559,-118.000748
1,30.413201,-84.298601
1,25.897111,-80.247697
1,36.946169,-121.507693
1,33.860092,-118.211995
1,38.849537,-76.860208
1,47.185581,-122.463837
1,34.740520000000004,-86.664904
1,42.974277,-77.17939399999999
1,31.782974,-85.955223
1,40.7761,-73.66771999999997
1,40.811076,-74.101279
1,29.66672100000001,-95.28657
1,37.714025,-121.711639
1,39.776591,-104.877001
1,29.805967,-95.520209
1,37.72001,-121.65891
1,33.956452,-86.46481
1,43.630573,-116.250484
1,29.160711,-82.06621
1,38.57644200306617,-121.31241917552322
1,33.67772,-84.31857
1,40.675027,-78.23265500000002
1,37.548876,-77.58088599999998
1,36.968854,-121.553303
1,30.61748,-81.51463199999998
1,33.650626,-78.982096
1,39.80111,-86.03454
1,33.925812,-118.308996
1,38.792578000000006,-77.15684
1,33.937988,-118.094597
1,39.918919,-75.088712
1,34.024336,-117.740478
1,38.47445369,-121.40867829
1,33.925781,-84.18180699999998
1,37.317134,-121.933554
1,42.966075,-123.771584
1,30.784864,-86.559462
1,37.315932,-121.829248
1,47.46300816513318,-122.28434443415506
1,34.118320000000004,-117.84156000000002
1,34.234181,-118.473182
1,40.480548,-120.544896
1,29.18234600000001,-82.18464499999997
1,40.374552,-78.4372
1,35.20229000000001,-80.81639200000002
1,33.773445,-118.206161
1,40.18904600000001,-75.135319
1,37.65698,-121.901067
1,33.949665,-118.091896
1,47.239281,-122.409889
1,28.5494,-81.382423
1,37.145833,-121.985278
1,33.946938,-118.36826299999998
1,35.928681,-78.436328
1,40.164743,-79.571079
1,38.962830304913695,-78.4403550621107
1,33.982372,-118.280556
1,34.201431,-118.18923999999998
1,33.742401,-118.006958
1,40.717098,-73.857365
1,37.808498,-122.366852
1,34.764156,-82.359685
1,35.70110800000001,-83.04274000000002
1,35.120276000000004,-85.289043
1,38.91867041569272,-76.94797396623157
1,33.485742,-117.666463
1,36.587946,-119.445717
1,38.873782,-121.311746
1,37.72199749928607,-121.5320813650058
1,40.715012,-73.97642900000002
1,33.222371,-87.576672
1,33.795643,-117.993124
1,38.640062,-121.398444
1,30.429202000000004,-91.181618
1,42.404325,-83.218276
1,28.563513,-81.558532
1,39.171295,-123.21142
1,34.029802000000004,-118.442952
1,42.384312,-87.85540999999998
1,34.903290000000005,-82.170893
1,25.923771,-80.24446400000002
1,34.491703,-118.198395
1,33.804212,-117.506128
1,34.274895,-118.380707
1,38.671919,-121.357589
1,34.01954,-81.105526
1,41.05712056140396,-77.26900219880453
1,30.25148749337077,-95.45704007103224
1,34.034617,-117.283685
1,33.893271999999996,-118.045769
1,39.99859213809968,-76.73637986146575
1,34.30218100531434,-117.460616826451
1,34.164921,-118.382584
1,25.857431,-80.22576
1,33.735440000000004,-117.8336
1,38.852902,-77.39809100000002
1,29.794921,-95.072619
1,40.898994,-77.195032
1,34.234728000000004,-118.411984
1,32.250594,-110.827205
1,37.99011,-122.528857
1,34.917184000000006,-81.993815
1,47.46805,-92.52502
1,34.047626,-117.307648
1,37.001144,-120.088593
1,47.190369,-120.936569
1,34.062545,-117.743477
1,34.056107,-118.255913
1,38.798485,-77.562028
1,40.839859,-77.677947
1,39.758394,-121.852895
1,35.18186,-80.836277
1,45.351862,-122.35436
1,34.152149,-118.150581
1,33.933471000000004,-118.353479
1,37.361292,-118.418348
1,46.13523,-123.92731
1,45.527577,-122.609618
1,44.0978,-123.15627
1,36.11833,-86.700347
1,25.788635,-80.20586999999998
1,38.139973,-121.623758
1,30.35552,-81.66866999999998
1,38.871806,-76.982134
1,40.674846,-111.98661
1,30.266009000000004,-97.734594
1,34.014691,-117.550503
1,34.665802,-80.625282
1,33.998005,-118.176216
1,33.874619,-118.173019
1,40.821698,-73.888124
1,41.956533,-77.41945600000003
1,41.574293,-87.51325
1,38.685601,-123.425928
1,34.148575,-118.697922
1,39.41383,-76.610023
1,36.81704163533775,-76.28152012788637
1,39.521137,-88.314217
1,42.340327,-87.984383
1,30.402852000000006,-87.37289399999997
1,26.433781,-80.089763
1,39.667938,-104.940712
1,33.680616,-84.061943
1,36.696754,-121.804848
1,36.16212700000001,-86.778734
1,28.036412000522446,-82.12141871413169
1,40.631185,-74.21197
1,38.671082,-121.596024
1,42.378891,-83.206597
1,30.143666,-97.675208
1,37.941249,-121.298124
1,33.991615,-117.976125
1,30.255758,-81.51688399999998
1,45.508931,-122.779729
1,25.885781,-80.164893
1,34.478296,-82.63964
1,42.066708,-88.178428
1,44.136983,-92.247122
1,34.851258,-82.23039200000002
1,41.24464,-112.008451
1,38.941372,-94.857941
1,34.19655,-83.91249
1,35.158342122863964,-80.89148640594058
1,29.651029,-95.463761
1,34.30597,-118.42662
1,34.110214,-117.27877
1,38.680246,-77.441804
1,34.034203000000005,-118.349922
1,29.246595000000006,-82.05376700000002
1,40.853567,-73.962049
1,37.908185,-121.224356
1,42.378826,-83.215775
1,40.24961500000001,-75.259151
1,34.165958,-117.33419
1,39.30361,-76.61194
1,38.669113,-77.013038
1,33.979137,-117.370705
1,42.852317,-83.590726
1,42.408943,-83.079796
1,31.27368807777751,-83.47312331159843
1,37.332272,-122.056175
1,40.606533,-74.082825
1,34.311882000000004,-117.474869
1,39.762012,-105.005287
1,37.306469,-76.685739
1,29.802233,-95.369747
1,40.734447,-73.436275
1,37.47051358205094,-121.90868496836706
1,38.944913,-77.42354
1,37.717979,-121.701424
1,35.275969,-119.025143
1,33.902073,-118.105331
1,40.802172,-73.916472
1,34.354808,-117.437859
1,33.46192,-112.09413
1,41.523752,-87.74237600000002
1,34.373663,-80.022188
1,32.788339,-96.595857
1,36.09029173833804,-79.69766735992576
1,33.648289,-84.397409
1,27.855507,-82.753523
1,41.078426,-73.46371500000002
1,29.160815000000003,-82.050092
1,47.653721,-122.376137
1,33.733864000000004,-117.834007
1,37.643903,-122.447029
1,34.168131,-117.457844
1,33.913028999999995,-118.12538899999998
1,41.511276,-88.124245
1,42.378181,-83.06276700000002
1,45.068557,-93.879264
1,41.6958,-92.371967
1,25.630062,-80.340625
1,30.326675176475874,-97.6686394209973
1,34.019634,-117.988121
1,40.905716,-123.82881
1,35.215492,-80.872442
1,40.708173,-73.957204
1,32.77505900000001,-117.134717
1,33.761122,-117.262167
1,39.379404,-76.459874
1,32.890995000000004,-96.708773
1,33.816078000000005,-117.285294
1,33.949703,-118.170532
1,41.427596,-78.567825
1,40.803877,-73.457926
1,40.472292,-74.44941700000003
1,37.03237,-121.94688
1,34.97777,-111.68554
1,44.76812,-94.08225
1,48.935745,-122.662567
1,47.08195900000001,-122.187775
1,34.661189,-120.492821
1,36.24576,-115.24692
1,35.784379,-78.692688
1,32.595781087719935,-96.68167233421
1,43.01000476,-87.89323211
1,34.690915999999994,-118.137097
1,33.930465999999996,-118.178558
1,37.489864,-121.206452
1,39.96110558490771,-75.18220066988381
1,39.742271,-104.999352
1,27.485827,-81.433527
1,45.622799,-122.558121
1,42.365117,-83.056348
1,26.114341,-80.168577
1,35.795794,-78.53416999999997
1,38.829939,-77.408035
1,30.153554677819468,-90.805424451395
1,33.315695,-111.972083
1,25.851626,-80.208157
1,38.540304,-77.34916199999998
1,47.33874,-93.20341
1,35.397182,-105.462102
1,41.166643,-73.208198
1,33.78183,-117.212818
1,38.85419,-94.528502
1,32.664445,-96.86801
1,38.015186,-122.177864
1,42.89203,-85.678721
1,33.92853,-118.23042
1,40.8253347871741,-76.87319397889674
1,33.944829,-117.291587
1,33.876572,-118.072566
1,33.802872,-118.125687
1,32.83711552604276,-97.0403158660076
1,34.176567,-118.307976
1,34.154522,-118.396576
1,34.030296,-117.689659
1,34.16098,-118.469437
1,32.851814000000005,-97.082244
1,34.066719,-117.234942
1,47.653728,-122.322357
1,38.83148789387306,-77.10843443833774
1,40.722782,-111.529117
1,30.38742,-81.55812
1,42.39756,-122.192379
1,33.82251620276536,-118.19710850659276
1,47.593548,-122.32066299999998
1,25.757881,-80.287666
1,36.666553,-119.728334
1,40.00803,-122.207272
1,40.850054,-73.944243
1,34.07236,-117.916557
1,34.11381,-84.224951
1,33.025363,-87.32114399999998
1,34.068413,-117.385887
1,28.571236,-81.385838
1,38.73923900000001,-120.858148
1,47.27985,-122.560539
1,47.233971,-122.428085
1,29.626158,-95.271227
1,33.627554,-97.145272
1,30.266454,-97.740756
1,40.395139,-77.92345999999998
1,45.549773,-94.219034
1,40.06211,-75.12191700000002
1,35.078131,-120.537632
1,40.42102933,-80.09431243
1,39.269918,-76.557794
1,31.704772,-106.317583
1,40.767793,-73.865011
1,37.943192,-122.05867
1,33.91236,-84.386848
1,42.62662,-123.38318
1,42.205685,-87.891215
1,39.347137,-123.59386299999998
1,29.814819,-95.277428
1,40.295316,-74.29991700000002
1,39.815300702858856,-75.45218110048555
1,30.448011,-84.282013
1,43.68379712083967,-118.55512976589893
1,29.509631,-98.540271
1,39.135198,-121.54818
1,40.914093,-73.93543000000003
1,27.998063,-80.591563
1,43.873688,-92.488141
1,42.347126,-83.109116
1,43.727613,-93.321143
1,30.243355,-82.67345999999998
1,46.493083,-114.093245
1,27.789305,-82.655438
1,39.398378,-108.118997
1,34.134789000000005,-117.616219
1,32.802901,-96.792693
1,36.079498,-91.048052
1,40.573876,-86.64749
1,39.318555,-106.335049
1,40.72811,-73.971666
1,25.634044,-80.33858000000002
1,42.33222,-83.07696999999997
1,25.990616,-80.16565899999998
1,34.109108,-117.981171
1,39.20304,-94.49293
1,38.095103,-122.229734
1,43.637303,-95.807145
1,41.270881,-122.200938
1,38.308201,-121.915459
1,38.076405,-122.231857
1,29.810891,-95.412404
1,33.650341999999995,-78.984491
1,33.43044161780629,-112.10626244491526
1,36.172867,-86.765395
1,38.900313,-120.853609
1,34.029884,-118.392471
1,34.02879,-117.57561499999998
1,43.289984,-93.349682
1,25.97053,-80.16575999999998
1,42.243493,-122.77139
1,34.065692999999996,-117.500366
1,34.129723,-117.933701
1,33.79116654379944,-78.77732634506806
1,38.57018,-121.60135
1,45.538855,-118.45816200000002
1,34.029518,-81.103037
1,34.04815,-118.00163899999998
1,34.122738,-118.478676
1,28.547228000000004,-81.237663
1,34.133717,-117.383575
1,33.927361,-117.419693
1,38.697943,-90.260827
1,38.096429,-122.561779
1,33.809497,-118.287624
1,33.461436,-112.077271
1,37.651039,-122.490738
1,40.843487,-74.003659
1,27.983733,-82.453562
1,37.813943,-120.30041
1,33.365337,-117.249693
1,39.807732,-74.233058
1,32.92393,-96.76842
1,33.46195,-112.14625
1,33.99603,-114.220968
1,34.028347,-118.220039
1,30.55878,-91.133224
1,40.7143127916302,-74.20282959902666
1,38.254941,-122.480145
1,36.143202,-95.979974
1,33.831718,-118.287689
1,30.423037,-91.139393
1,34.044659,-81.11794599999998
1,32.7164,-117.117777
1,41.32223,-74.087172
1,34.117752,-117.845573
1,40.784908,-72.97540699999998
1,25.925678,-80.17139300000002
1,35.733985,-78.651237
1,37.682064,-120.848139
1,42.294505,-73.874804
1,36.031308,-79.807024
1,42.417564,-76.017403
1,33.004486,-96.857331
1,34.753014,-117.166267
1,40.782356,-73.94313000000002
1,25.908663,-80.30916500000002
1,33.237001,-87.560957
1,28.361918,-81.40454
1,38.010581,-122.015479
1,30.457374,-91.177061
1,38.012747,-121.941843
1,25.781210660811514,-80.34854292831255
1,28.60451,-81.30752
1,34.051753999999995,-118.223319
1,34.377811,-118.493652
1,47.507853999999995,-122.281776
1,30.424129,-91.051492
1,47.092226,-114.04054
1,40.273273,-76.877612
1,40.989889,-75.17546800000002
1,25.862005,-80.208228
1,37.551949,-77.42769100000002
1,34.868849,-82.42031
1,30.332704782341324,-91.75919651941412
1,34.072466,-118.234876
1,35.347588,-119.03227
1,33.68509,-84.39862
1,27.233111,-82.48611700000002
1,34.313709,-118.488801
1,36.743228,-121.659919
1,38.876283,-94.676195
1,34.557865,-118.132553
1,32.340391874159145,-110.71681380219115
1,35.8871519563871,-77.59417176209642
1,33.973839,-118.079971
1,35.538065,-114.358061
1,39.294594,-102.627165
1,40.940804,-87.209337
1,32.896253,-80.638092
1,42.479138,-87.884524
1,29.620696,-82.764912
1,36.866278,-121.739775
1,29.439362,-98.506447
1,32.763311,-96.665556
1,30.491429,-84.323472
1,34.106607000000004,-117.855073
1,39.881822,-78.95228
1,33.953712,-117.383553
1,29.800519,-95.310479
1,36.99381,-104.48044
1,32.677149,-89.03776500000002
1,39.030374,-120.97658
1,33.843994,-80.75102
1,30.611455,-87.32033100000002
1,30.521558,-87.313611
1,40.84882,-73.448601
1,37.945089,-122.489096
1,46.27009,-123.455088
1,44.890333,-93.298029
1,34.897502,-82.15205999999998
1,34.072208,-118.122414
1,29.551249,-95.130659
1,25.823117,-80.206385
1,38.295122,-122.25281
1,35.766892,-120.248799
1,27.912935,-82.70490699999998
1,45.278589,-122.944756
1,33.913692,-118.267446
1,34.038434,-118.27384
1,39.534969,-76.26025600000001
1,41.530404,-72.795061
1,32.78147,-96.77108
1,34.064608,-118.003058
1,32.866015999999995,-117.191501
1,34.218740999999994,-119.066691
1,39.140757,-75.92564399999998
1,39.565865,-106.237441
1,33.893177,-117.557007
1,38.63505,-77.270818
1,39.103935,-94.675787
1,38.811198,-77.22234399999998
1,40.610714,-74.03220400000002
1,40.789908,-74.04758299999997
1,32.7774,-96.78411
1,25.880872,-80.209058
1,29.45454,-95.08154
1,30.483405,-84.623674
1,36.563743,-121.179842
1,32.141109,-111.006419
1,34.06544,-118.46003600000002
1,25.94749,-80.150355
1,38.56047749500961,-121.45893216075198
1,41.480538,-122.457959
1,40.24568,-75.279651
1,36.211141,-119.672666
1,34.120461,-117.736107
1,39.33912700000001,-78.973387
1,45.185061,-123.101431
1,38.386814,-122.741554
1,25.711904,-80.41510699999998
1,30.421213,-84.126411
1,45.514093,-122.793817
1,35.766657,-78.735687
1,42.932184,-85.671824
1,35.674176,-119.330404
1,42.753029,-73.76899
1,41.210839,-85.10447099999998
1,34.159659999999995,-118.466141
1,39.056319,-104.260567
1,34.734294,-92.341705
1,35.918235,-84.089826
1,45.542439,-122.484029
1,32.83690094932157,-97.12887167884288
1,40.324998,-76.800636
1,34.660571000000004,-118.210069
1,42.487061,-83.47573100000002
1,42.761362,-74.134618
1,33.04766,-117.23274
1,33.798671999999996,-118.085403
1,39.21409,-121.510772
1,45.12569000000001,-122.8161
1,25.993484,-80.34120300000002
1,34.145062,-118.413516
1,25.899244,-80.302376
1,39.791379,-75.464501
1,33.887825,-118.201037
1,33.69769,-87.255071
1,42.301773,-79.65102399999998
1,39.20634,-76.59138
1,33.49627,-81.702381
1,35.43684124929697,-113.64683747237372
1,30.428041,-90.080627
1,36.336152,-79.641002
1,39.54723,-74.466844
1,38.076526,-88.918366
1,29.624132,-98.60971
1,34.050799,-80.924869
1,32.685691,-96.736265
1,40.127853,-75.546036
1,25.952254,-80.261933
1,26.084417,-80.215981
1,28.891683,-81.232008
1,34.146961,-118.370216
1,40.138949,-76.22232199999998
1,42.452099,-82.91909
1,37.53922,-77.431361
1,40.187047,-76.836563
1,43.87282,-120.88145
1,35.861416,-78.712396
1,47.977112,-122.137619
1,30.438935,-91.187305
1,45.34791,-122.76621000000002
1,33.789472,-84.39206
1,34.711182,-86.660156
1,43.138741,-124.178523
1,41.98234,-87.7926
1,30.44472,-84.288425
1,33.956576,-80.99489
1,39.26564097385757,-77.31217503510801
1,40.42583,-80.01989
1,33.891543,-118.29388
1,32.765597,-117.162977
1,25.769646,-80.329262
1,41.09874,-105.118462
1,37.902585,-122.512933
1,33.91272,-118.28639
1,34.128654,-118.34703799999998
1,34.087259,-117.645406
1,30.479001,-91.137697
1,37.955486,-122.053398
1,33.463078,-112.183424
1,44.819668,-93.602606
1,37.497432,-77.506237
1,46.489391,-112.72645
1,38.611503000000006,-121.26416
1,45.38633400000001,-122.750953
1,44.949097,-92.958724
1,30.261658,-92.01083
1,34.391418,-118.472572
1,36.157604,-86.759837
1,47.917961,-122.20898400000002
1,34.219332,-117.398153
1,39.794817,-75.113646
1,43.15131,-77.634662
1,39.75559000000001,-75.552881
1,29.639299,-95.25654
1,32.486218,-86.406837
1,25.876453,-80.224852
1,36.656257,-119.61053400000002
1,41.787876,-87.994446
1,33.864509999999996,-118.327934
1,44.979318,-124.010262
1,30.045424,-89.979811
1,32.662036,-96.896142
1,42.69585,-83.2573
1,37.237578000000006,-93.32712
1,34.035140275792905,-118.32958817425568
1,40.557242,-74.432416
1,38.869136,-77.14811800000003
1,41.009146,-76.506437
1,40.758297,-73.777422
1,33.7397325037301,-117.83089041653712
1,37.35499,-121.90482
1,34.2499,-118.84015
1,38.577381,-121.49168799999998
1,42.16131,-88.10175699999998
1,41.767645,-78.718856
1,40.062988,-76.356199
1,38.512981,-121.777397
1,29.245899,-82.289099
1,41.971119,-78.56814200000002
1,40.361242,-76.35690100000002
1,32.830543,-97.205732
1,40.438724,-122.270893
1,44.710117,-123.430437
1,34.025558000000004,-118.308884
1,35.889675,-78.679812
1,36.972121,-120.073253
1,41.28119,-73.82029
1,42.0587,-88.036526
1,34.052159,-118.267316
1,38.77438,-90.323143
1,32.868611,-96.770343
1,44.48071360566863,-93.29178929284431
1,38.633498,-121.401463
1,38.621526,-120.598557
1,37.366909,-77.40400600000002
1,35.94716,-78.634313
1,34.013259999999995,-117.343613
1,44.17746,-123.06041
1,34.057617,-118.254227
1,38.597571,-121.383095
1,35.039234,-82.041382
1,38.547807,-120.306822
1,39.65245,-106.96001
1,36.149665,-86.783206
1,40.75404,-74.21051
1,34.002520000000004,-118.150952
1,42.064406,-120.315635
1,47.230171,-122.452377
1,38.211311,-85.671227
1,41.76332,-72.64084
1,36.931557,-121.81046299999998
1,40.592905,-75.554748
1,34.360802,-117.632378
1,33.875896000000004,-118.16858700000002
1,41.830018,-72.771436
1,38.577724,-121.465482
1,31.760307,-106.485777
1,33.26081,-111.848463
1,39.411596,-76.41277600000002
1,42.46204,-73.59238
1,37.759052,-122.028397
1,34.984963,-90.902102
1,41.768098,-70.721405
1,34.151829,-118.150635
1,33.931381,-117.412584
1,42.637177,-123.38553
1,36.928406,-120.025924
1,40.739654,-92.90598
1,46.69896483399057,-113.34947705214807
1,39.131509,-76.642953
1,45.582121,-118.610298
1,43.598986,-124.180221
1,45.5101,-92.996767
1,45.55412000000001,-118.46416
1,38.495964,-122.741852
1,33.556302,-117.178869
1,40.843101,-74.080435
1,43.847926,-94.428445
2,32.90871,-96.899732
2,42.465599,-82.921257
2,33.767326000000004,-117.867498
2,38.556136,-121.33786299999998
2,37.972395,-78.405711
2,38.021944,-121.258353
2,28.287837,-82.67575500000002
2,32.748736,-96.66985
2,42.29057192782263,-83.13078761061129
2,37.808498,-122.366852
2,41.166206,-76.719413
2,33.679846999999995,-117.76078
2,41.954723,-73.754997
2,38.067001,-122.175888
2,33.831577,-118.295778
2,42.413074,-83.16886099999998
2,39.951711,-75.141458
2,34.154337644414156,-118.39271664562992
2,36.028424,-78.921159
2,42.40481257418439,-83.15574288328573
2,40.230247,-104.979954
2,33.66229177,-112.11405158
2,30.281192,-97.75494
2,40.14327,-75.321845
2,37.98820900000001,-122.527473
2,33.797134,-118.108017
2,33.659459000000005,-111.931983
2,39.964731,-75.138019
2,41.84636,-87.63839
2,45.379465,-92.872818
2,33.031416,-117.156533
2,37.920879,-122.317947
2,39.271069,-76.72180999999998
2,28.424607,-81.404785
2,33.63176,-84.39544000000002
2,30.263835,-97.816715
2,33.016652,-80.21123399999998
2,37.753693,-122.151398
2,39.236924,-120.024842
2,35.727824,-78.585977
2,34.123354,-118.341763
2,36.063299,-79.536187
2,40.682686,-73.666901
2,30.439290999999997,-91.179283
2,29.446105,-98.357238
2,33.37266,-111.96784
2,34.014866,-118.168999
2,34.777384999999995,-92.238851
2,33.580025,-117.671875
2,30.325022,-81.68003399999998
2,33.826964000000004,-80.330492
2,33.957836,-118.111847
2,33.77697,-117.900154
2,35.75285200000001,-78.621448
2,33.301881,-117.468128
2,34.362282,-118.555237
2,39.969323,-75.18472
2,34.159663,-118.466154
2,37.198037,-93.29669
2,35.143303,-80.786689
2,37.71868900000001,-121.6623
2,32.362952,-86.171437
2,33.214227,-87.444211
2,48.287956,-104.179805
2,29.393073,-98.64831
2,37.38635,-122.264257
2,33.849655,-118.275402
2,35.43578,-119.025949
2,37.311984,-81.062074
2,36.068966,-86.70315
2,38.603113,-121.435564
2,34.173161,-118.535988
2,37.83709645253259,-77.97433733902943
2,37.32131,-121.900123
2,47.235794,-122.464691
2,34.021435,-117.550468
2,30.021953000000003,-82.59756800000002
2,34.343862,-117.910851
2,26.088288,-80.16824100000002
2,34.292331,-119.151952
2,35.072134000000005,-85.10794399999997
2,37.083305,-120.635468
2,36.344063,-86.931466
2,37.552475,-122.296394
2,36.377088,-119.21564
2,39.114071,-121.633822
2,33.813009,-118.298202
2,34.056705,-117.298141
2,40.85948,-73.91592
2,40.8054,-76.901496
2,37.994354,-122.332808
2,36.021639,-79.710985
2,35.183073,-81.409081
2,37.159892,-80.322386
2,44.216779,-121.423668
2,38.704212,-121.31278799999998
2,37.664108,-122.465477
2,35.216349,-80.88303499999998
2,35.284379,-80.948773
2,38.537685,-123.27951000000002
2,33.776237,-117.835667
2,30.251839,-97.703362
2,44.601262,-92.99224
2,40.312206,-78.324601
2,34.08254,-117.69827
2,38.320278,-122.487701
2,29.720687,-95.403356
2,32.968522,-117.093218
2,34.03441,-118.38468
2,38.239384,-85.81636800000003
2,34.353693,-82.057683
2,39.10902100000001,-77.185682
2,37.97609,-120.318501
2,39.689661,-75.637715
2,29.651948,-82.313257
2,42.59846,-76.161158
2,40.140434,-75.13815
2,37.74345,-121.34346
2,33.997181,-117.550524
2,37.70169,-121.88288
2,33.923969,-98.485967
2,36.943384,-77.392501
2,39.843182,-105.073059
2,47.828068,-122.269051
2,40.756672,-111.845411
2,38.92131,-77.009086
2,40.173683,-75.945557
2,28.032725,-82.133542
2,30.420253,-97.704105
2,39.528154,-119.71438
2,32.924662,-96.788638
2,34.081902,-118.228233
2,38.342483,-86.948138
2,34.005229,-117.829252
2,34.200664,-118.473461
2,41.80135846118067,-83.68559718092115
2,34.029697,-118.256065
2,43.125358,-75.599498
2,34.146957,-118.370216
2,34.277502,-118.453591
2,40.815397,-73.21821
2,34.969857,-82.428937
2,41.15443,-73.24525
2,33.940447,-117.875887
2,25.949013,-80.120882
2,45.690261,-119.372452
2,40.314255,-80.152097
2,33.774199,-118.06758
2,33.931909999999995,-118.1013
2,37.99395,-122.300598
2,47.200602,-122.46156299999998
2,37.320629,-121.995506
2,33.997593,-118.337349
2,27.922967,-82.401798
2,37.50737700000001,-120.958518
2,38.166064,-112.026911
2,33.950965999999994,-117.38546
2,32.542072,-93.790851
2,34.038016999999996,-118.273491
2,38.350807,-121.985435
2,44.598181,-121.966758
2,41.55588269,-73.05550933
2,34.277561,-119.294441
2,33.428613,-86.70806400000002
2,33.881741,-117.547363
2,25.871676,-80.323287
2,37.91695,-122.065414
2,35.251112,-79.668977
2,34.787429,-83.214347
2,38.029286,-121.960431
2,29.723822,-95.4602
2,34.024452000000004,-117.75071
2,33.832992,-117.388482
2,33.961024,-81.080366
2,47.704014,-122.17981
2,32.192398,-110.947183
2,39.762792,-111.837584
2,34.07239079459156,-117.9223644727806
2,30.65207,-87.76656
2,40.12738,-75.031695
2,39.754547,-105.236832
2,34.864399,-118.166017
2,39.08359408359964,-85.93232274014505
2,42.436235,-83.430417
2,45.28021,-93.74477
2,40.377234220312225,-74.15019392931866
2,40.72931170444141,-73.87869000399648
2,29.561090000000004,-95.115957
2,34.032982000000004,-118.13773799999998
2,33.978599,-80.822197
2,40.949467,-73.74733
2,33.719304,-84.396682
2,35.86085999999999,-78.709539
2,46.786201,-92.096998
2,32.818020000000004,-97.05929
2,45.48283,-122.56614
2,37.315239,-121.914902
2,44.35064000000001,-121.6065
2,39.814453,-86.030829
2,40.825013,-105.241867
2,34.072037,-117.944298
2,38.285132,-78.933902
2,37.523337,-77.615037
2,39.969323,-75.18472
2,36.130274,-86.751626
2,40.910047,-76.117903
2,30.191727,-81.705247
2,30.438057,-84.280691
2,37.926357,-122.060768
2,35.985125,-78.659201
2,34.51203703863853,-113.41702580397885
2,42.111691,-75.913467
2,37.812309,-122.27133899999998
2,34.037239,-118.309074
2,40.212854,-74.259828
2,39.908314,-120.800967
2,39.86946,-83.98277
2,34.138408,-117.318198
2,33.914204835730004,-117.88251757565556
2,39.415275,-121.658273
2,40.731728,-73.872238
2,34.06538,-117.31818
2,34.022265999999995,-117.812866
2,41.78373,-70.73106
2,37.435173,-122.242943
2,45.60753,-121.19918
2,37.511672,-77.340624
2,34.134811,-117.612344
2,42.95611,-85.689135
2,34.045148,-118.91798
2,47.643924,-122.306589
2,37.526528000000006,-77.169164
2,38.737687,-94.468587
2,30.198758,-85.624907
2,40.71830300000001,-73.794833
2,40.09897,-83.14041
2,34.072086,-118.072601
2,29.111125,-82.019824
2,43.59358,-116.41985
2,40.142639,-75.390345
2,38.945685,-76.85828000000002
2,34.037092,-118.088167
2,47.709540999999994,-122.182045
2,39.770515,-105.000587
2,37.649462,-122.09132
2,42.208195,-83.22868299999998
2,35.536451,-119.315342
2,34.068435,-117.39112
2,45.588518,-122.681076
2,42.868019,-78.830026
2,40.60015,-83.07351
2,35.246704,-120.681091
2,34.048489000000004,-118.448311
2,41.206057,-111.9708
2,41.456978,-74.275902
2,30.18331647,-95.45249104
2,39.502875,-74.610396
2,39.828571,-77.231099
2,45.299579,-93.798459
2,42.68293,-73.72176999999998
2,33.89113,-118.18847
2,34.2659,-118.472252
2,34.325831,-80.602413
2,39.740228,-104.616691
2,41.63744330386334,-74.07831072771988
2,47.598339,-122.313408
2,35.068125,-120.593992
2,37.071779,-113.584396
2,33.903866,-118.063606
2,34.433820000000004,-118.38894
2,37.970261,-78.406092
2,33.912079,-118.159836
2,28.598259,-81.250194
2,33.077505,-117.070773
2,38.385735,-121.93718
2,40.104182,-75.442898
2,39.19921,-121.176928
2,38.850992,-77.07614000000002
2,29.937132596826853,-95.49986958458186
2,30.531459,-91.179155
2,37.33961,-121.851798
2,30.00357,-90.03204000000002
2,38.686055,-75.396991
2,34.052658,-118.226433
2,34.024052000000005,-117.557961
2,30.482986,-91.08977
2,30.31567,-81.74863
2,32.699936,-117.120684
2,35.354314,-119.23692
2,26.157203,-80.16495
2,42.346634,-83.109436
2,44.701145,-122.075903
2,34.042875,-118.184654
2,37.190643,-121.69342
2,39.77768540363417,-75.5448782440398
2,29.578449,-98.342887
2,34.13929,-118.364479
2,35.848992,-78.614779
2,33.896652,-117.48422
2,33.526895,-112.171929
2,42.06168,-84.19048000000002
2,34.275495,-118.470909
2,38.184852,-85.21675
2,40.993927717013385,-78.25365185700295
2,37.902598,-77.895306
2,38.395376,-78.91130799999998
2,40.16521,-75.124865
2,34.03117,-118.192406
2,38.159714,-122.501468
2,35.79692199999999,-120.739349
2,29.83788400000001,-95.350224
2,38.618141,-121.41068
2,33.929461,-81.048749
2,34.027801751928195,-118.45155358258032
2,33.785028999999994,-118.207528
2,32.785707,-96.78813
2,33.946362,-117.38884
2,34.224482,-118.473268
2,33.830863,-117.834302
2,40.48927800000001,-76.314483
2,33.940102,-117.397318
2,33.856705,-118.284599
2,46.823473,-123.112846
2,33.645257,-117.114682
2,45.364314,-122.760091
2,27.282199,-82.514188
2,25.923188,-80.211569
2,42.20649,-121.73676
2,33.17754,-117.22785
2,44.523571,-94.712291
2,28.224037,-80.716499
2,42.74075300000001,-84.701167
2,42.384412,-83.099713
2,37.72401,-122.40149
2,36.065865,-119.143157
2,41.17047,-111.96858
2,33.96638,-118.164896
2,33.462306,-86.942313
2,37.767377,-122.221431
2,38.593192,-121.504485
2,40.59987902621937,-74.23214077914126
2,34.135220000000004,-118.358887
2,28.608723,-81.425669
2,29.000236,-80.947265
2,39.179318,-78.075439
2,41.300171613496296,-72.90639996493859
2,37.811939,-122.199348
2,39.614656,-106.442416
2,47.358341,-122.29603600000002
2,35.000875,-85.132591
2,38.044137,-78.818156
2,33.668411,-117.892883
2,40.222204,-122.253425
2,35.747529,-78.593478
2,44.79009,-93.20139
2,36.745351,-81.886543
2,40.739502,-74.216713
2,34.099275,-117.480066
2,41.201809,-80.075343
2,25.949889,-80.182288
2,35.178834,-80.891005
2,34.282059000000004,-118.794594
2,35.366064,-85.126338
2,34.128868,-118.347336
2,30.373017,-87.32579100000002
2,30.345179,-97.737123
2,28.142882,-81.470688
2,39.011328000000006,-77.150056
2,41.805782,-87.63198100000002
2,34.070709,-117.611468
2,37.774525,-122.232159
2,35.445906,-118.921873
2,34.056705,-117.298141
2,25.714458,-80.412797
2,40.217782,-74.099317
2,33.856705,-118.284599
2,40.74323773364665,-112.18037724441444
2,34.062588,-118.248718
2,29.94382,-95.4155
2,30.631112,-84.89668499999998
2,40.562671,-111.898874
2,34.645373,-118.153083
2,44.951419,-93.019811
2,25.91006398,-80.21007657
2,40.188256501959856,-80.2420055862415
2,41.794346,-87.630974
2,41.768921,-87.625618
2,34.035229,-118.149803
2,40.515284,-80.11912199999998
2,34.07887,-118.21998
2,47.70216,-122.344673
2,33.007081,-96.972595
2,37.414390999999995,-121.91133899999998
2,33.886545,-118.355423
2,38.257954,-77.51355699999998
2,36.63729,-121.666997
2,40.691501,-73.999095
2,41.101925,-73.796298
2,37.06185221654385,-104.52267050693264
2,28.546841,-81.20374100000002
2,38.576059,-122.530142
2,34.152206,-118.35169
2,39.09903900000001,-94.622823
2,45.63185,-121.21267
2,33.908046,-117.453664
2,40.772482,-73.831723
2,29.78117823586568,-95.3684198851806
2,43.45857,-123.32347
2,35.788635,-78.652374
2,45.03336,-93.19074
2,34.152359999999994,-118.10464
2,34.072479,-118.098862
2,35.473619,-78.176017
2,36.125557,-95.690377
2,40.184683,-122.208219
2,40.499182,-76.18804899999998
2,39.576401,-76.124172
2,39.015744,-77.09734
2,34.154509999999995,-118.396301
2,35.87730300000001,-119.395067
2,33.680588,-83.704071
2,40.518867,-107.547289
2,37.562738,-122.037817
2,41.61379,-87.42183
2,29.977751,-90.030738
2,30.427771000000003,-87.31289100000002
2,47.505086,-122.545741
2,38.89257788639596,-77.91125178299944
2,34.075287,-117.54467
2,44.965479,-93.267654
2,43.292526,-86.208611
2,37.347498,-121.840876
2,33.774556,-118.08963500000002
2,32.148545,-110.969001
2,34.081837,-118.22374
2,39.871679,-75.598903
2,41.6344606874388,-73.78193736041173
2,37.686592,-121.056922
2,41.251843,-111.980897
2,28.51204,-81.42135
2,34.154522,-118.396576
2,32.221415,-110.898739
2,37.823982,-122.272552
2,32.68723368629128,-117.09240317288833
2,32.747214,-96.880634
2,47.665051,-122.344582
2,41.559173,-72.91920400000002
2,34.078891999999996,-118.288902
2,45.52868,-122.66533
2,27.828308000000003,-82.704824
2,25.920771,-80.210312
2,25.91135,-80.2099
2,30.656027,-87.910822
2,33.758117,-78.883854
2,33.922315000000005,-118.104346
2,43.01693,-85.68187900000002
2,34.183277000000004,-117.169189
2,43.250697,-73.66109399999998
2,32.908642,-80.641642
2,33.813546,-118.167389
2,25.889187,-80.21077199999998
2,37.19369,-121.6978
2,29.981327,-90.056545
2,30.375004,-81.761179
2,44.786985,-93.248651
2,27.880354,-82.729004
2,33.725390999999995,-117.803279
2,34.062657,-117.396426
2,37.897511,-122.071281
2,38.878201,-77.037323
2,34.060497,-118.21497
2,40.362259,-75.564837
2,41.904241,-88.47233
2,33.928146000000005,-118.239166
2,35.795688,-78.511247
2,45.453613,-95.008946
2,42.45068,-82.917381
2,34.237995,-81.611358
2,33.987576000000004,-118.362671
2,34.148575,-118.697922
2,42.783797,-117.773448
2,38.871412,-77.00917199999998
2,41.161587,-112.06446
2,37.363422,-121.896942
2,40.25157,-75.644761
2,29.45012927041316,-95.07792592003308
2,40.253906,-104.980396
2,45.3667,-122.600394
2,34.266998,-118.443596
2,26.124286,-80.217434
2,40.025299,-74.820213
2,34.052357,-118.225349
2,34.129601,-117.934128
2,44.41774,-119.131025
2,33.964233,-118.369858
2,47.291484,-122.297324
2,33.876529999999995,-118.0927
2,32.726092,-96.918066
2,38.798118,-121.88195
2,35.240525,-80.905902
2,29.96966,-90.13992
2,34.263427,-80.206695
2,25.492004,-80.467182
2,25.684393,-80.420746
2,39.3416,-123.315509
2,34.070698,-117.611481
2,33.876602,-118.193192
2,30.75653672203657,-85.62966227490601
2,33.937228999999995,-118.094086
2,34.270646,-83.81626899999998
2,38.168275,-122.203923
2,37.75842,-122.212142
2,40.431684,-79.958925
2,28.479859,-81.396785
2,34.865236,-82.42870500000002
2,38.624494,-121.517059
2,36.076123,-79.257293
2,37.258456,-121.963439
2,38.74434,-121.216434
2,41.060961,-73.85746800000003
2,34.543901,-118.558949
2,33.876153,-118.190124
2,34.168208,-117.304864
2,39.881621,-86.047296
2,29.482251,-82.01788499999998
2,29.714888,-95.321087
2,33.196877,-87.23852
2,34.053554,-117.781483
2,38.665202,-77.017537
2,30.420316,-91.121174
2,39.30394,-76.89924
2,34.976306,-81.95142
2,37.606865,-122.066605
2,34.38313,-117.399811
2,34.059525,-118.215763
2,34.460869,-120.0038
2,28.51457477,-81.39707208
2,47.206558,-122.25763700000002
2,39.821241,-85.762497
2,38.14819,-122.112549
2,34.441479,-119.803107
2,27.785515000000004,-82.35848299999998
2,29.580419,-98.642347
2,38.867708,-77.315586
2,39.00930762272353,-121.578258275406
2,37.809204,-122.19566299999998
2,40.771152,-112.042121
2,39.324064,-120.564617
2,39.867606,-77.965423
2,34.146505,-118.765736
2,29.586004,-98.635742
2,35.848842,-91.576686
2,32.676941,-116.29126
2,37.137919,-93.272069
2,37.988887,-120.281769
2,42.518714,-84.654671
2,33.755896,-117.831552
2,33.912490999999996,-117.284607
2,38.50036400000001,-122.983162
2,25.929507,-80.259043
2,44.733167,-117.788006
2,39.747566,-84.239582
2,37.907928228197534,-81.26688837966314
2,33.165785,-87.525526
2,26.268631,-80.126489
2,28.531487,-81.531898
2,35.095042,-89.870193
2,41.239691,-76.841365
2,37.55121588689065,-77.42806792222294
2,25.857832,-80.20820400000002
2,38.737267,-77.192484
2,34.073404,-79.95164
2,40.429601,-79.885981
2,34.263641,-119.094208
2,40.761842,-73.839205
2,41.656429,-73.079025
2,39.919155,-75.189839
2,35.842353,-78.593811
2,34.860574,-82.13118100000001
2,37.63311982136901,-77.4508774276855
2,36.413846,-119.188689
2,33.945309,-118.09436
2,34.577942,-80.676929
2,29.168642,-82.138439
2,33.825309999999995,-118.215719
2,38.933079,-94.633886
2,35.791831,-78.776123
2,34.063767,-118.247561
2,42.43408083895475,-83.2194077964629
2,34.115048,-117.890866
2,36.45887000000001,-119.43889
2,25.696495,-80.299018
2,29.588681,-98.618849
2,39.860822,-104.987482
2,34.373196,-117.423503
2,43.018008,-73.79074200000002
2,45.80596,-119.24282
2,33.936413,-118.295331
2,25.882286,-80.208896
2,29.938035,-95.433992
2,38.815601,-77.137787
2,40.703775,-73.817091
2,40.69122,-74.190691
2,37.75251,-122.403005
2,42.382431,-83.422415
2,25.611119,-80.429974
2,27.388455,-82.44188299999998
2,41.904198,-88.037941
2,33.912224,-118.07341
2,37.916927,-120.626218
2,35.670772790738724,-80.85844159087725
2,34.07166123373951,-117.54503130856727
2,33.463033,-112.189437
2,38.785234,-77.31217600000002
2,33.85816,-118.032678
2,30.342399,-97.613165
2,28.47159000000001,-81.44407
2,45.57046,-94.13054
2,34.087436,-117.657893
2,33.135103,-80.305743
2,25.916372,-80.210184
2,33.370438,-112.083255
2,33.929171999999994,-118.088548
2,44.196571,-93.586789
2,28.923982,-82.593231
2,40.815897,-73.934124
2,39.966025,-111.320857
2,40.21787,-74.099165
2,37.638954,-122.454498
2,38.89158,-121.01581000000002
2,36.05138897878623,-120.05959153118108
2,39.843624,-75.730766
2,38.869467,-76.988632
2,47.617893,-122.346298
2,33.896229,-118.187733
2,27.207742,-82.490209
2,36.883279,-76.21849
2,42.304626,-84.995716
2,43.933972,-91.839534
2,33.916401,-118.105148
2,33.91781,-84.29164
2,33.928467,-118.294014
2,30.308046,-97.676204
2,42.277053,-84.351128
2,34.15777,-118.45242
2,37.79792,-121.107
2,48.358136,-122.622002
2,37.797259999999994,-122.272537
2,29.27085,-82.194396
2,34.038205,-80.11488
2,38.618141,-121.41068
2,37.844074,-122.297615
2,33.831099,-117.717293
2,39.854875,-75.366027
2,45.383434,-95.008767
2,26.155881,-80.165544
2,39.004482,-77.023451
2,34.083752000000004,-118.298759
2,32.348335,-86.32215
2,40.62909000000001,-73.88799
2,44.749389,-122.669873
2,47.23031,-122.44973
2,44.778274,-117.810387
2,41.867474,-89.174461
2,40.679005,-73.433708
2,29.71101,-95.644104
2,34.035738,-118.184608
2,38.825261,-121.124604
2,28.106434000000004,-80.571659
2,31.465345000000006,-81.43817800000002
2,40.637596,-74.20871
2,33.43994,-80.706091
2,33.714588,-84.240883
2,41.511951,-88.099663
2,36.779479,-119.740823
2,32.749548,-117.093922
2,43.102815,-77.57630400000002
2,40.795049,-73.51050500000002
2,41.243779,-111.96994
2,37.815102,-121.993195
2,40.224563,-74.036232
2,34.529957,-111.947259
2,33.723092,-117.076424
2,41.946514,-87.71873000000002
2,42.915863,-85.608329
2,34.019434000000004,-117.493542
2,45.058954,-93.308817
2,39.096598,-94.595058
2,34.3067,-82.191762
2,39.24974,-76.679624
2,37.826501,-121.253795
2,39.405116,-77.130267
2,33.651521,-117.364877
2,35.151311,-85.218358
2,40.706818,-73.428276
2,40.694016,-73.811686
2,41.662876,-87.738884
2,29.396013,-98.493772
2,43.011082,-77.44436999999998
2,41.858737,-77.864769
2,40.049092,-76.300166
2,37.849239,-122.242393
2,44.69568,-117.69227
2,33.880022,-84.27175600000002
2,35.316498,-81.174461
2,33.72892,-84.39284
2,41.77573800067055,-122.58219838083944
2,38.011879,-122.272179
2,30.444013,-87.244351
2,41.035731,-111.510046
2,45.511726,-121.089596
2,40.593003,-111.902588
2,38.765591,-76.99436999999998
2,37.785568,-122.391518
2,39.116617,-78.194707
2,44.948766,-92.958739
2,34.52117,-117.957591
2,28.298549,-81.5778
2,29.041907,-81.920868
2,38.82777571659647,-94.52382445290316
2,40.70059000000001,-111.95291
2,38.673884,-77.25435999999998
2,29.73816,-95.458829
2,41.837893,-76.58250600000002
2,40.745249,-73.769491
2,33.945335,-118.36826299999998
2,30.146526,-82.815791
2,32.691833,-96.880579
2,33.861740000000005,-117.33891
2,33.773396000000005,-118.039162
2,25.788248,-80.209046
2,40.513082,-76.337089
2,33.849726000000004,-117.875849
2,34.267113,-118.47203799999998
2,44.878689,-93.414096
2,33.849962,-117.875715
2,32.959875,-96.914646
2,47.6768,-117.30396299999998
2,37.959576,-122.330521
2,30.298119,-89.708568
2,32.461506,-93.7957
2,36.405740976160025,-87.03110575634464
2,47.69756,-122.30488
2,32.792775,-96.7925
2,46.561957,-112.884875
2,41.441065,-76.907217
2,33.995022,-118.340988
2,32.460659,-93.797318
2,41.554026,-72.852877
2,37.64587,-120.904634
2,37.065687,-76.42754599999998
2,38.614554,-78.707489
2,37.838181,-122.296638
2,38.551841,-90.40705
2,34.318926,-118.484856
2,28.515713,-81.28966
2,28.536181,-81.382271
2,35.348261,-119.039634
2,40.65625,-73.605354
2,33.85218,-117.814209
2,33.873513,-118.248766
2,37.562622,-77.46042
2,38.68395200000001,-122.592966
2,39.771612,-75.048927
2,28.569613,-81.417435
2,42.947412,-83.724457
2,45.617931,-106.688183
2,35.274651,-80.824598
2,41.56436,-75.886652
2,27.33523,-82.526299
2,33.822325,-84.492827
2,27.446196,-82.509248
2,30.578403,-84.69998000000002
2,38.190294,-121.170462
2,41.015419,-76.857991
2,37.750568,-122.40343500000002
2,34.66850638373056,-118.39544176998903
2,38.00367,-122.084953
2,33.996495,-118.280436
2,34.111212,-80.69109499999998
2,36.431258,-78.40306700000002
2,33.878475,-117.657646
2,38.326352,-87.369514
2,40.307764,-75.35768900000002
2,36.211076974696105,-119.32870030346236
2,36.979089,-119.719475
2,33.086968,-117.299705
2,32.676516,-96.933721
2,38.779344,-77.483048
2,35.55110999999999,-78.21615
2,37.518147,-77.448539
2,42.885949,-83.680203
2,37.772062,-122.224812
2,35.5690848825666,-80.56056618652077
2,47.835581,-121.624858
2,33.494601,-84.220739
2,41.338829,-73.815883
2,38.102633,-121.70341100000002
2,32.785469,-96.848157
2,42.25456,-122.78493
2,40.586661,-122.380152
2,30.476921,-83.896268
2,38.95377516727946,-94.73522543861992
2,42.389995,-73.403375
2,33.485502000000004,-111.888186
2,42.18842100000001,-88.648223
2,28.467617,-81.582709
2,37.699393,-122.073972
2,39.83803,-85.56045999999998
2,32.870421,-96.897525
2,34.067642,-117.57628
2,34.70646500570914,-117.20293164197348
2,38.937976,-94.511737
2,34.411716,-119.858723
2,34.043228000000006,-118.250412
2,40.04632700000001,-76.514219
2,45.151072,-122.882198
2,39.76936,-75.048798
2,47.229877,-122.459648
2,39.599822,-77.688907
2,38.515795,-121.449875
2,44.54511,-92.446433
2,30.38737,-81.55824
2,34.029996000000004,-118.754618
2,34.034058,-118.385742
2,41.731875,-87.62487
2,39.335232,-121.115384
2,38.039241,-120.217625
2,35.079348,-82.02346
2,34.182381,-118.314842
2,42.292198,-83.12838
2,34.078663,-118.28817
2,29.966321,-90.071079
2,32.723371,-96.758427
2,41.108604,-74.16526800000003
2,30.149694,-97.792707
2,40.960369,-73.793419
2,32.47542,-93.796942
2,38.022778,-121.965698
2,31.777955,-106.450458
2,47.482586,-122.27198
2,29.8094,-95.30959
2,27.932037,-82.330559
2,29.628415000000004,-81.83433000000002
2,37.978342,-121.74415
2,44.968096,-123.02796
2,37.943599,-122.480466
2,37.02073932,-104.49232936
2,40.004702,-111.76276
2,42.919693,-85.583898
2,44.58356,-123.06174
2,35.361337,-118.964739
2,34.032236,-118.263107
2,41.917637,-74.044321
2,36.19666,-105.885199
2,45.672316,-111.005502
2,35.75535,-118.427016
2,33.98979,-117.350057
2,37.339153,-121.849869
2,34.185798999999996,-118.320023
2,32.696031,-96.842583
2,29.798286,-95.354269
2,39.236462,-121.217626
2,38.953348,-76.734587
2,34.689998,-118.005399
2,33.974754,-118.246492
2,47.141842,-122.43456299999998
2,35.055201000000004,-85.13745300000002
2,30.263577,-97.74771
2,40.468407,-122.307432
2,37.771763,-121.972664
2,33.326374,-117.236001
2,45.55593,-122.67852
2,36.058083,-80.207995
2,33.612298,-117.426662
2,33.73080611212859,-117.39884018842028
2,39.519466,-76.185789
2,34.087169,-117.679154
2,40.60953,-111.93879
2,37.604771,-122.38401
2,33.663355,-117.897548
2,39.38151240330037,-76.73792481385834
2,33.362925,-81.003876
2,33.916349,-118.265315
2,33.891068,-118.36132
2,33.939293,-117.156738
2,29.646121,-95.38004
2,45.11505800000001,-122.917085
2,32.792551,-96.798084
2,37.967752,-122.373735
2,39.197769,-76.766102
2,42.293011,-83.127831
2,36.317678,-119.678567
2,43.059423,-77.471161
2,29.968022,-90.114029
2,36.663237,-119.808813
2,45.61543,-122.5551
2,33.928946999999994,-118.28112
2,46.641765,-112.021348
2,33.949791,-118.092033
2,33.953273,-118.24246200000002
2,40.844086,-73.89759699999998
2,37.534517,-77.44698299999997
2,39.265791,-76.563817
2,37.618719,-77.365583
2,39.974394,-78.068513
2,37.53285,-77.416236
2,29.39608,-98.505897
2,34.85013,-117.08588
2,27.30872,-82.482214
2,33.018869,-80.152433
2,34.264305,-119.050064
2,33.831402000000004,-118.255554
2,32.894496999999994,-96.711806
2,47.651967,-122.322648
2,42.97833,-77.22825
2,37.393071,-77.42867199999998
2,38.575302,-121.487934
2,40.42973,-79.875355
2,35.317643,-119.003101
2,41.588498,-73.907779
2,26.686415000000004,-81.794402
2,38.06849,-122.22627
2,34.235554,-118.47253899999998
2,36.73905,-79.91622
2,46.7973,-123.00998
2,40.754078,-74.117622
2,35.024640999999995,-85.276072
2,33.93806,-117.13027
2,34.03438,-118.17772
2,37.056808,-120.969688
2,32.79799818976975,-97.21019625617404
2,38.596142,-121.415352
2,35.372643,-118.96747
2,34.03662,-118.270128
2,46.423317,-122.890757
2,38.51884,-121.439766
2,40.218666,-75.245494
2,40.753929,-74.11434200000002
2,40.79164624194721,-74.46864724123729
2,27.93099,-82.33136
2,46.8018,-114.062237
2,30.447135,-97.800261
2,32.456455,-93.779985
2,37.398909,-77.424355
2,39.874571,-105.025135
2,39.965115,-76.71906899999998
2,34.425117,-118.42363
2,30.63011,-87.004239
2,34.037029,-118.284019
2,28.79452,-82.595872
2,34.879090000000005,-82.39644799999998
2,41.7068,-88.02626
2,30.402039,-97.635087
2,42.359558,-83.436134
2,42.83495300000001,-78.79284
2,36.840667,-119.784851
2,35.030947,-80.96294
2,33.778678,-117.89522
2,26.08501,-80.168379
2,35.849365,-78.58660400000002
2,42.323071,-83.443558
2,37.649037,-77.560641
2,38.456816,-121.37165
2,28.293609000000004,-82.49089599999998
2,36.964938,-76.286869
2,46.743293,-92.154896
2,40.51394000000001,-122.02861
2,34.148575,-118.697922
2,44.860458,-93.246376
2,25.648328,-80.415483
2,47.617325,-122.601692
2,36.692322,-119.758578
2,41.161611,-82.84243599999998
2,29.577831,-98.595567
2,32.707372,-117.140228
2,41.245574,-76.895165
2,42.739342,-123.370941
2,39.6335,-79.316464
2,29.990819,-90.07000500000002
2,45.732232,-108.533109
2,41.185694,-80.280865
2,37.024232,-121.564178
2,33.942409999999995,-118.097542
2,35.002815000000005,-85.14130300000002
2,39.45406,-77.367235
2,38.138027,-121.196703
2,47.70505900000001,-122.344704
2,33.764876,-84.519733
2,33.912445,-118.17947
2,41.85109,-87.6454
2,37.598789,-122.060852
2,40.559627,-122.238023
2,42.043072,-73.847865
2,41.156303,-73.245003
2,39.392605,-120.850406
2,26.008238,-80.16659200000002
2,40.74092,-73.837298
2,33.950425,-117.385429
2,29.976181,-90.317912
2,41.532201,-72.808276
2,27.965324,-82.121342
2,33.94696500000001,-80.628
2,39.17522,-89.680725
2,42.253731,-83.30368
2,39.265962,-76.561155
2,38.828356,-77.111187
2,33.998742,-118.147599
2,39.780251,-104.949135
2,37.74066567402963,-121.50412201823472
2,38.422311,-82.247782
2,36.034555,-79.093471
2,37.364368,-121.900124
2,45.776364,-119.281205
2,38.291809,-77.52528199999998
2,37.484703,-122.184829
2,38.882342,-77.027048
2,38.729279,-121.290388
2,34.491299,-119.79541
2,30.461485,-91.06034
2,33.917099,-118.055229
2,29.940307,-95.414213
2,39.725165,-105.025223
2,27.462366,-82.589664
2,37.947914,-122.056885
2,33.85390878,-117.91103482
2,37.38965200000001,-122.163582
2,37.720779,-121.655205
2,28.00983,-82.32812
2,35.383381,-119.109905
2,30.363191,-91.113902
2,43.695003,-124.123805
2,34.258178,-118.458641
2,25.89898,-80.24359100000002
2,34.304884672001336,-119.34758305492711
2,40.264853,-122.227247
2,34.168121,-118.58812
2,36.134945,-86.704763
2,33.950451,-117.303154
2,34.159859000000004,-117.361664
2,34.019768,-117.958281
2,47.30958,-122.24818
2,25.980852,-80.165981
2,40.82009,-73.89026
2,39.457592,-76.65169
2,40.81272,-123.493502
2,40.67445,-111.95277
2,25.844607999999997,-80.206772
2,38.937823,-94.481059
2,41.494836,-78.684152
2,34.092583000000005,-118.206223
2,39.113548,-94.564608
2,32.127695,-80.801497
2,34.104019,-117.301865
2,34.034126,-118.027214
2,40.221891,-76.936362
2,38.478574,-77.398772
2,33.811042,-79.442329
2,37.80644,-121.99085
2,34.309059999999995,-117.47178999999998
2,40.113068,-74.218814
2,44.850462,-123.010447
2,37.251919,-121.93743899999998
2,42.880123,-87.936812
2,41.862274,-87.64456899999998
2,47.75333,-122.18625
2,37.185915,-120.60076200000002
2,47.67535,-122.333443
2,32.435229,-80.72385899999998
2,35.354266,-119.251872
2,37.552937,-77.443871
2,39.20652508716962,-121.10352873744438
2,40.89548900000001,-73.861262
2,37.823997,-122.266678
2,47.551456,-122.316874
2,34.151197,-117.910127
2,32.934521999999994,-80.476787
2,37.378115,-121.90355
2,34.06905,-117.295667
2,38.015222,-122.670161
2,43.70615,-123.20959
2,41.259671,-78.65294399999998
2,26.12938,-80.21771
2,35.031579,-85.308859
2,44.327726,-111.445199
2,35.007997,-117.881111
2,42.4688,-82.91919
2,40.951599,-73.852814
2,30.423659000000004,-87.241088
2,34.185779,-118.473832
2,33.945724,-118.396202
2,27.57387,-82.51437299999998
2,39.125227,-94.496214
2,45.506862,-122.717297
2,34.071979999999996,-118.081917
2,33.654647,-84.365275
2,40.897132,-74.134229
2,34.115608,-117.520653
2,41.583091,-87.240532
2,30.359659000000004,-97.69095
2,40.829673,-73.83921099999998
2,40.762374,-73.757211
2,37.721279,-122.448204
2,34.098583000000005,-118.314903
2,30.247234,-97.775763
2,34.120038,-117.819526
2,36.73278300000001,-121.633525
2,34.004059000000005,-117.431282
2,33.958937,-80.89399499999998
2,39.755644,-86.205814
2,39.772968,-104.83049
2,43.24629,-75.478282
2,39.927524,-74.209202
2,39.241108,-76.588737
2,28.502235,-80.838192
2,27.981491,-82.401032
2,40.682164,-111.9818
2,40.583732,-122.426824
2,30.315431,-81.752022
2,41.820827,-89.468369
2,37.694332,-121.06651200000002
2,33.854214,-117.941666
2,32.70985007270475,-96.67853951408064
2,40.096954,-75.341717
2,29.803032,-82.16776
2,35.204342,-80.842323
2,33.513185,-112.116971
2,40.512032,-124.113914
2,37.464634,-77.42540699999998
2,30.215352000000006,-81.760865
2,39.268815,-76.559201
2,38.927729,-77.212599
2,41.593671,-84.14343199999998
2,35.185192,-78.701839
2,35.23812174780255,-80.9156477447466
2,39.971807,-75.465361
2,29.69103,-95.500572
2,28.658286,-81.419442
2,33.46282,-112.21426
2,37.810749,-122.36348
2,29.243967,-82.15226
2,45.890625,-122.733597
2,29.453015,-98.515612
2,35.568119,-120.700639
2,34.563469,-82.688152
2,33.770292,-117.913525
2,32.777942,-96.779452
2,33.503988,-117.658662
2,25.7609,-80.38809
2,39.74766500000001,-105.002304
2,38.893408,-76.954362
2,39.165791,-76.642329
2,33.639203,-117.601722
2,33.956914000000005,-118.232823
2,33.46038,-80.73272
2,36.893474,-121.747553
2,30.801039000000006,-88.45196800000002
2,33.87785,-118.191322
2,33.28875661,-111.88226581
2,47.390659,-122.28653
2,34.197844,-117.4183
2,25.8098,-80.327425
2,44.486378,-93.291749
2,38.022276,-121.96309
2,32.69598,-117.125346
2,34.720743,-92.37302
2,25.761063,-80.439401
2,45.590718,-122.682212
2,29.97856,-90.076119
2,39.29513,-76.64731
2,34.71692,-92.243395
2,34.279140000000005,-118.469704
2,35.91252100000001,-78.505103
2,33.941189,-117.236343
2,40.118395,-123.828816
2,45.91991,-95.55885
2,39.87612100000001,-75.351202
2,34.391524,-118.080947
2,40.256791,-75.59679200000002
2,30.289401,-91.930975
2,42.524268,-84.647279
2,33.853840000000005,-117.959236
2,39.754547,-105.236832
2,38.505337,-121.785492
2,45.29018282868723,-118.03615450802783
2,28.333902,-81.589613
2,42.38557,-83.2614
2,30.163917,-97.692332
2,37.808273,-122.367004
2,42.20829000000001,-76.4712
2,47.16275,-122.48027
2,26.662537,-81.799773
2,40.738503,-74.217003
2,29.734054,-95.301522
2,37.215042,-76.592239
2,38.539308,-121.736358
2,34.036654999999996,-118.375648
2,38.014961,-122.269531
2,33.006715,-96.853005
2,36.119758,-86.62889
2,41.510055,-72.779371
2,40.824004,-74.176265
2,48.482368,-114.357948
2,37.552485,-77.427263
2,32.72611,-97.32039
2,37.183726,-77.318403
2,47.61068,-122.335609
2,41.518567,-73.969992
2,40.516108,-74.300912
2,39.096275,-94.574807
2,38.551044,-122.474426
2,34.07288,-117.776
2,37.498627,-77.501091
2,26.492035,-81.821382
2,42.686294,-73.688253
2,34.791098,-82.391115
2,38.619827,-121.418962
2,34.068865,-117.545616
2,34.276568,-118.452552
2,40.88585,-111.89647
2,40.403816,-109.906617
2,34.169216,-117.33754
2,41.06892228106943,-76.91018700562995
2,29.839701,-97.972183
2,25.998522,-80.166044
2,28.5054,-81.42251
2,33.825357000000004,-118.218449
2,44.755727,-122.388301
2,33.81582141,-84.36389565
2,33.768021000000005,-117.723236
2,33.371395,-117.257978
2,34.20414,-118.405162
2,32.804518,-96.810378
2,36.34545,-86.71555
2,39.3674,-76.75312
2,32.33218,-95.300662
2,38.562632,-121.369983
2,33.941379,-118.096642
2,40.324759,-123.921594
2,34.740086,-120.27182
2,34.317253,-118.489563
2,40.846213,-73.909599
2,38.31837700000001,-121.464843
2,37.708939,-121.723686
2,40.660851,-74.28624
2,34.024634999999996,-117.756966
2,45.845747,-118.410819
2,42.466709,-83.233337
2,40.316699,-78.919129
2,34.14528,-118.278789
2,39.408785,-111.562632
2,34.025655984716295,-118.4653294080807
2,37.565958,-121.126306
2,39.987697,-86.403667
2,28.162899,-82.53751
2,33.68543,-85.15809
2,45.610489,-121.123603
2,40.119797,-120.171232
2,30.12176,-81.704593
2,44.847872,-93.152906
2,25.57855,-80.396978
2,40.926854,-73.857469
2,38.452004,-121.277413
2,25.807611,-80.261915
2,37.546802,-77.429732
2,37.397048,-120.850202
2,36.153691,-86.721529
2,37.428174,-122.101443
2,38.483882,-121.390258
2,38.049259,-121.315854
2,34.018939,-117.099386
2,37.948311,-121.236609
2,34.177821,-117.674023
2,47.013252,-92.471376
2,33.98914,-117.268196
2,38.782316,-76.851298
2,35.26271,-80.87943
2,43.095488,-75.87459799999998
2,33.986198,-118.135781
2,40.082059,-75.189177
2,26.593929,-81.65495
2,40.845052,-73.919797
2,25.899204,-80.215354
2,38.001397,-76.674449
2,25.903154,-80.324381
2,33.809406,-117.235947
2,33.529669,-82.905036
2,47.602983,-122.184333
2,37.127838,-121.975822
2,28.51882,-82.57154799999998
2,34.027254,-117.719736
2,33.858093,-117.980345
2,38.335056,-122.017509
2,27.944705,-80.532916
2,37.769865,-122.417816
2,37.50308632832764,-77.5554835792658
2,29.801070000000006,-95.371817
2,47.22687,-122.46323999999998
2,37.275019,-77.391276
2,31.782217,-106.22513700000002
2,42.930962,-85.648386
2,45.123714,-93.188384
2,30.22058,-97.83702
2,34.0695,-118.25959
2,34.043928,-118.088956
2,25.630764000000006,-80.443547
2,38.036742,-78.702031
2,43.688541,-73.422241
2,35.89312899999999,-78.559405
2,35.60100999999999,-119.50908
2,33.976174,-118.386601
2,34.034649,-118.267052
2,37.538329,-76.79339399999998
2,40.429119,-79.95626800000002
2,34.856522,-82.502073
2,40.672262,-124.201638
2,34.082662,-81.226924
2,34.140343,-117.24308700000002
2,41.096883,-73.940575
2,29.613356,-82.82034399999998
2,38.94027,-94.53742
2,33.349097,-111.90683500000002
2,37.787175,-122.180274
2,45.637376,-123.114423
2,38.474406,-121.418914
2,33.806335,-78.717591
2,37.097294,-76.458877
2,34.595023,-82.39474
2,39.05662,-94.62934
2,32.764571999999994,-97.317454
2,34.868755,-120.436272
2,36.35432839376281,-86.71979784924162
2,37.464522,-77.425595
2,39.128304,-77.2037
2,30.36236,-91.137475
2,36.756068,-76.509012
2,47.48008,-122.20071000000002
2,45.227003,-122.813631
2,28.923982,-82.593231
2,43.105577,-93.201452
2,30.127331,-82.692698
2,35.05434,-80.768755
2,36.858166,-121.627602
2,34.056087,-118.255882
2,33.554758,-117.645121
2,26.983256,-82.100332
2,33.100977,-81.425753
2,42.928207,-78.89872
2,37.703586,-121.075032
2,34.072044,-117.907516
2,38.459988,-122.726372
2,37.157097,-121.98218500000002
2,43.040398,-77.54221700000002
2,35.064487,-85.30610300000002
2,33.813431,-118.167686
2,34.052841,-118.22316
2,29.757102000000003,-95.359686
2,34.132633,-117.302655
2,40.85379,-73.963142
2,27.852656,-82.663762
2,37.987385988054335,-121.34434819163636
2,34.170925,-79.426419
2,34.020934999999994,-117.814174
2,37.994217,-122.532051
2,36.11099839193291,-80.09450554809524
2,40.426945,-80.030862
2,42.066624,-88.144028
2,37.387081,-120.614827
2,27.492211,-82.478528
2,32.286248,-90.218802
2,33.876301,-118.102772
2,34.0172,-118.175346
2,32.849345,-96.733326
2,42.66851,-124.41727
2,30.658675,-87.88893
2,37.50721400000001,-121.965721
2,34.037037,-118.377533
2,37.667237,-77.485359
2,40.665219,-73.801932
2,42.96461,-78.921175
2,37.636635,-122.100189
2,28.505539,-81.24566800000002
2,34.072947,-117.787349
2,33.760811,-78.961533
2,32.360841,-86.175405
2,28.553148,-81.374465
2,39.013843,-121.430233
2,39.738411,-104.96476
2,28.294231,-81.626541
2,35.199765,-80.721259
2,38.26163649540776,-85.73343157727365
2,41.531811,-72.798073
2,40.20010114,-74.5915997
2,42.492173,-83.508237
2,34.01715874655715,-118.1753718847362
2,42.424922,-83.093192
2,33.552042,-86.641391
2,32.257568,-110.943831
2,33.995518,-117.992707
2,45.086892843031464,-93.18752646401792
2,40.229553,-74.76878
2,30.436405,-91.176517
2,43.297529,-73.679225
2,45.497244,-122.533068
2,33.842042,-118.286251
2,42.49194,-83.012886
2,30.35426,-81.66844
2,28.540928000000005,-81.498056
2,44.555851,-123.104
2,34.02078,-117.8147
2,33.63332,-84.490139
2,37.395509,-77.49351899999998
2,40.44177889804629,-79.82682108841023
2,44.00874,-123.70484
2,34.716205,-80.768364
2,25.81185,-80.252562
2,33.93853,-117.134186
2,39.72491,-105.01291100000002
2,40.067611,-75.146792
2,33.684092,-117.895842
2,42.38612,-83.020172
2,39.725371,-76.86491600000002
2,38.594529,-78.724464
2,37.679446,-77.45053399999998
2,36.161338,-86.77582199999998
2,47.626282,-122.328888
2,36.44725,-87.094442
2,34.051990999999994,-117.144694
2,43.958669,-94.661282
2,34.047836,-118.266579
2,41.76321,-87.8579
2,28.491023,-81.396734
2,26.083785295362073,-80.1932966705313
2,45.834395,-95.307277
2,34.06827,-81.0177
2,41.836191,-77.899857
2,39.01708,-77.10181999999998
2,38.760812,-76.993604
2,29.428969,-82.262456
2,39.1817,-122.115676
2,29.763325,-95.370705
2,35.927534,-80.856212
2,34.035076000000004,-118.36824
2,39.012538,-76.495723
2,34.207726,-118.217621
2,36.324331,-119.224654
2,37.349422,-122.060074
2,41.874893,-123.84328700000002
2,36.846205,-76.19646999999998
2,41.18472933749587,-79.78500008545022
2,37.861095,-122.209496
2,34.072078999999995,-118.073082
2,44.780336,-93.214318
2,39.553072,-123.427466
2,38.35275,-122.71322
2,40.990108251376206,-76.73273205720551
2,41.671153,-72.820976
2,40.340409,-76.307621
2,42.705048,-74.326812
2,27.930353000000004,-82.35136700000002
2,37.21786,-77.38781
2,45.675305,-121.275275
2,42.494469,-82.938179
2,34.029026,-118.218315
2,28.189327,-82.43713199999998
2,40.734788,-73.836218
2,36.86135,-121.583529
2,39.13104000000001,-77.1705
2,25.907324,-80.17120899999998
2,34.119686,-80.84730400000002
2,25.628105,-80.341342
2,38.431297,-122.715569
2,47.756691,-122.187073
2,28.380914,-81.501313
2,37.317951,-121.830856
2,40.896981,-80.26387
2,40.784371,-111.949226
2,34.260832071140946,-118.47187399807704
2,39.520343,-80.017962
2,27.855755,-82.326555
2,47.61953,-122.32821
2,34.060631,-117.545181
2,32.7925264833794,-96.79773688270188
2,34.840931,-117.088799
2,34.765389,-118.799288
2,33.703339,-84.170387
2,29.269998,-97.766628
2,35.149844,-90.026232
2,25.769365,-80.341256
2,39.303897,-120.671384
2,25.851382,-80.25501700000002
2,36.842397,-76.165897
2,42.23226500000001,-83.36820999999998
2,26.715065000000006,-81.807422
2,47.70507,-122.347412
2,40.737286,-73.851784
2,39.3550550935776,-105.82287669131362
2,40.89788,-73.879823
2,42.373591999999995,-83.0495
2,32.790411,-96.743037
2,40.63335900000001,-74.297294
2,41.2423,-111.946102
2,42.907887,-78.746941
2,33.37393,-117.253269
2,25.890307,-80.185905
2,34.059428999999994,-118.001434
2,40.798497,-74.467871
2,36.837793,-76.099938
2,37.178817,-76.517275
2,34.136707,-117.4692
2,40.316699,-78.919129
2,35.413662,-119.02121499999998
2,35.734512,-78.656598
2,42.474422,-83.182594
2,39.026953000000006,-121.513355
2,35.148122,-80.896703
2,37.963324,-122.29075
2,34.223968,-81.00105500000002
2,39.840807,-75.40710899999998
2,32.7446,-117.118998
2,38.144633,-122.234985
2,34.072506,-117.936096
2,34.1514,-117.323513
2,39.122713,-76.82561700000002
2,41.728328999999995,-107.728455
2,36.22089,-86.7747
2,37.97908,-122.301086
2,34.246821000000004,-117.184332
2,33.659512,-117.587074
2,39.778155,-104.913145
2,33.880487,-117.570644
2,33.814968,-117.87718999999998
2,41.874931,-87.645134
2,33.400283,-84.745277
2,36.030107,-87.20836700000002
2,37.459402,-121.924111
2,33.132925,-117.123507
2,37.94412,-121.254836
2,33.879185,-117.558739
2,30.460463762138076,-89.69737172083998
2,29.71469500000001,-95.476333
2,35.756511,-78.728202
2,41.338829,-73.815883
2,37.542697,-122.28633899999998
2,33.856782,-118.028523
2,33.76017,-118.022324
2,39.35400300000001,-76.745799
2,37.890042,-121.276375
2,32.778689,-96.873757
2,34.011963,-117.263863
2,40.586961507603704,-122.36041188181706
2,47.616947,-122.332741
2,27.884813,-81.456917
2,46.878532,-99.759226
2,41.71448,-87.6468
2,42.961273,-85.67684200000002
2,34.106506,-117.821762
2,29.025579,-82.160155
2,43.610995,-122.11691299999998
2,30.321804,-81.69808
2,38.872193,-76.981705
2,34.265034,-118.47383899999998
2,34.678742,-92.336097
2,28.983988,-81.266869
2,40.69062,-73.574799
2,40.804737,-73.280022
2,34.303421,-118.479546
2,39.89674,-111.550041
2,30.450652,-91.143602
2,34.120036999999996,-117.302376
2,43.09774,-83.763008
2,42.27759,-122.811495
2,37.763582,-122.172285
2,34.052849,-118.258736
2,34.03476,-117.974571
2,37.206418,-93.268121
2,27.981233000000003,-82.32655600000002
2,42.292198,-83.12838
2,40.694408,-74.261337
2,34.278252,-118.419937
2,34.303253000000005,-118.479774
2,34.06544,-117.806725
2,40.376504,-74.46261700000002
2,30.557691,-91.170373
2,35.409159,-80.857399
2,33.654835,-111.984816
2,39.998297,-75.570924
2,33.901123,-117.285248
2,35.255049,-80.982134
2,37.333393,-122.054718
2,36.045295,-86.658745
2,32.746738,-117.1564
2,35.597087144681936,-80.86002945861406
2,38.006073,-122.540802
2,33.902081,-118.106621
2,37.038882,-76.393274
2,41.87572,-87.65115
2,37.01596,-120.12502
2,37.231695,-78.456834
2,34.150452,-117.479149
2,40.4256641862849,-74.43959355318812
2,26.682194,-81.897406
2,35.241446999999994,-80.86074
2,36.544884,-119.305033
2,34.020511,-118.278128
2,29.743956,-95.36202
2,47.302567,-122.252808
2,33.949448,-118.170494
2,37.824345,-122.310646
2,42.347787,-71.060404
2,43.923859,-92.474465
2,35.20652600000001,-111.506966
2,41.058289,-73.83804
2,36.153979,-86.625557
2,33.45696330054542,-80.47898411712418
2,32.757205,-117.119002
2,33.948741999999996,-117.300789
2,36.159877,-86.779875
2,46.277335,-94.297738
2,38.45218300000001,-121.408176
2,44.480729,-93.292057
2,32.765863,-117.151551
2,39.428954,-77.41980699999998
2,47.526641999999995,-121.938774
2,47.55748,-122.38147
2,37.700802,-121.92276
2,25.447701,-80.501592
2,36.26628756505839,-119.36350464763945
2,37.411621,-122.076218
2,25.640102,-80.445275
2,34.970451000000004,-110.449971
2,32.695287,-96.837213
2,32.716248,-96.77441
2,41.66267,-87.59124
2,34.568940000000005,-117.934206
2,43.730385,-122.423267
2,47.612862,-122.316757
2,40.569366,-77.229734
2,35.148131,-82.036861
2,34.025734,-118.275108
2,34.03833,-118.439468
2,27.937937,-82.243421
2,25.925813,-80.268677
2,39.706388,-78.179771
2,41.82498,-87.71865
2,41.87317,-87.73521
2,39.498199,-77.954789
2,39.061092,-94.493417
2,33.49902,-112.043777
2,41.91765904406585,-74.04402136767365
2,33.776333,-117.835716
2,34.875566,-82.32969200000002
2,32.108265,-106.629787
2,40.040769,-75.251129
2,25.858582,-80.17688000000003
2,34.410011,-79.929962
2,25.718563,-80.29615
2,34.090755,-117.200753
2,42.408943,-83.079796
2,39.982534,-104.988007
2,45.58195,-118.585883
2,34.024446999999995,-117.73973
2,39.557655,-75.663041
2,25.67628,-80.36148
2,34.365320000000004,-118.55666
2,45.542439222118645,-122.48402953089486
2,40.019494,-75.146335
2,38.464111,-121.47775
2,34.14245,-118.735395
2,37.649105,-77.48949300000002
2,33.617265,-117.264837
2,34.084299,-117.692574
2,35.78546,-78.647327
2,38.054638,-78.5681
2,32.830591,-96.617343
2,36.148387,-86.80682900000002
2,40.837975,-73.88018000000002
2,45.703139,-110.463752
2,25.964712,-80.17013399999998
2,40.661201,-76.897237
2,38.138439,-122.47961399999998
2,42.20642,-121.73676
2,26.092947,-80.22498900000002
2,36.327529,-119.43044
2,33.872877,-118.200584
2,34.487782,-117.33398400000002
2,33.94661,-117.29843
2,37.214996,-121.988182
2,34.077715000000005,-117.397283
2,38.221896,-120.834535
2,39.748622999999995,-105.003319
2,44.930615,-93.141598
2,28.023966,-82.238792
2,40.69987,-111.823025
2,39.359855,-76.504799
2,33.928464,-118.239065
2,33.998940000000005,-117.353867
2,32.514463,-93.747462
2,37.551972,-122.308917
2,34.06812,-117.97862
2,40.4326593873957,-79.87074494323792
2,42.381983,-83.093245
2,28.468769,-81.458549
2,32.090667486037766,-110.90943932480376
2,36.21094822866339,-119.60059046688272
2,41.455246,-72.83943000000002
2,37.355949,-121.868309
2,33.849384,-117.875229
2,34.116306,-118.170937
2,26.10934,-80.29125
2,24.657493,-81.530817
2,25.83264,-80.20597
2,41.201799,-74.181129
2,47.717602,-122.311279
2,40.840408,-73.838356
2,47.357857,-122.296272
2,32.22253,-110.957885
2,38.01913,-121.93727
2,29.903284000000006,-96.67376
2,39.539509,-76.172658
2,38.496131,-121.372111
2,45.00353,-93.2825
2,33.257765,-117.237303
2,35.747264,-78.602938
2,43.150858,-83.55761600000002
2,34.331084000000004,-118.506335
2,40.20110964755916,-74.5897972580214
2,34.05605300000001,-118.451538
2,38.760528,-90.540424
2,38.77460900000001,-121.259631
2,28.542485,-81.43731
2,32.958149,-117.24539
2,26.518942,-81.565416
2,29.81212,-95.335031
2,37.327782,-121.875244
2,33.720219,-78.930265
2,40.02039,-74.94487
2,34.24924,-82.547523
2,25.48758,-80.43656899999998
2,41.811658,-72.521449
2,34.13308,-118.352524
2,37.165844,-121.982391
2,33.461696999999994,-112.114128
2,40.789028405948685,-73.81901621783342
2,35.276306,-80.871501
2,42.472302,-72.172061
2,33.719372,-117.719879
2,47.240669,-122.357292
2,38.93308997135672,-94.52360987618196
2,38.670732,-120.776364
2,33.43932,-112.677017
2,37.9034,-122.06981
2,32.72148,-117.079013
2,40.82385421,-73.00540566
2,38.750936,-121.35846200000002
2,34.819724,-82.26905500000002
2,32.796271999999995,-96.764919
2,47.571735,-122.32016000000002
2,30.009505,-90.021556
2,40.587999,-111.895948
2,37.534093,-122.278094
2,40.552032,-112.29788
2,40.460913,-78.426997
2,38.46262700000001,-121.837303
2,33.873307000000004,-84.014117
2,35.28198122961387,-80.78224539718255
2,33.924904,-118.104218
2,39.1090214250607,-77.1856820579663
2,29.01934504495136,-80.99186539611344
2,29.713423,-95.414882
2,32.781874,-96.805214
2,28.510276,-81.156316
2,39.1056,-94.571279
2,36.98832700000001,-121.384308
2,36.844357,-76.196247
2,34.49062228186373,-117.39948391858388
2,43.102382,-123.472483
2,39.28461,-76.54401800000002
2,41.78442,-87.631752
2,34.486290000000004,-117.334923
2,37.753693,-122.151398
2,35.029346000000004,-85.22941800000002
2,33.76488,-84.51972099999998
2,33.87793,-117.5455
2,38.399201,-122.204071
2,34.116935999999995,-117.302345
2,33.197375,-117.125561
2,38.873459,-77.041958
2,40.80426,-74.072647
2,34.269707000000004,-118.633255
2,38.466922,-78.86261999999998
2,38.791853,-77.058065
2,36.003731489009844,-79.84439492187573
2,30.308227,-97.672086
2,42.313648,-83.09108
2,45.882234,-111.443569
2,34.615749,-117.171799
2,38.835556,-104.849228
2,25.817617,-80.206011
2,42.812462,-78.795827
2,34.17054,-118.501099
2,39.761254,-86.265519
2,41.037186,-73.675335
2,39.95634,-104.98795
2,32.808471000000004,-96.844487
2,33.765945,-117.965874
2,37.808321,-122.36702
2,44.935723,-94.880129
2,41.665988,-108.029033
2,33.897467,-117.490792
2,41.532905,-72.803279
2,40.659972,-74.001678
2,33.910501000000004,-117.44937
2,38.643091,-121.526399
2,33.969112,-117.32856
2,33.876289,-118.102577
2,37.543564,-122.020409
2,32.894714,-96.789902
2,37.5119,-77.77735200000002
2,39.680111,-104.940758
2,39.941021,-75.530412
2,38.76790881138435,-78.7447750564635
2,44.899061,-93.247291
2,40.447349,-80.162236
2,37.28532,-121.809517
2,43.17571,-77.580717
2,34.266090000000005,-118.472565
2,25.888454,-80.18638299999998
2,40.844999,-73.925892
2,34.123682,-80.92796899999998
2,33.73938,-117.833893
2,43.030284,-76.656154
2,34.060438,-81.049157
2,38.59853,-121.450352
2,38.751786,-121.348356
2,40.984356,-77.620906
2,39.653141,-121.634656
2,42.704983949457606,-70.9653174873783
2,39.01858,-77.10776
2,25.942455,-80.30704200000002
2,32.886688,-117.111612
2,31.764595,-106.364044
2,42.307533,-83.10466
2,40.207461,-111.658505
2,41.49706,-94.75818
2,34.034926,-118.149583
2,39.532961,-86.851119
2,42.385242,-83.156357
2,41.636627,-88.01232900000002
2,41.531033,-73.803085
2,34.263684999999995,-118.333793
2,26.051948,-80.16224799999998
2,29.717121,-95.571382
2,33.856533,-118.284607
2,36.941883,-76.266059
2,34.107287,-118.186504
2,40.696575,-73.980949
2,26.3862,-80.10545
2,42.293268,-71.096595
2,35.3115499017939,-80.8473479743917
2,47.509993,-121.875865
2,33.465739,-112.038112
2,41.76624,-87.62553
2,40.75991034,-73.96383405
2,30.344457,-97.526418
2,47.85018,-122.25923
2,37.793278,-120.91389
2,38.15868,-122.499893
2,33.87337,-118.214939
2,37.940854,-120.744146
2,33.921629,-84.189916
2,47.506111,-122.270149
2,34.144999,-117.272872
2,36.791246,-119.86118799999998
2,41.764981,-124.15783
2,40.254023,-103.819097
2,27.540323,-82.482292
2,35.746819,-78.648814
2,41.146648,-78.789057
2,45.79178,-118.29334
2,32.766433,-96.803637
2,32.699931,-96.500422
2,35.90730100000001,-78.898462
2,33.997097,-117.931274
2,34.952391,-82.007499
2,37.514244,-77.17697
2,34.033859,-117.322642
2,37.701576,-121.872177
2,34.57018,-85.57445
2,32.26656,-110.841052
2,33.843196999999996,-117.250481
2,44.757302,-122.335864
2,38.016533,-121.88768
2,33.765972,-117.972351
2,25.52831,-80.392874
2,26.281238,-80.12501800000003
2,34.391249,-118.080602
2,28.332992,-81.496965
2,41.541482,-73.044475
2,28.332593,-81.57938299999998
2,34.055546,-118.184319
2,34.011385,-118.419686
2,43.305991887839774,-122.67712712229404
2,33.644836,-117.735367
2,40.517578,-86.896424
2,37.687129,-122.469055
2,40.517258,-121.698056
2,33.8903,-118.10469
2,33.994938,-118.068782
2,41.463943,-71.909021
2,37.227692,-121.978365
2,40.91734,-111.89139
2,44.744181,-122.677132
2,34.081466,-118.223352
2,26.072485,-80.167198
2,34.029325,-118.444794
2,34.136184,-117.410875
2,30.422354,-91.139906
2,28.570209,-81.40597700000002
2,42.430031,-83.21923100000002
2,39.108242,-94.567936
2,38.089696,-78.99567900000002
2,33.444841,-79.560046
2,26.012924,-80.20774300000002
2,33.815434,-118.184982
2,28.558702,-81.676903
2,47.62458,-122.348907
2,34.080845000000004,-118.225153
2,40.508319,-122.32421200000002
2,47.357857,-122.296272
2,39.75612044315454,-84.20311331708811
2,29.490896000000006,-98.559839
2,38.02630900000001,-121.75151
2,41.498102,-95.091641
2,33.93921,-117.1369
2,37.652903795062755,-120.90274929942652
2,44.238574,-95.188889
2,37.560382,-121.909215
2,33.855652,-117.78843700000002
2,34.003772999999995,-118.281029
2,41.982786,-77.341239
2,33.777023,-117.875221
2,37.364318,-121.901866
2,30.435379,-83.487843
2,34.15173,-118.092932
2,29.721719026423827,-95.4934966559625
2,38.083519,-120.963374
2,37.255215,-119.506354
2,40.12090300000001,-123.823838
2,45.667587,-111.185674
2,30.282385,-97.462024
2,34.010192,-117.886969
2,39.750519,-84.196225
2,33.50926,-112.065
2,42.36887,-83.057686
2,37.951291,-77.467506
2,32.77993,-117.096866
2,36.6631,-119.78578600000002
2,33.917635,-117.437145
2,28.9819,-81.923253
2,32.87134051,-96.89856648
2,36.917418,-76.20091
2,30.368961,-91.122942
2,37.54726,-77.328913
2,32.709522,-96.755305
2,33.941181,-118.096535
2,28.339105,-99.272274
2,37.525838,-77.34934200000002
2,32.35727,-86.216876
2,34.031841,-118.220001
2,34.66468,-120.39283
2,40.832963,-111.915726
2,33.929171999999994,-118.088548
2,33.73072,-117.98667
2,39.227589,-121.717727
2,35.961109,-119.290557
2,34.339796304539014,-79.53945994339209
2,37.919991,-104.82469
2,29.6998322,-95.29192328
2,42.947262,-83.504751
2,40.726035,-73.903086
2,35.00803,-85.310687
2,35.616999864408406,-82.26065754851219
2,35.179033000000004,-80.88348
2,33.916414,-118.28271200000002
2,39.80085,-105.02494
2,31.686962,-106.29885
2,37.013334,-122.19914
2,39.815585,-104.953395
2,34.010117,-117.823074
2,37.00187800000001,-76.40535200000002
2,38.017948,-121.894058
2,43.165572,-77.600599
2,36.736529,-80.71587
2,34.0844,-118.300452
2,36.860622,-121.622546
2,39.085804,-121.551974
2,33.994232000000004,-117.888687
2,39.81178,-86.174272
2,43.939121,-91.630064
2,32.677859999999995,-97.092893
2,30.451822,-84.086052
2,38.343379,-75.190054
2,39.361769,-76.77833100000002
2,43.053469,-83.732704
2,38.064974,-122.22661
2,30.427028000000004,-91.176813
2,38.653724,-75.452272
2,36.05583072,-79.0999639
2,34.036964000000005,-118.219789
2,27.93771,-82.186833
2,34.156734,-118.413925
2,44.894031,-93.252114
2,37.83567,-122.484612
2,37.217042,-112.976099
2,39.035981,-77.501767
2,38.559533,-121.261307
2,37.808498,-122.366852
2,28.344179,-81.373125
2,42.4384,-124.42845
2,37.388666,-77.431566
2,45.199606,-105.758475
2,28.61614,-81.43719
2,30.300878000000004,-97.685255
2,37.522981,-78.811761
2,33.928495,-118.281909
2,34.895315000000004,-120.422374
2,40.568057,-75.519987
2,32.899491999999995,-96.898115
2,33.706489000000005,-84.20139300000002
2,40.206496,-75.26787
2,34.219398,-119.074841
2,29.798286,-95.354269
2,25.934699,-80.151016
2,40.729935,-74.039692
2,44.218525,-88.489874
2,37.71249175053733,-122.16937422694124
2,33.854037,-117.892903
2,43.023248,-87.921074
2,33.857251,-117.976272
2,32.746349,-96.822852
2,33.866235,-118.290531
2,38.577103,-121.46544
2,37.721366,-121.653407
2,34.141502,-117.339836
2,33.872898,-118.342369
2,40.767656,-74.226862
2,40.98691105823047,-76.70494437181137
2,33.5703,-117.69122
2,34.23360228522189,-79.79495644531347
2,45.757144,-94.938019
2,34.041878000000004,-117.155419
2,40.234626,-78.83609799999998
2,31.931218,-81.326536
2,39.57171320896353,-74.76555705034845
2,34.72498,-92.293288
2,34.282897999999996,-119.305428
2,42.382557,-83.368195
2,33.824040000000004,-84.351611
2,41.261183,-74.158004
2,47.463776,-122.245476
2,33.071261,-80.087221
2,41.135039,-80.075882
2,38.470619,-122.729507
2,33.71878981574193,-112.31028199142308
2,34.824054,-118.170492
2,34.103325,-117.91968500000002
2,40.084315,-75.410338
2,45.115235,-122.917423
2,34.069435,-118.235748
2,39.01409,-76.860242
2,45.05857,-93.14173
2,33.927925,-118.254295
2,34.398225545719164,-118.46230387631196
2,44.839764,-123.007575
2,33.774502000000005,-118.035843
2,26.63859486567193,-80.1738989349357
2,37.552986,-122.295914
2,30.346817,-91.029877
2,33.870645,-84.47686999999998
2,43.05315,-76.12224599999998
2,45.161072,-93.283356
2,39.096284,-94.593196
2,33.95821,-118.244202
2,33.041978,-111.970489
2,33.875549,-118.193224
2,33.407481,-117.599447
2,42.974701,-83.652977
2,33.903433,-117.462269
2,40.263889,-74.510712
2,33.916414,-117.287489
2,32.779197,-117.07031200000002
2,33.831589,-118.28595
2,32.755361,-97.319222
2,34.202209,-118.340309
2,34.126508,-117.201555
2,45.41164000000001,-122.74385
2,34.037247,-118.283989
2,28.449945,-81.477939
2,40.315178,-120.99291399999998
2,41.037186,-73.675335
2,39.62840437870202,-74.39043402636342
2,38.6194,-90.1881
2,28.611916,-81.191828
2,35.03383400000001,-80.913756
2,39.126692,-94.497716
2,30.278307,-97.750764
2,34.181657,-118.314344
2,25.67081,-80.362747
2,41.244703531068595,-121.13710999431068
2,30.422354,-91.139906
2,44.622487,-121.131309
2,33.976826,-118.389038
2,40.83823084811765,-73.88193011248644
2,47.630417,-122.188553
2,42.378845,-83.217033
2,35.778533,-78.529777
2,33.718133,-84.397502
2,33.758075,-117.275498
2,29.999715,-90.116237
2,32.532075,-81.154461
2,33.716027000000004,-84.25088000000002
2,27.996382,-82.536521
2,39.192391,-76.75117900000002
2,35.62388778,-82.1780026
2,34.034668,-118.343728
2,38.254361,-122.574228
2,43.645277,-122.190908
2,37.227712,-121.978745
2,33.928498,-118.287006
2,40.440728,-79.994649
2,45.666635,-110.831058
2,33.278688,-117.187057
2,32.499071,-84.945784
2,30.30139803871965,-90.40504574732589
2,33.918828000000005,-118.178938
2,45.967201,-93.002123
2,33.925555,-83.371206
2,45.01016020753378,-93.15832257226393
2,35.995555,-83.963951
2,29.965922,-90.014227
2,34.533501,-119.857758
2,33.831629,-118.208882
2,36.943347,-76.554621
2,40.493017,-111.891401
2,29.638763,-95.386873
2,25.772091,-80.190185
2,40.35531,-76.30953000000002
2,35.179398,-80.884701
2,30.369251,-97.732431
2,39.326466,-77.016227
2,37.49918103200198,-122.2395408147705
2,34.00843,-117.960335
2,37.238908,-93.224852
2,35.000253,-85.334047
2,39.09762,-94.592329
2,41.27573132495272,-72.96836972201841
2,36.225629,-86.711076
2,40.775139,-111.949352
2,32.746287,-97.320965
2,38.223091,-122.257835
2,39.62822,-78.016396
2,29.107397,-82.07840300000002
2,34.336021,-118.507957
2,29.705932,-95.587827
2,39.91725200000001,-105.094147
2,38.861042,-77.3514
2,40.690588,-73.574145
2,39.23283219318756,-76.65003418885874
2,34.483546999999994,-119.296204
2,35.862796,-78.635986
2,33.928934000000005,-118.28005
2,47.77037,-122.18936200000002
2,37.701664,-121.911278
2,37.40423300000001,-77.670508
2,33.913244,-118.140574
2,26.5977,-81.671888
2,33.790413,-118.099365
2,30.423449,-91.144627
2,39.878451,-76.709701
2,34.140451,-117.316565
2,44.936576,-93.030734
2,43.072106,-77.625498
2,40.51748157,-78.40044379
2,25.890307,-80.185905
2,40.57739,-75.89123000000002
2,44.044645,-123.542733
2,28.610352,-81.284438
2,34.17569,-118.39311200000002
2,36.666766,-121.756673
2,38.904107,-77.018215
2,33.897467,-117.490792
2,34.165009000000005,-118.474892
2,32.035059999999994,-111.33868
2,33.032207,-117.275505
2,33.895848,-80.31664
2,37.68274,-122.137943
2,45.533913,-122.58028
2,25.926745,-80.236508
2,37.078825,-121.59404
2,41.97323400000001,-71.29477800000002
2,30.330667,-82.962616
2,37.879566,-122.221794
2,42.377151,-83.03936800000002
2,35.78424099999999,-78.649023
2,34.835255,-80.699213
2,40.037007,-75.355294
2,35.276515,-80.817546
2,34.394110999999995,-118.571053
2,38.86429,-77.00179
2,25.783828,-80.30474699999998
2,34.01683688,-117.74115443
2,44.82998,-123.011538
2,42.780511,-73.74654100000002
2,33.87498,-117.54523
2,39.45406,-77.367235
2,34.448296,-119.219414
2,35.007059000000005,-117.845033
2,44.78466,-122.6708
2,41.243639,-77.003208
2,38.68606,-76.872376
2,39.0125,-122.491196
2,34.092693,-118.205281
2,39.733010530282336,-86.24015450436475
2,34.522744,-120.304917
2,33.748725,-117.452751
2,29.82066,-81.376901
2,39.615422,-77.79136700000002
2,47.549622,-122.334938
2,30.342421,-91.72269
2,44.072939,-95.690487
2,47.398438,-122.228043
2,43.148016,-77.583187
2,40.732876,-73.919823
2,33.077198,-111.81046200000002
2,37.90222049,-122.31562972
2,34.529540000000004,-82.612104
2,34.939018,-111.650389
2,34.147964,-118.033064
2,40.102045,-75.42608100000002
2,32.796364000000004,-116.914604
2,34.068191,-117.338997
2,34.628345,-92.033098
2,42.389715,-73.48469399999998
2,39.006475,-78.330706
2,44.410086,-92.859213
2,32.65974640830679,-114.3493187422068
2,30.544001,-91.193072
2,38.610796,-121.415405
2,38.93865,-94.60309
2,34.18458,-118.896618
2,42.944084,-76.551135
2,30.44246,-88.720682
2,32.659690000000005,-117.06963
2,39.033681,-94.553142
2,33.038216,-81.146897
2,37.8963,-121.279681
2,32.837136,-97.140415
2,35.04781,-92.413761
2,37.783967,-122.18418
2,26.583007,-81.871309
2,38.367826,-121.960276
2,27.916533,-82.781238
2,33.566629,-117.829712
2,38.660995,-121.36313
2,37.21094,-93.312153
2,33.846610999999996,-118.205406
2,38.655113,-121.033669
2,30.433190000000003,-83.46021
2,32.821705,-96.713097
2,34.136356,-117.435837
2,39.770534999999995,-105.004211
2,38.510311,-121.464578
2,35.81864500000001,-78.82264599999998
2,36.32780671102368,-119.58305954876144
2,43.148991,-124.175777
2,33.784411999999996,-118.091354
2,36.10089,-115.20798
2,34.055923,-117.68512
2,26.12805247294365,-80.16954302749552
2,39.738716,-104.903481
2,47.519726,-122.317024
2,34.067933000000004,-118.027002
2,38.36045,-81.69792199999998
2,26.249121,-80.136553
2,39.800893,-78.982614
2,28.61398816095059,-81.38690113982493
2,37.642899,-121.887268
2,30.188921,-85.77780899999998
2,39.44198,-76.356858
2,29.664626,-95.28893
2,45.520067,-123.051381
2,41.918201,-88.06777199999998
2,39.16009,-80.35493699999998
2,35.107267,-89.869905
2,34.072235,-117.926643
2,33.913327,-118.278348
2,32.416059999999995,-96.660167
2,34.037048,-118.30909
2,35.317646,-119.003092
2,29.937698,-95.432255
2,41.752928,-122.52467
2,36.772313,-119.760107
2,33.782619,-118.200974
2,40.334992,-107.687586
2,38.88234258,-77.01846242
2,39.02104,-94.19424
2,28.06817,-80.70116999999998
2,30.344064000000003,-97.668842
2,42.277233,-83.156525
2,40.71114,-112.02491
2,40.816468,-73.216611
2,40.48323512058028,-111.89814448303272
2,39.504373,-120.280596
2,37.258579,-122.122177
2,32.804598,-96.821005
2,33.946114,-118.24911000000002
2,39.70286250095509,-105.24630904147509
2,36.25717,-115.24813
2,40.346317,-74.47529200000002
2,38.906248,-76.850124
2,33.99888,-81.10896
2,37.870197,-122.30497
2,37.770191,-122.419174
2,38.52232,-121.521844
2,34.215393,-118.352592
2,34.708068,-118.795569
2,34.674862,-118.223221
2,34.067321,-117.553585
2,34.026144,-117.778505
2,33.218131,-117.104179
2,35.702852,-83.03918399999998
2,34.056089,-118.255883
2,33.462134000000006,-112.030431
2,39.774799,-104.849449
2,30.44261,-91.138447
2,32.898834,-96.768953
2,37.80872,-122.366585
2,42.670109,-78.949903
2,41.364487,-72.070312
2,35.554401,-120.719643
2,44.54487,-122.96912
2,35.013781785798,-92.4100506301288
2,28.407491,-81.40474300000002
2,37.141604,-120.274431
2,40.077127,-75.411819
2,37.322247,-121.898155
2,32.432364,-99.60505
2,36.47711,-119.443016
2,39.625801,-106.071356
2,33.810712,-84.37227299999998
2,33.385981,-111.810661
2,30.425035,-91.158468
2,37.319691,-121.828201
2,35.12008309347572,-85.23705124814397
2,34.082069,-118.228271
2,40.109671,-75.16484799999998
2,28.21698,-82.737442
2,34.162273,-117.464394
2,37.327098,-121.880484
2,36.283732652491175,-119.80540394725892
2,39.20509000000001,-94.49691
2,43.150512,-77.643936
2,40.77412800000001,-73.829697
2,37.206709,-79.582309
2,32.817846,-117.148751
2,40.7766,-74.201912
2,44.062847,-123.057154
2,25.8078,-80.20571
2,32.730940999999994,-96.79476
2,29.166593,-82.25178100000002
2,45.646555,-121.512442
2,34.113649,-84.734373
2,42.10178300000001,-121.696374
2,34.147658,-118.078319
2,37.90222048741387,-122.3156297201046
2,33.700339,-84.088604
2,29.333765000000003,-96.089909
2,37.754145,-121.42586599999998
2,37.356916,-122.117185
2,40.772269,-73.919717
2,37.859634,-121.281204
2,38.033762,-78.44740300000002
2,39.284673,-76.535433
2,41.759458,-72.44084699999998
2,37.029279,-76.334089
2,27.865677,-82.832341
2,42.34584,-122.87502
2,37.806995,-122.277992
2,37.9262530801872,-122.51458525599232
2,34.155025,-118.311035
2,42.7721,-77.89023
2,37.27846741658554,-121.86413884104792
2,32.759462,-97.037727
2,33.930313,-118.36826299999998
2,37.036775,-76.390043
2,29.96271,-90.100969
2,34.275192,-118.536193
2,35.54624099999999,-119.331504
2,25.762078,-80.328811
2,33.509234,-93.087254
2,35.54526686651447,-84.56969618756976
2,37.63028,-122.115051
2,38.990274,-104.814666
2,42.968376,-83.72550799999998
2,40.008891,-75.580905
2,42.30288863,-83.18069816
2,37.732747,-120.839599
2,38.80022,-77.1663
2,25.447781,-80.47511
2,25.623328,-80.479677
2,40.727552,-112.18682
2,34.028558000000004,-117.331037
2,33.882931,-118.142639
2,44.970538,-93.334364
2,34.004723,-118.172852
2,44.95205,-93.06522
2,47.095303,-122.617126
2,39.948314,-74.98583199999999
2,41.624568,-87.050911
2,42.28400588,-71.04389548
2,34.004471,-118.063873
2,34.973597,-81.941929
2,34.205757,-117.384811
2,47.576248,-122.126236
2,39.198414,-121.057094
2,29.68077700000001,-95.364042
2,34.155415999999995,-118.289067
2,39.00649,-77.070328
2,40.52866,-74.33744
2,32.833096999999995,-96.916111
2,33.777656,-81.399876
2,34.038854,-118.047342
2,42.50106,-83.11629
2,34.872731,-82.329267
2,40.52557,-74.33745
2,33.92305,-118.300346
2,34.02132,-118.161674
2,42.052379,-73.984424
2,34.073339000000004,-117.295407
2,26.230323,-80.136563
2,34.067409999999995,-117.532425
2,27.038669,-82.39851
2,32.350558,-95.319324
2,41.138892,-111.833672
2,33.805363,-117.905472
2,43.14997,-77.65105799999998
2,37.492946,-120.958432
2,34.134910999999995,-117.247086
2,41.452377,-78.685955
2,33.283559999999994,-114.77629
2,35.441232,-119.052431
2,34.370014000000005,-117.426064
2,33.854001000000004,-117.959244
2,39.313154,-76.755278
2,38.519525,-122.469901
2,27.029895,-82.20057
2,34.058503,-118.177683
2,37.697535,-121.773566
2,33.941174,-117.243782
2,25.897981,-80.20965799999998
2,29.107397,-82.07840300000002
2,34.251431,-117.454789
2,43.532608,-89.894155
2,28.775993,-81.355873
2,40.598778,-79.687051
2,37.447971,-121.921532
2,33.965804999999996,-118.370499
2,33.248695134958034,-117.15430855695172
2,33.941413163976954,-117.55545973721716
2,39.060441,-76.837681
2,34.466564,-118.32896399999998
2,35.089782,-80.922002
2,25.942277,-80.30684699999998
2,41.871619,-88.593395
2,47.446464,-122.21608700000002
2,47.632301,-122.393127
2,38.866641,-121.54358899999998
2,33.46598,-112.17772
2,37.683304,-122.12709
2,34.7066,-82.445266
2,43.025543,-83.654449
2,46.7312,-92.2024
2,37.807184457598645,-122.47527480067026
2,25.849018,-80.322248
2,40.065883,-75.315216
2,35.216582,-80.868897
2,41.532905,-72.803279
2,28.513692,-81.286233
2,36.17897629720603,-86.77365660626042
2,35.597087144681936,-80.86002945861406
2,33.779078999999996,-118.280235
2,47.464873,-122.242476
2,36.33913,-119.421407
2,36.793194,-119.701808
2,38.369104,-120.960546
2,35.136541127991016,-80.9086525436358
2,33.996216,-118.068469
2,34.173715,-118.557033
2,35.167648,-111.667435
2,34.08838,-118.30482
2,43.164639,-77.63887
2,34.030698,-118.258155
2,43.31127,-123.34778
2,34.128868,-118.347336
2,38.431038,-122.716805
2,34.056062,-80.922834
2,34.066897999999995,-117.24099
2,32.745777000000004,-97.320805
2,41.908496,-73.76859
2,40.246633,-74.52079599999998
2,47.462715,-122.265778
2,38.81832,-81.72771999999998
2,38.015221,-121.993301
2,29.440494,-98.484309
2,38.956971,-77.200386
2,41.750854,-88.025284
2,34.273067,-118.589493
2,41.92195,-87.67775999999998
2,37.571521999999995,-122.31516299999998
2,34.067516999999995,-117.527838
2,47.590408,-122.336609
2,41.857822,-71.444863
2,46.189596,-94.364088
2,37.761963,-122.405785
2,34.119713,-117.75753
2,28.575269,-81.31081999999998
2,44.58386064,-117.45797753
2,34.250744,-119.142616
2,30.33052,-81.67472
2,34.488874,-118.115911
2,37.714126,-122.451381
2,30.189041,-97.585645
2,47.546006,-102.210793
2,29.76242423043364,-95.372453927539
2,37.401531,-121.908859
2,41.20569,-111.99106
2,34.379978,-80.595619
2,34.240254,-117.429524
2,34.120876,-117.890221
2,39.89207800000001,-74.99499399999998
2,42.67000794,-73.74127507
2,42.955963,-85.667686
2,32.175002,-110.977574
2,41.10635900000001,-73.423046
2,45.90782,-123.72141
2,46.452823877113104,-92.72983431771884
2,27.95614,-82.46600000000002
2,29.678653000000004,-95.403674
2,32.221338,-110.956156
2,38.899431,-77.014237
2,37.548866,-77.35645500000003
2,26.567376,-80.069485
2,28.336926698549572,-82.55130171736455
2,44.540194,-95.006321
2,41.91005,-87.71188000000002
2,38.437868,-78.850325
2,42.948421,-73.789869
2,40.24312000000001,-80.20347
2,26.683312,-80.163706
2,33.88963579999999,-84.26293731
2,43.915518,-91.60219
2,41.68066,-72.65335999999998
2,45.59948,-118.638308
2,28.601126,-81.365133
2,37.32871,-122.05226299999998
2,47.60005200000001,-122.327652
2,33.966457,-118.083588
2,39.75581,-83.30828000000002
2,35.75229,-78.707267
2,40.8160865304908,-77.93193697892221
2,41.498233,-95.54544
2,30.062907,-81.893722
2,44.826109,-93.229458
2,33.388212,-81.036191
2,47.626282,-122.328888
2,33.93005,-118.281837
2,44.347354,-89.92578
2,45.343477,-118.112669
2,33.736479,-81.100677
2,44.09144000000001,-123.09927
2,37.941447,-77.474512
2,30.50018,-84.261184
2,33.37832,-111.893595
2,30.047557,-95.430894
2,38.657677,-122.832161
2,42.29511,-71.21811
2,33.822889,-84.357613
2,28.53704094873172,-81.36853337249104
2,41.52892,-87.5822
2,37.531981,-77.506491
2,34.010659999999994,-118.125454
2,41.57772,-87.54884
2,40.58314204196653,-74.33015942538105
2,44.022012,-93.958629
2,44.965013,-93.282734
2,29.81717,-95.563801
2,34.093231,-118.206215
2,36.684867,-119.844508
2,42.855018,-83.827742
2,44.953219,-93.094191
2,32.774995000000004,-96.778639
2,47.805131,-122.129236
2,40.66671967487017,-74.18338894808682
2,45.714465,-123.238781
2,34.040283,-118.161873
2,25.894297,-80.236076
2,34.102745,-118.196953
2,37.568613,-76.47651
2,37.808498,-122.366852
2,34.01336,-81.14403
2,33.864989,-118.047872
2,42.465035,-87.913312
2,34.039646000000005,-118.079885
2,33.878338,-117.657799
2,37.277817,-120.433626
2,34.21347498877424,-119.007414578824
2,47.612911,-122.31591
2,34.23867,-118.41626
2,33.846348,-117.862091
2,38.607655,-78.71377
2,34.11108,-117.896308
2,44.222041,-93.276039
2,32.972190999999995,-96.921762
2,38.679648,-120.738099
2,43.60487,-116.637263
2,28.346956,-81.638308
2,42.256765,-73.614058
2,34.630379,-92.39053
2,40.76677700000001,-74.046392
2,45.755145,-107.860692
2,40.122955,-75.11737600000002
2,33.688743,-86.830742
2,38.881002,-77.005783
2,33.98785,-118.399048
2,33.429411649544576,-112.09396719879103
2,33.844721,-117.199613
2,25.68627900000001,-80.384635
2,44.09148,-121.30495
2,36.983048,-121.900791
2,25.578056,-80.395457
2,37.985718,-122.069481
2,36.87017,-119.326833
2,41.02253,-80.389505
2,28.176423,-82.318934
2,38.475723,-121.40295
2,28.112553,-82.502586
2,36.13387,-120.15509
2,34.186261,-80.211497
2,37.696693,-121.24111200000002
2,43.182306,-77.469918
2,47.654148,-122.354477
2,42.98768877962595,-117.11710095349731
2,33.94545,-118.352646
2,34.12416,-80.93122
2,45.603847,-121.537848
2,37.317036,-121.95298
2,39.61815,-123.353254
2,26.381451,-80.17106700000002
2,39.90509,-82.89499
2,36.799061,-77.4605
2,38.417266999999995,-121.897003
2,30.003471,-90.032004
2,34.06477332,-118.24579596
2,29.151748,-82.18343399999998
2,32.842837,-97.342293
2,34.151667,-118.46717
2,34.06842,-117.97419
2,26.00525,-80.16678
2,44.399472,-95.755578
2,37.506687,-122.338402
2,38.916074,-111.732813
2,34.08743262,-117.65459418
2,30.431647,-87.29733399999998
2,44.11062,-116.9161
2,47.40273300000001,-122.624504
2,46.259082,-99.570304
2,34.030956,-118.030983
2,30.075714,-81.863766
2,34.062529,-118.248835
2,40.6687,-73.928353
2,39.754607,-122.215257
2,39.6088,-77.80159
2,30.295838,-84.243593
2,36.93522,-79.338473
2,33.809055,-118.287476
2,32.676138,-97.018643
2,40.746658,-73.96934499999998
2,47.699622999999995,-122.329819
2,26.002846,-80.167161
2,41.766549,-93.570062
2,33.928938,-118.280715
2,30.168722,-81.535476
2,38.510311,-121.464578
2,34.063922999999996,-117.794449
2,37.343281,-121.84701499999998
2,37.689231,-122.135707
2,36.987179,-121.951157
2,34.071065999999995,-117.952708
2,37.402199,-122.201897
2,46.998213,-93.202375
2,39.02087331,-94.19429898
2,34.154179,-118.468246
2,39.018390999999994,-76.92615500000002
2,40.989753,-76.677172
2,37.717875,-121.66603
2,45.62390900000001,-122.55983700000002
2,29.688771999999997,-95.332016
2,44.188734,-95.121184
2,33.796518,-117.230969
2,34.112037,-117.310137
2,37.616962,-77.444139
2,44.48376,-124.08131000000002
2,38.997894,-94.554863
2,33.46148,-112.04224
2,39.688241,-111.830648
2,40.69655,-111.96759
2,37.757557,-122.211388
2,36.114369,-86.72453
2,34.003708,-118.062904
2,42.357861,-83.21691899999998
2,38.042713,-122.241486
2,38.366688,-78.921008
2,37.34739,-121.92001
2,30.471715000000003,-91.08474
2,32.79460787757495,-117.1578705305235
2,33.994251,-118.344727
2,36.85405611974309,-119.9488484853747
2,33.763656,-80.96093499999998
2,34.132335,-117.226137
2,37.761353,-122.392639
2,34.378597,-118.565254
2,42.496212,-83.358414
2,39.747041,-84.162624
2,39.088994,-120.161825
2,28.542323,-81.351854
2,41.072004,-87.0461
2,34.132431,-118.215977
2,30.28245091423853,-81.87843203505574
2,33.790543,-118.281929
2,41.442628000000006,-76.90345
2,33.869529,-117.67176
2,41.047524,-73.542367
2,27.706371,-82.389382
2,48.847017,-122.575794
2,35.290991,-81.634969
2,35.61646,-80.51134
2,25.85299,-80.32236
2,45.770044,-123.946901
2,33.135079,-111.85503
2,34.063877000000005,-117.824914
2,37.78097800000001,-121.699034
2,35.39142899999999,-118.96953700000002
2,33.788071,-117.831001
2,32.91773200019398,-96.74516558601024
2,36.662193,-119.430527
2,39.78009,-104.94534
2,34.169458,-79.736039
2,25.930722,-80.189622
2,40.948115,-74.0722
2,32.313115,-110.978091
2,35.739147,-84.503431
2,34.473515,-117.125053
2,41.120533,-73.373878
2,39.983517,-75.20824300000002
2,42.380428,-83.236649
2,33.744637,-117.986352
2,34.04797,-118.266563
2,34.069389,-118.235786
2,28.147415,-81.443893
2,39.298193,-84.528788
2,41.089822,-74.040566
2,34.286655,-118.373951
2,39.326466,-77.016227
2,32.95816,-96.9139
2,42.95586,-87.93502
2,35.188447,-111.626796
2,28.56148300000001,-81.332313
2,33.879448,-116.503815
2,38.029036,-121.935722
2,34.15386557562755,-117.33543276730852
2,47.288676,-122.258473
2,34.12161,-117.68987
2,38.613175,-77.3018
2,40.03443400000001,-74.24824699999998
2,35.016982,-85.322579
2,34.998457,-82.001701
2,41.055943,-87.046098
2,33.8315,-118.084277
2,41.246002,-111.9782
2,33.903252,-118.063873
2,37.303508,-122.035392
2,30.273975,-81.768976
2,33.681474,-84.313148
2,33.980678999999995,-117.841629
2,44.86143708207673,-93.30732464745851
2,30.42847,-91.171342
2,34.092369,-117.544025
2,46.503991,-95.342808
2,42.412043809688505,-83.21869969328299
2,34.081837,-118.22374
2,33.841736,-118.286285
2,30.215352000000006,-81.760865
2,38.251936,-121.437695
2,41.14446,-87.26755
2,38.399623,-121.334585
2,31.87841,-81.869663
2,30.260663,-97.723009
2,41.42758,-73.62954
2,33.939412,-80.710918
2,48.833326,-122.48599
2,35.82805752737127,-86.41430497128289
2,34.428727,-119.118548
2,34.019263,-117.498117
2,34.666053999999995,-82.53581199999998
2,44.290148,-92.683163
2,27.944487,-82.540623
2,34.004471,-118.063873
2,39.938203,-76.690462
2,37.938411,-77.982052
2,34.136192,-117.490553
2,45.240219,-94.939674
2,40.205334,-76.215188
2,37.999038,-122.053008
2,37.845872640429285,-79.3644297119171
2,44.97092,-93.25265
2,34.136313,-117.365216
2,34.15476,-118.64865
2,33.537772,-111.882721
2,45.976763,-95.664213
2,29.728585,-95.460494
2,38.22662,-85.82186999999998
2,27.988464,-82.393691
2,34.336987,-118.50724
2,42.493538,-83.296211
2,38.6345,-90.45002
2,38.500545,-121.431134
2,30.391465000000004,-97.72338
2,29.695591,-95.533302
2,29.81036,-95.37394
2,33.59453,-83.63535
2,37.08421111089189,-77.35708594285317
2,34.170799,-118.605888
2,41.300171613496296,-72.90639996493859
2,34.831131,-82.502973
2,41.754,-87.62518
2,29.596146,-98.599158
2,41.021157,-77.57236999999998
2,41.184911,-80.444953
2,47.710331,-122.330276
2,25.94677,-80.286179
2,34.284349,-118.403767
2,39.240962,-76.58937900000002
2,32.361356,-86.214576
2,40.868449,-74.003398
2,34.392281,-117.407585
2,38.81415009480088,-104.81565356204597
2,26.96429,-82.07401
2,40.566823,-124.202069
2,40.879235,-80.419921
2,34.003772999999995,-118.281029
2,29.735146000000004,-83.44982399999998
2,33.065196,-112.047711
2,34.407055,-82.796384
2,44.92239,-93.14479
2,25.898077,-80.23981500000002
2,39.008284,-78.371901
2,41.97844,-87.86976999999997
2,43.192928,-77.592184
2,29.102922,-82.184804
2,44.70915198304792,-123.05360197962256
2,43.60487,-116.637263
2,34.392513,-118.472847
2,38.54282,-122.508965
2,41.346592,-75.72874300000002
2,39.044318,-120.120155
2,37.710925,-77.785732
2,38.375640999999995,-122.741409
2,45.0648,-93.163
2,40.706734,-74.252953
2,37.824931,-122.271338
2,40.753248,-74.05710400000002
2,37.96624,-122.301109
2,33.942062,-118.01165
2,36.686971,-120.659003
2,33.676285,-117.374046
2,25.997467,-80.22213199999999
2,36.439772,-79.571689
2,34.153693,-118.287745
2,41.745311,-72.73553199999998
2,30.232835,-97.492498
2,42.37887024859248,-83.08961033781486
2,38.62878,-84.57534
2,34.104233,-118.322346
2,47.211056,-122.462347
2,39.076686,-121.523224
2,40.73673,-74.124089
2,34.020517,-118.194182
2,41.872312,-87.896624
2,41.8061,-88.11746
2,34.150707000000004,-118.809868
2,39.77817893,-104.9167192
2,44.40199000000001,-74.158381
2,41.98188,-87.80751
2,39.736329,-79.059345
2,35.137904999999996,-120.629822
2,39.02305,-76.47270999999998
2,40.584408,-73.926068
2,37.851172,-122.299278
2,38.343572,-85.694438
2,42.35212,-83.21625
2,38.707441,-78.65727
2,47.115894,-92.471432
2,33.778508,-117.895991
2,39.30203318577145,-111.89447522110036
2,38.066246,-122.225654
2,42.31692194918482,-83.2152235503997
2,35.016743,-85.16911800000003
2,32.66948,-97.303838
2,32.695335,-117.135952
2,34.711086,-118.797653
2,35.22705999999999,-80.84083000000003
2,41.064931,-77.215358
2,38.652946,-121.252797
2,33.912594,-118.178795
2,38.935765,-94.612193
2,47.586826,-122.229668
2,33.843953000000006,-118.29036
2,30.399981,-91.154191
2,37.634979,-122.08696299999998
2,33.965807,-118.24766499999998
2,41.87385,-87.80816999999998
2,29.77766,-95.41073
2,38.220665,-76.969397
2,35.161120000000004,-78.71424
2,40.42973,-79.875355
2,29.181801,-82.18489
2,47.039509,-122.485329
2,34.500617,-117.155222
2,45.455822,-122.57274
2,44.82998,-123.011538
2,41.161389,-76.792402
2,43.66089,-123.3325
2,37.357302,-79.00149499999998
2,34.053478000000005,-118.232361
2,38.158664,-122.212015
2,42.219784,-83.485191
2,41.200736,-80.065988
2,34.745249,-82.29829699999998
2,37.80830025654884,-122.36704230250184
2,37.765111,-122.217743
2,36.914355,-121.786988
2,33.853970000000004,-117.924324
2,44.70509600000001,-122.231905
2,32.81557202,-96.78891778
2,32.129174,-110.857929
2,39.95693,-75.15279
2,40.749795,-74.18053499999998
2,34.694866,-92.270018
2,34.154402000000005,-118.383747
2,33.940022,-118.348274
2,35.116992,-118.20395
2,32.767679,-96.882495
2,39.772702,-86.031532
2,26.600806,-80.069195
2,44.337,-124.09711
2,33.968159,-117.348633
2,34.062866,-118.24884
2,32.743088,-117.117742
2,40.033241,-74.250548
2,44.303816,-93.95702
2,32.681864000000004,-110.654296
2,30.66562,-84.261542
2,33.67288,-111.97729
2,38.478409,-122.236488
2,37.948722,-121.30088899999998
2,33.568263,-117.180973
2,35.438536,-119.039016
2,34.080711,-117.628468
2,33.988476,-117.905663
2,38.424199,-121.395524
2,44.41734909990112,-117.30910420361847
2,45.20005,-93.56496
2,33.947528000000005,-118.279699
2,38.56455,-121.382614
2,32.23234,-110.84109
2,35.422344,-78.531274
2,37.85273909550737,-122.4924623960376
2,35.218773,-80.871317
2,34.083099,-118.228119
2,34.154816,-81.334601
2,33.385392,-117.583207
2,44.062239,-123.44199
2,42.40509,-83.12739599999998
2,39.613372,-84.134714
2,41.68059,-93.394256
2,39.0135562418031,-77.04526305161932
2,40.470317,-112.351132
2,28.194298,-82.525149
2,35.09836793,-118.14492345
3,41.08402848224122,-100.61645150136653
3,39.249942,-76.57416500000002
3,34.431420564487304,-118.39683651867676
3,34.013671,-118.166095
3,36.898075,-121.776548
3,33.823658,-117.510574
3,33.465771000000004,-112.035728
3,47.053188,-96.941567
3,35.940396,-84.004693
3,35.734065,-78.55396400000002
3,37.65453,-122.416702
3,38.724401,-76.989886
3,28.375185,-81.412693
3,34.378597,-118.565254
3,37.810131,-122.248686
3,42.519353,-71.08805500000003
3,34.087272999999996,-117.645409
3,42.777363,-71.245049
3,27.937542,-82.796588
3,32.700297,-96.64852
3,34.060596000000004,-117.506734
3,42.335933,-83.09054300000003
3,38.320869,-121.444565
3,35.098797,-80.932084
3,38.50534,-121.450046
3,39.935699,-111.144287
3,40.087963,-76.326388
3,40.433027,-104.67951
3,35.151867,-90.043472
3,33.917002000000004,-117.287753
3,38.647507,-121.360803
3,40.240431,-79.962825
3,37.347519,-121.840904
3,33.457768,-117.10544099999998
3,44.9531,-93.08897
3,25.699643,-80.408778
3,37.531216,-77.429863
3,33.604009999999995,-84.486254
3,37.191948,-122.396919
3,34.16696,-117.459275
3,41.651321,-93.581826
3,44.179319,-117.135339
3,44.933737,-93.274515
3,36.901287,-121.749075
3,42.11765,-75.99047
3,45.457788,-117.962639
3,35.843635,-78.882039
3,34.223585,-117.40308600000002
3,33.695293,-117.934552
3,40.174001,-75.506811
3,32.386691,-95.318609
3,42.982092,-95.859738
3,25.828441,-80.321711
3,37.718925,-121.66210900000002
3,38.609254,-121.38289
3,25.942937,-80.196954
3,40.782818,-73.943871
3,29.39558,-94.98552
3,34.176267385319825,-79.8105347152719
3,33.945409999999995,-118.170809
3,42.313569,-123.275937
3,43.939121,-91.630064
3,37.60223,-121.002739
3,42.499576,-121.879294
3,41.66209816912811,-93.49964976266143
3,47.59836,-122.321224
3,42.200986,-113.027912
3,42.996025,-83.779655
3,42.4278152,-83.09443831
3,39.632009267618024,-106.058546304197
3,38.016533,-121.88768
3,34.488594,-118.162903
3,37.811456,-122.363707
3,36.10402,-95.77955
3,42.254716,-122.785106
3,33.853704,-117.963773
3,34.75612,-118.795578
3,40.7762,-73.420682
3,28.590818,-81.307174
3,34.030045,-117.706848
3,34.07893,-118.22752
3,41.544526,-72.811327
3,40.4811,-104.73499
3,38.857298,-76.96257299999998
3,34.065104999999996,-117.806503
3,25.76089,-80.4169
3,37.74496,-122.40522
3,33.942032,-118.097771
3,34.392368,-118.472931
3,40.128843,-75.435834
3,34.033394,-118.182892
3,34.744991,-92.336593
3,35.41484699999999,-90.284024
3,37.586256,-77.470145
3,38.97879481,-94.71136451
3,34.411716,-119.858727
3,28.569037,-81.37585
3,30.838751,-85.837595
3,38.76613,-76.99428
3,39.933936,-82.89795600000002
3,38.321636,-120.93732
3,39.74434,-111.83178999999998
3,33.992661,-117.153748
3,25.687872,-80.34056700000002
3,37.808498,-122.366852
3,30.280927,-82.820981
3,33.833861999999996,-117.875961
3,38.683381,-121.256681
3,38.900038,-119.963523
3,34.020061,-118.189079
3,33.790896999999994,-80.993096
3,46.87912344910202,-113.90145420973823
3,42.947713136468174,-78.6522495742862
3,33.996044,-117.36356299999998
3,37.098675,-120.757389
3,37.438369,-122.247008
3,40.038393,-76.472227
3,30.507520437095128,-91.18741393045812
3,41.8818,-87.64555
3,42.343227,-83.216042
3,33.751682,-84.448143
3,28.239113,-82.73593199999998
3,43.04543137529828,-75.95126509630227
3,41.89650177935649,-77.1282184120315
3,33.56873631461349,-117.18100190106782
3,34.162617,-118.628632
3,39.04032,-85.90555
3,35.63983,-78.56579599999998
3,35.836082,-78.890107
3,41.0087120531034,-76.2591183181941
3,32.567862,-97.117628
3,30.290058,-81.96618199999998
3,32.736233,-96.824637
3,34.081303000000005,-118.22406
3,32.133919,-110.965566
3,37.855083,-122.493523
3,38.386475,-121.934731
3,30.504616,-87.26561
3,38.910945,-80.599812
3,33.78635,-84.246342
3,36.859268,-121.596549
3,38.268009,-88.544617
3,32.834151,-111.685956
3,45.580592,-118.635531
3,39.168603,-106.00182
3,41.926086,-88.208786
3,28.506817,-81.488743
3,42.946247,-83.77124
3,34.00111,-117.8428
3,30.266014,-81.765671
3,41.034182,-74.193809
3,35.93146204931292,-86.5288460250543
3,39.061717,-121.717706
3,34.19032,-79.314813
3,34.141468,-117.322747
3,33.089843988260796,-117.079550027289
3,30.32791,-97.66455
3,39.93187,-75.199802
3,43.055907,-83.68539799999998
3,40.955067,-77.758837
3,29.87342,-82.54249
3,37.316109,-121.936073
3,34.277522999999995,-118.604668
3,41.765526,-87.625519
3,40.235878,-75.27421600000002
3,28.664487,-81.499012
3,32.212092999999996,-110.956306
3,28.464361,-81.389945
3,37.680348,-113.079925
3,29.690536,-95.542902
3,33.189901,-87.447541
3,47.7356,-121.424828
3,30.455148,-91.084535
3,37.962773,-122.36679
3,33.863904999999995,-117.614958
3,28.46162600000001,-80.82648499999998
3,38.004761,-121.841217
3,40.73365,-112.20112
3,42.362926,-83.07018599999998
3,39.633007,-123.466967
3,39.20616,-76.61462900000002
3,30.277837,-97.743011
3,34.026253000000004,-117.333504
3,33.941254,-117.270546
3,39.942875,-74.208748
3,39.53057800000001,-76.181849
3,25.518584,-80.42757399999998
3,33.640674,-117.084819
3,37.42012,-121.9147
3,42.163235,-123.646797
3,30.570202,-84.624306
3,33.887514,-117.55187
3,41.682911,-87.779037
3,40.201673,-77.158045
3,35.776657,-78.631385
3,34.072990999999995,-117.784262
3,37.1813,-113.41704
3,42.42737,-123.04724
3,42.394834,-122.283142
3,36.207177,-86.807244
3,29.767685,-95.345004
3,41.565398,-93.864217
3,33.740462064582154,-87.20012783962629
3,40.692564,-73.87887099999998
3,34.205365,-119.018515
3,29.006307,-82.167644
3,46.110036,-123.922059
3,40.77881455402003,-111.94927811569237
3,38.976448,-89.075119
3,33.967786,-117.28611399999998
3,40.646566,-74.228173
3,47.90703,-122.21092
3,28.564054,-81.36726999999998
3,33.727823,-84.502447
3,44.561744,-123.41518700000002
3,38.910974,-78.081097
3,34.062391,-80.921913
3,40.317864,-79.34830799999997
3,34.488102000000005,-118.139557
3,27.482368,-82.56269
3,34.521126,-82.53070100000002
3,41.648869,-108.626884
3,45.770939,-111.248016
3,32.59454,-86.464277
3,44.14980900000001,-122.580992
3,34.227748,-80.31478100000002
3,38.841511,-76.874166
3,40.166839,-79.736924
3,25.87686896311818,-81.2299811836184
3,36.388317,-86.715227
3,40.321108,-79.942205
3,46.48059010483512,-122.88118958414611
3,34.184442,-118.905426
3,34.087158,-117.679153
3,40.06974,-80.9729
3,34.273415,-118.569733
3,44.613823,-93.768125
3,26.668523,-81.624767
3,34.084697,-117.300573
3,32.910004,-117.227674
3,32.76531,-117.1537
3,37.718064,-121.666
3,33.631156,-112.00481
3,45.526752,-122.658125
3,39.725803000000006,-105.000328
3,40.252736,-76.86924499999998
3,31.228579999999997,-85.43441800000002
3,47.23026,-122.44975
3,33.59418,-117.177747
3,44.776014,-117.810076
3,33.778721000000004,-84.390709
3,45.059182,-123.67624
3,25.941864,-80.35070999999998
3,38.818141,-76.941515
3,35.234145,-80.835585
3,42.280056,-87.91194899999998
3,34.150612,-118.695457
3,41.68059468249473,-93.39457154229451
3,37.449729999999995,-122.123039
3,30.758032,-85.81277
3,32.664281,-97.334048
3,35.782618,-78.743514
3,37.95063,-121.28606
3,26.934603000000006,-82.017477
3,37.643707,-122.093231
3,28.427640000000004,-81.47511999999998
3,34.17341351492799,-118.5485851759026
3,40.732037,-89.59318499999998
3,38.476147,-121.424954
3,33.023990000000005,-96.710103
3,33.902359000000004,-118.186691
3,33.846752,-118.233955
3,39.633932,-121.795209
3,35.997624,-106.062894
3,34.196342,-80.77800699999997
3,35.806609,-78.638915
3,34.153896,-118.275482
3,34.064687,-118.002465
3,33.75383,-84.378529
3,27.996452,-81.916004
3,45.498642,-122.790334
3,44.638698,-123.239652
3,33.554745000000004,-117.673049
3,43.011508,-73.80066
3,29.957313,-90.118865
3,33.76915097220531,-84.39052462537579
3,34.15955,-118.462669
3,29.939396,-95.427289
3,37.701504,-122.021347
3,37.720932,-121.938354
3,42.75227665880798,-73.92997384036099
3,31.781557,-106.382648
3,40.73817800000001,-124.208142
3,28.332797,-81.493606
3,37.51811,-120.88373
3,35.017157,-85.255659
3,33.756662,-84.232252
3,34.072235,-117.926643
3,37.779653,-121.314948
3,25.656808,-80.334586
3,34.22833,-117.25126000000002
3,34.077923,-117.814163
3,37.881908,-122.308258
3,32.492689,-93.793465
3,34.665375,-82.176796
3,35.163101,-80.889854
3,33.685542,-84.398916
3,42.484119,-83.084846
3,33.848952000000004,-117.816921
3,33.62565,-117.927939
3,34.210451,-81.31298100000002
3,40.786108,-74.09210999999998
3,37.377872,-120.996109
3,25.593792,-80.37718100000002
3,35.951536,-79.954817
3,40.63652,-111.91438
3,40.843243,-73.89151899999997
3,34.166413,-118.588276
3,41.871067,-87.773804
3,38.865184,-122.624498
3,34.061349,-117.789001
3,40.000671,-75.274963
3,30.56980900000001,-87.031441
3,40.226475,-74.27141999999998
3,39.930543,-86.02698199999998
3,28.539559000000004,-81.291465
3,33.825927972632286,-118.24530243817212
3,40.308116,-111.65529
3,34.956959000000005,-120.508453
3,41.01378,-73.70656
3,38.308559,-120.970341
3,25.947368,-80.149929
3,32.162248,-110.987633
3,30.733561,-87.043633
3,39.55376,-119.566315
3,38.312505,-122.684348
3,38.910303000000006,-77.0079
3,34.031096999999995,-118.259926
3,42.38535,-83.023413
3,33.669437,-112.098237
3,43.084955,-88.61333
3,35.08195,-89.94967
3,35.45864500000001,-120.645473
3,42.230207,-75.914075
3,29.75094437584996,-95.35749793007204
3,30.430814,-86.641139
3,29.732618,-95.605695
3,32.20695300000001,-110.922333
3,25.680625,-80.441034
3,35.3859,-118.986229
3,25.863028,-80.322622
3,30.188566,-85.760765
3,40.530694,-78.362163
3,25.910063,-80.210076
3,34.136461,-117.445085
3,32.380871,-110.964012
3,42.039879,-91.67765
3,36.07779,-86.76595
3,26.1071,-80.16878
3,34.081623,-117.71933
3,46.84516,-96.64382
3,39.481829,-104.993917
3,28.664811,-81.497701
3,33.84235,-117.83031
3,28.236358000000006,-81.652056
3,43.571319,-111.214813
3,40.390646,-123.124457
3,30.581318,-84.8206
3,42.224504,-113.079358
3,38.953882,-123.101764
3,41.58614,-87.68115999999998
3,36.887249,-121.802797
3,33.873611,-118.23611499999998
3,34.039394,-118.080559
3,35.352783,-119.039398
3,34.022079999999995,-118.189249
3,45.822093,-111.269101
3,33.876999,-118.133845
3,41.930904,-87.693283
3,34.419881,-117.606347
3,39.49976563434839,-119.99830841960907
3,33.481563,-80.881086
3,37.081538,-122.084953
3,33.771608,-117.804016
3,33.910213,-84.222489
3,39.579149,-77.878357
3,42.403706,-82.964203
3,25.941518,-80.189458
3,45.09353,-93.28976
3,44.150578,-122.361634
3,44.051687,-122.855467
3,33.94577,-118.09436
3,29.439198,-98.488342
3,32.897426,-113.021772
3,37.193071,-93.29962
3,37.729954,-122.439507
3,38.617108,-87.535989
3,33.48885,-81.44196
3,28.470952,-81.367816
3,37.997457,-84.525397
3,39.979927,-74.892326
3,30.62723900000001,-87.006668
3,40.61093,-111.93878
3,38.014336,-87.469452
3,37.82671,-122.287863
3,41.758078336516576,-72.6633918281905
3,34.013232,-82.237798
3,36.946725,-120.044785
3,42.04812,-71.23964699999998
3,39.77,-75.048317
3,28.461556,-82.540166
3,36.15284085256504,-86.7874324317608
3,34.277985,-118.502121
3,34.226772,-82.27414399999998
3,33.58360648,-84.37226415
3,39.899354,-76.85251
3,32.547253999999995,-80.744051
3,33.981534,-83.97317199999998
3,39.79232,-119.019455
3,34.638357,-82.552549
3,45.12021661,-117.9617393
3,32.757258,-96.648195
3,34.001193,-117.930718
3,34.135605,-117.38665
3,26.164583,-80.160751
3,41.53574,-80.71176
3,34.05587,-117.396423
3,35.441653,-119.251826
3,43.999654,-123.011201
3,35.77919840795623,-78.44509720764901
3,37.336489,-77.33214
3,36.09312415105775,-80.23919463119394
3,28.579931,-81.20784
3,34.015331,-117.342697
3,40.868469,-74.003098
3,41.119995,-73.378353
3,33.789551,-118.089195
3,38.87782,-77.26996
3,32.840044,-97.236313
3,38.755486,-89.874687
3,33.914421000000004,-118.103928
3,32.497292,-92.136414
3,35.005389,-85.208291
3,29.656077000000003,-95.507692
3,37.253194,-121.883881
3,44.772123,-93.94311
3,39.772960999999995,-104.994812
3,37.418846,-122.219154
3,48.118732,-101.129098
3,37.643707,-122.093231
3,42.466713,-82.92054300000002
3,39.234047,-76.503412
3,30.557243,-90.983383
3,34.035197,-118.349815
3,39.749532,-105.017334
3,27.712078,-82.335073
3,40.755573,-73.615776
3,37.86042,-122.501903
3,29.847532,-95.394236
3,39.25931,-123.220285
3,35.772997,-78.642121
3,32.800329999999995,-96.62612
3,35.001529999999995,-80.856972
3,47.242489,-122.385612
3,35.207008,-119.160858
3,32.9258,-96.811383
3,34.075432,-117.544992
3,28.018893,-82.302977
3,33.930501,-118.211649
3,34.198761,-118.153
3,28.298712,-81.350852
3,41.662819,-87.738777
3,45.57082,-117.90662
3,42.06670403460471,-88.15342783885882
3,40.727695,-73.929199
3,47.431422999999995,-122.271233
3,33.928928000000006,-118.283073
3,34.062729,-118.24881
3,43.99265,-123.00564
3,38.894794,-89.834389
3,40.113713,-75.4398
3,43.99064,-92.48105
3,33.924728,-118.210007
3,36.310725,-119.80773899999998
3,41.661364,-76.794836
3,37.720409,-122.178238
3,37.135295,-76.525674
3,34.04577800000001,-80.989129
3,28.716751,-81.89817099999998
3,40.70145965,-73.98962617
3,33.813431,-118.167686
3,33.949665,-118.091896
3,43.242005,-118.516741
3,41.764847,-88.031509
3,34.06423,-118.15952
3,35.132887,-114.104805
3,33.993621999999995,-117.358177
3,34.14732,-118.22766
3,34.169027,-118.594163
3,30.478939,-86.414558
3,39.15454,-75.981546
3,40.62355,-111.90328
3,34.323829,-118.464575
3,45.378306,-119.347306
3,27.447591,-80.394209
3,32.7611982820856,-117.23065495435128
3,40.02831101398455,-74.81965184176053
3,44.78311,-93.43107
3,33.901752,-118.370316
3,40.9346616266206,-74.35378432238409
3,33.832343,-117.362319
3,32.876579,-96.685448
3,40.218075,-82.929641
3,40.844788,-73.92546800000002
3,33.597618,-117.676125
3,44.73251,-123.010269
3,33.454366,-112.037504
3,34.15338,-118.36461
3,45.525029,-122.686839
3,37.00244,-122.02072
3,26.022166,-80.167162
3,42.546075,-123.370449
3,34.391197,-92.837278
3,33.72433,-84.913561
3,34.309055,-117.471802
3,39.706581,-104.996857
3,34.03751,-118.1699
3,45.62241196610631,-122.66970276774089
3,34.111134,-118.180359
3,39.013244,-121.556977
3,28.916155,-81.26995600000002
3,32.20469600000001,-110.841057
3,38.667583,-81.64960500000002
3,29.925769,-90.06777199999998
3,26.697929,-81.600861
3,39.951408,-75.182635
3,33.75970959647293,-84.37898039777576
3,38.879081010633094,-111.9395148748782
3,44.778297,-93.217082
3,37.66713,-121.397756
3,39.50782,-74.519554
3,34.680969,-118.163094
3,43.034825,-77.81669699999998
3,40.52625,-74.20153
3,40.664492,-73.845177
3,37.918232,-78.549953
3,35.694204,-78.574529
3,34.178779,-81.314095
3,25.90073,-80.20961
3,36.047423,-86.655913
3,37.702062,-121.072077
3,42.194741964139006,-124.36829209268394
3,33.68363,-115.24788999999998
3,33.616045,-112.321044
3,32.121196999999995,-110.934692
3,38.713475,-121.41366
3,34.020996000000004,-117.551857
3,29.637861,-95.438448
3,38.827103,-77.119743
3,32.456113,-84.92916600000002
3,29.957675,-90.075894
3,38.77398,-104.781888
3,37.502488,-77.464842
3,39.152773,-76.645656
3,37.340801,-121.928169
3,34.293728,-83.82978299999998
3,39.965652,-75.521697
3,47.683483,-122.322723
3,42.997537,-119.991313
3,25.923208,-80.19407700000002
3,38.985646,-104.812711
3,40.449848,-74.397476
3,25.940624,-80.163246
3,40.861705,-73.974584
3,32.444937,-80.994511
3,37.578548,-122.047775
3,33.928249,-118.254209
3,33.97508,-84.533067
3,34.311882000000004,-117.474869
3,32.89524,-96.87033
3,45.597,-122.55028
3,30.173467,-97.768817
3,39.95892,-79.007684
3,34.15461659,-118.27242494
3,37.354184,-77.494425
3,46.98722100000001,-123.966367
3,40.59118,-73.96508
3,38.877545,-122.618185
3,34.066866999999995,-118.019545
3,33.490349,-117.144419
3,25.941563,-80.189584
3,33.998574,-117.37018700000002
3,32.761667,-96.964881
3,38.27405200000001,-122.65018
3,34.065186,-118.000038
3,30.435395,-91.037588
3,41.574065999999995,-87.509354
3,34.023814,-117.753516
3,37.373309000000006,-78.020961
3,38.858196,-121.950299
3,33.789862,-118.215468
3,40.616337,-74.221048
3,33.591381,-117.513672
3,44.246353000000006,-121.189311
3,31.7785,-106.392723
3,34.220123,-79.83794499999998
3,24.655519,-81.298817
3,25.766205,-80.336391
3,37.69322276097443,-122.05251574458096
3,33.354116999999995,-117.52799
3,38.9894,-77.86584
3,36.327165,-119.448426
3,34.502978999999996,-118.045197
3,32.822109999999995,-98.060263
3,38.349234,-121.223772
3,28.223028000000006,-81.662273
3,39.952407,-86.951651
3,41.07950091,-73.92190576
3,38.573931,-78.74051800000002
3,41.764057,-87.904404
3,36.14962220174717,-77.78460860215291
3,32.758775,-96.989356
3,45.25368332841276,-93.0227529998158
3,41.046354,-79.35736899999998
3,28.568399,-81.284728
3,39.719429,-75.15451800000002
3,47.65538,-122.347328
3,38.561962,-122.823029
3,25.970667,-80.183841
3,40.844065,-73.925967
3,39.750633,-121.997581
3,34.22683,-119.256187
3,44.84504342057778,-123.00877690256593
3,35.25238,-118.924345
3,47.4225604531888,-115.63328146879373
3,34.310442,-118.432134
3,41.054962,-74.06575
3,34.064005,-117.29676299999998
3,37.619891,-122.42541
3,30.323399,-85.793083
3,45.572651,-93.211323
3,36.732613,-121.63892
3,40.33354,-74.09872
3,33.960915,-117.313721
3,37.66351,-122.10607
3,43.187332,-77.585048
3,37.838181,-122.296638
3,30.59487,-84.778561
3,45.1206,-93.04956
3,28.70675,-81.426638
3,37.638721,-120.847681
3,29.726353000000003,-95.460194
3,38.99605,-76.51859
3,32.335499,-110.927071
3,43.091963,-83.55788000000003
3,33.702272,-84.1233
3,41.163162,-79.09732199999998
3,34.198926687077524,-117.4176800245408
3,46.727244,-113.674228
3,32.357168,-86.216603
3,44.45864,-95.75593
3,33.917041999999995,-118.079689
3,33.814209000000005,-118.176323
3,34.274392,-118.376287
3,42.47721,-83.105016
3,39.57517,-76.13218
3,36.383889,-119.135429
3,37.683274,-97.312381
3,29.399644,-98.532306
3,33.994246999999994,-117.90509
3,33.900202,-78.92364
3,40.00181,-75.194946
3,34.011505,-118.419783
3,44.05493,-121.30704
3,33.889581,-84.26263900000002
3,34.323566,-118.460297
3,39.015932,-77.113209
3,34.052338,-118.2593
3,34.030609000000005,-117.623306
3,34.065509999999996,-117.806747
3,34.077377,-117.200508
3,46.19006,-123.12105
3,34.081688,-117.705383
3,47.238976,-122.357117
3,35.420465,-119.0301
3,36.696664,-79.431742
3,34.246235,-84.775444
3,34.036022,-118.177379
3,39.94019,-75.36054
3,41.751874,-87.867014
3,34.059870000000004,-118.25187
3,39.658968,-104.841292
3,39.21584,-77.53463
3,41.79733,-71.40356
3,32.65023,-117.06619
3,40.413726,-75.509449
3,40.141628,-77.037087
3,45.55331,-122.678528
3,37.749871,-122.403842
3,35.719588,-80.267122
3,32.742143,-117.112187
3,33.989156,-118.28594
3,33.887832,-118.199955
3,34.30218100531434,-117.460616826451
3,25.703406,-80.309637
3,44.860027,-93.247289
3,33.782738,-118.207748
3,43.20333,-77.6517
3,37.718697,-121.663383
3,34.718165,-114.472143
3,39.358543,-87.882317
3,34.073289,-80.989687
3,33.908840999999995,-87.256947
3,45.129548,-93.368556
3,34.734231233431174,-92.39848494485663
3,47.38629,-122.29004
3,33.897347,-117.479187
3,33.99556,-117.87454
3,40.871747,-73.99999
3,47.252239,-122.512833
3,36.173504590815675,-86.86963677364884
3,39.605314,-77.728987
3,42.111772,-71.28416700000002
3,46.125188,-92.88771
3,37.447144,-121.891083
3,40.5710613725635,-74.32835698092302
3,38.597361,-121.50381000000002
3,38.938814,-109.50234
3,33.914486,-118.104942
3,38.759765,-111.370784
3,35.162539,-80.890198
3,41.66832089404264,-72.82743573154055
3,30.53392,-87.296379
3,32.250351,-110.933243
3,37.848656,-122.235161
3,40.890887975497755,-74.70440268480918
3,42.442442,-123.323596
3,33.87201,-118.28513
3,41.761981,-107.516666
3,33.74449,-84.39959
3,45.608721,-117.615433
3,33.70329737647198,-84.1665923591415
3,41.678577,-122.068148
3,41.665230989257495,-87.74727702098964
3,37.985472,-121.28451
3,26.979756,-80.183063
3,41.66591,-84.456921
3,33.85902,-117.95677
3,30.073682,-95.558572
3,34.034126,-118.027214
3,43.541249,-123.549194
3,45.583723,-118.593217
3,38.521403,-121.461781
3,33.996884,-118.170654
3,40.842351,-74.164762
3,45.3458,-118.128885
3,34.070217,-117.962051
3,38.50424,-90.61055
3,40.696316,-73.538218
3,34.321812,-118.497627
3,33.708019,-117.851746
3,34.491882000000004,-80.441963
3,39.798629,-86.04163299999998
3,41.952451,-86.56082099999998
3,34.02169,-117.550468
3,33.71087193473,-84.2126834388532
3,34.056576,-118.241417
3,34.072476,-117.75538
3,39.468431,-120.002718
3,32.510016,-83.054395
3,29.96077,-94.235136
3,25.855646,-80.325214
3,33.716496,-84.255341
3,40.008398,-75.74299599999998
3,30.242885,-81.76298
3,35.765704,-78.615081
3,40.8412,-73.945777
3,40.72009,-111.90364
3,34.109133,-117.88147
3,36.659735,-82.066467
3,44.519568,-117.380278
3,35.720232,-81.467624
3,30.297508,-82.983597
3,39.902697,-74.21220600000002
3,40.768085,-73.904961
3,40.126727,-123.750311
3,40.957031,-77.682183
3,29.718814,-95.519942
3,40.695837735935704,-75.41587471926012
3,33.572928999999995,-92.694344
3,33.862339,-118.213982
3,34.992352000000004,-117.541573
3,34.740814,-81.034951
3,47.523506,-122.278923
3,38.32122445088233,-121.19828581752203
3,28.542812,-81.414901
3,36.8412,-119.66963
3,29.675382,-95.380054
3,41.601823,-87.168627
3,34.16596,-118.83795
3,38.99446,-77.33636
3,42.415543,-83.21888
3,42.33277917,-83.08023334
3,37.847278,-122.487175
3,33.772026000000004,-117.909168
3,42.306108,-117.799009
3,36.041223,-86.82145600000003
3,34.06731,-117.528282
3,32.84127,-97.118658
3,34.065456,-117.500671
3,25.797137,-80.318508
3,40.397204,-104.993498
3,45.196841,-93.557413
3,41.966541,-87.998337
3,40.01052,-75.257764
3,25.78571,-80.21485
3,32.70678,-96.623273
3,45.50745,-122.66991000000002
3,39.91288400000001,-75.257448
3,43.134307,-75.500555
3,37.851334,-122.222885
3,28.56902,-81.403654
3,38.635616,-122.601447
3,34.214655,-112.11293700000002
3,34.031612,-118.190453
3,40.27882933597432,-74.08197998965224
3,28.451025,-81.35829100000002
3,33.770321,-117.82534
3,42.395813,-83.0681
3,25.90076,-80.38526999999998
3,40.661007,-111.90147
3,32.689701,-96.847089
3,26.12174,-80.173927
3,33.773251,-118.039406
3,40.31423,-75.599135
3,33.822987,-118.198051
3,33.672505,-117.887152
3,36.161355,-86.799911
3,43.01427,-87.91599000000002
3,47.922474,-101.291662
3,29.73286,-95.37476
3,47.382789,-122.651179
3,41.024212,-76.318603
3,30.533826,-87.30003599999998
3,35.426667,-119.02117
3,25.76021,-80.325211
3,40.135342,-76.696777
3,34.063573,-117.818221
3,36.53244853002293,-120.489860772512
3,33.488741999999995,-112.263997
3,43.021956,-123.299592
3,36.9903,-119.71146
3,40.690086,-75.249219
3,42.484101,-82.91745
3,33.99819,-118.175243
3,37.863598,-104.828682
3,33.975017,-118.124599
3,32.15383,-111.028848
3,33.888435,-117.838011
3,42.296883,-83.916512
3,45.93224,-123.90736
3,25.813684,-80.23631999999998
3,44.137944,-124.123027
3,30.321492,-81.699993
3,34.83826,-82.444909
3,36.8520391,-76.32621646
3,34.195042,-88.126069
3,36.95430636388323,-76.2646329399287
3,32.427085999999996,-110.947449
3,37.005488,-121.519407
3,33.987579,-118.36266299999998
3,32.229393,-110.992134
3,40.290683,-75.544402
3,37.190643,-121.69342
3,32.140737,-110.772676
3,33.312279,-81.953789
3,34.00436997397421,-117.40396857205673
3,47.419642,-122.288035
3,33.980732,-117.351193
3,34.878124,-118.896394
3,34.067341,-117.435768
3,32.76268,-96.77526
3,29.692228000000004,-95.261989
3,36.30762,-119.71396
3,27.858155,-82.664192
3,41.886411,-112.495257
3,42.382442,-88.00415799999998
3,33.708575,-117.851595
3,40.711001,-111.938948
3,36.207258,-86.936638
3,34.573233,-111.888424
3,36.668224,-121.7705
3,45.501412,-122.662214
3,29.958143,-90.097467
3,42.083659999999995,-73.973038
3,39.15602,-76.71413000000003
3,37.41442,-77.42684200000002
3,34.10532,-117.534119
3,43.69164,-93.38887
3,40.258971,-80.174932
3,34.487427000000004,-82.58395
3,37.68288,-122.126909
3,33.894871,-84.452816
3,35.941919,-119.442205
3,37.42534600000001,-121.918022
3,40.11199000000001,-83.0263
3,38.409309,-122.702812
3,37.525589,-122.268402
3,41.843613,-87.631393
3,47.469688,-122.206009
3,25.921032,-80.325032
3,33.293732,-111.982277
3,38.427734,-121.841194
3,32.81839,-96.86989
3,41.214997,-73.08617
3,37.380498,-121.959034
3,32.780965,-97.212468
3,34.036787,-81.11043599999998
3,41.826809,-86.675865
3,33.200935,-111.840984
3,40.091783,-75.41596700000002
3,33.87626767142355,-118.1289803976148
3,34.314175,-117.477332
3,35.114165,-85.257885
3,38.538071,-112.609566
3,34.266953,-118.443878
3,42.657395,-86.18340500000002
3,34.035914,-118.167538
3,33.954133,-81.183409
3,40.73107123,-74.13186908
3,37.8111,-122.24948
3,43.955009,-92.154184
3,35.127975,-81.78562600000002
3,44.006992,-123.731621
3,34.068836,-117.938164
3,34.122968,-118.341319
3,37.780827,-121.977234
3,38.959225,-76.655613
3,40.797852,-73.9291
3,44.885019,-93.005372
3,35.089794,-111.686089
3,37.879204,-122.184814
3,42.353647,-83.088367
3,33.566066,-79.712486
3,36.52291,-119.279364
3,33.687443,-117.872017
3,28.343951,-81.523256
3,42.38011,-83.03352
3,40.683542,-75.25455500000002
3,40.733559,-73.866112
3,34.62933,-120.278927
3,39.218004,-121.641558
3,39.173881,-122.889136
3,28.592342,-81.451454
3,41.90815,-87.66243
3,33.974647999999995,-118.284642
3,38.874076,-76.843541
3,38.895667791181104,-76.84866785966467
3,42.80287384966467,-71.05254292454221
3,36.705607,-76.686543
3,40.71276500000001,-111.818924
3,25.77818,-80.165234
3,35.61195700000001,-119.649835
3,40.167158,-75.06450500000003
3,45.10466,-93.00014
3,40.02245,-76.1929
3,40.000775,-75.226007
3,33.847588,-117.818048
3,45.00225,-93.23516
3,36.47728,-80.75336300000002
3,35.27801156027184,-80.7135593887295
3,38.000053,-121.824263
3,34.014214,-117.449089
3,30.331181,-87.35539200000002
3,34.031356,-118.389892
3,41.073761,-73.801773
3,41.938994,-87.63695200000002
3,25.671146,-80.40820699999998
3,37.66331,-122.105602
3,34.420258000000004,-117.607132
3,33.026344,-81.002525
3,36.008988,-83.83880400000002
3,33.8764,-118.072685
3,29.87852,-95.54921
3,35.363837,-80.786066
3,34.95844,-82.058518
3,40.513654,-74.851743
3,47.191956,-122.236516
3,33.976625,-84.344755
3,25.451899,-80.48338299999998
3,39.987915,-74.210808
3,25.68481,-80.3664
3,37.72068,-121.65554
3,40.76834321002593,-73.90598416293187
3,48.010479,-122.190704
3,26.165739,-80.168089
3,34.134190000000004,-118.35157
3,34.71145,-82.878801
3,39.85522,-74.92156999999997
3,33.357528,-80.169022
3,42.948557,-85.659081
3,26.112745,-80.250463
3,25.822085,-80.282278
3,34.030655,-118.031777
3,27.633884,-82.539604
3,42.484119,-83.084846
3,39.068058728985456,-94.4881403441692
3,43.03573,-87.91265
3,34.018274545507346,-117.51893877927056
3,37.808128,-122.367218
3,34.433743,-118.385757
3,40.70934000000001,-77.318046
3,47.464489,-122.267273
3,37.32132,-121.8345
3,33.87337,-118.214939
3,25.941719,-80.182825
3,40.415701,-86.392891
3,28.364509,-81.42394
3,30.569798,-87.031425
3,34.843021,-82.28248
3,47.230656,-122.460419
3,46.661422,-92.399057
3,40.037366,-75.24713100000002
3,38.511219,-122.763649
3,34.789956,-82.606787
3,45.190561,-123.207631
3,40.77677608,-73.66711736
3,47.731049,-122.34507
3,34.090610999999996,-117.992332
3,41.456329,-88.195724
3,25.88293,-80.1862
3,34.172292,-118.517217
3,42.404877,-83.15943100000001
3,34.055847,-117.680817
3,34.421859000000005,-119.766281
3,37.445491,-119.845024
3,39.03029322605595,-76.85377478562901
3,38.686635,-121.368134
3,34.065601,-117.491241
3,38.66274476032895,-94.37267661049664
3,25.881818,-80.242974
3,38.99403,-76.88271
3,39.97087,-75.006496
3,44.874612,-93.035734
3,30.302812,-82.023354
3,29.810207,-95.374085
3,34.502298,-82.697352
3,36.080052,-86.633402
3,43.907884,-122.784341
3,36.044822,-86.779729
3,34.025481,-118.205723
3,28.200193,-82.73989399999998
3,30.251831,-81.587626
3,34.034027,-118.265892
3,34.00862,-84.55994
3,33.932606,-117.410469
3,27.069250345101025,-82.09519743880226
3,32.893159999999995,-117.115478
3,33.495175,-112.181105
3,30.166888,-95.450587
3,34.18973,-118.862383
3,33.865111999999996,-118.048409
3,34.292471,-118.469086
3,30.433883,-97.495959
3,38.14773,-121.26142
3,45.54366,-122.37179
3,48.312652,-114.164328
3,28.00324,-82.31975
3,34.689262,-118.289177
3,41.070688,-121.644387
3,33.90242,-118.262093
3,26.100522,-80.361181
3,34.074563,-117.618285
3,35.864342,-90.613592
3,37.507128,-122.341345
3,25.755838,-80.303223
3,33.587845,-80.980742
3,32.857292,-79.97244599999998
3,39.913212,-86.084586
3,33.929726,-118.280418
3,37.234378,-113.369238
3,33.463326,-112.182999
3,32.862538,-96.893745
3,37.89505,-122.308212
3,34.41172,-117.633469
3,39.423032,-76.63861800000002
3,36.427092,-86.712807
3,44.087213,-122.730271
3,40.129891,-75.167263
3,41.277857,-73.592558
3,27.388990000000003,-82.505567
3,41.757563,-72.663327
3,32.682786,-96.857103
3,26.10889077174135,-80.29107928237777
3,38.554728,-121.687321
3,34.178574,-118.112053
3,41.153368,-73.245784
3,29.594694,-95.219518
3,41.990885,-72.172274
3,39.372347,-76.65300500000002
3,33.976463,-118.126419
3,39.245651,-123.126137
3,30.923302000000003,-87.480692
3,36.9763,-121.568216
3,41.77683,-93.570963
3,33.8734,-118.26601
3,30.657354,-84.378288
3,45.675498,-92.991811
3,37.397279,-120.886583
3,37.674079,-97.382826
3,34.339139,-82.203632
3,40.575116,-77.773922
3,47.394446,-115.423428
3,34.23314,-79.79590999999998
3,33.76492381079786,-111.49403214401484
3,41.345711,-73.651733
3,39.79842,-104.77218
3,37.716312,-122.173762
3,33.462975,-112.169052
3,33.886197,-80.306174
3,40.00462,-75.194979
3,34.054359000000005,-118.004349
3,34.151,-80.903787
3,34.135411,-117.976695
3,28.5494,-81.38196500000002
3,41.932182,-87.695679
3,45.035501,-93.085194
3,47.18603253342063,-122.28284239710672
3,30.254946,-97.613197
3,38.405855,-82.36565300000002
3,34.769099,-92.411273
3,43.63789916017705,-95.44487357094076
3,45.113891,-122.8726
3,42.485042,-83.451815
3,33.719119,-84.83273100000002
3,38.710402,-121.306496
3,34.303125,-119.300268
3,40.690086,-75.249219
3,30.379129,-86.320297
3,42.230207,-75.914075
3,34.119759,-117.302704
3,39.856627,-75.710871
3,34.070923,-118.235152
3,39.931831,-86.330366
3,33.886253,-117.517715
3,33.930501,-118.211649
3,27.967967,-82.570258
3,37.708498,-122.163601
3,34.046319,-118.270729
3,40.764629,-111.973106
3,38.301005,-122.706132
3,40.259224,-74.29154
3,40.003448,-104.98027
3,38.907058,-120.838374
3,43.041125,-87.92493499999998
3,34.068436,-117.342857
3,40.8048,-74.08081
3,40.018715,-76.562477
3,46.77284359909642,-92.11397767023033
3,34.031918,-118.262413
3,41.649784,-72.90508
3,40.924347,-73.859093
3,33.887464,-118.104512
3,40.063244,-76.33913299999998
3,42.266037,-84.620377
3,34.036751,-118.317757
3,34.029404,-117.12999
3,38.913372,-120.004587
3,41.550636,-73.59164399999997
3,33.413261,-80.668185
3,38.029400110063406,-79.13369536362106
3,34.885870000000004,-82.369915
3,33.63901019,-84.37816501
3,39.63939,-75.34948399999998
3,33.458765,-111.991356
3,45.605977,-94.400306
3,44.305065,-120.749596
3,37.76857,-122.220276
3,37.398342,-122.027481
3,45.076856,-109.035209
3,34.10221695883701,-118.3170998090824
3,39.9235,-86.23444
3,41.843613,-87.631393
3,30.485037,-84.312978
3,40.74978,-111.88822
3,39.17412,-77.23754
3,33.486233,-117.078445
3,34.22657,-118.387871
3,26.199055,-80.148535
3,42.973113,-85.678223
3,32.865582,-96.776421
3,40.37439000000001,-74.14771999999998
3,43.096951,-76.160262
3,35.33998131735163,-80.84854960403037
3,41.96635,-87.75287
3,33.914207,-118.105835
3,43.333092,-121.755048
3,33.995846,-118.355118
3,38.751435,-121.478022
3,34.165215,-117.679832
3,37.825638,-122.304092
3,42.02533,-88.326523
3,32.221673,-110.913909
3,33.348808,-111.971802
3,41.429838,-74.068014
3,40.59598,-75.33773000000002
3,25.785266,-80.249923
3,37.351169,-120.623902
3,42.368423,-83.058128
3,25.92687,-80.22163
3,40.966516,-78.318754
3,37.211412,-77.372835
3,34.27227,-118.604813
3,45.778642,-108.136023
3,47.302762,-122.256256
3,34.999969,-119.41167
3,27.099945,-82.44544599999998
3,44.88297,-93.16867
3,40.116544,-75.340558
3,34.69141,-120.474037
3,39.391318,-76.435865
3,40.155842,-74.660046
3,39.688546,-84.211455
3,39.00599,-77.074668
3,37.970399,-121.14878600000002
3,25.63054,-80.49573199999998
3,40.180462,-88.345024
3,40.927986,-73.840195
3,34.521111,-117.983673
3,34.067008,-117.98493899999998
3,29.776229,-95.322858
3,41.78442,-87.631752
3,40.124851,-74.70011099999998
3,25.7337,-80.2972
3,33.486137,-112.112991
3,35.71828,-83.037154
3,37.681267,-122.114128
3,30.171819,-97.819604
3,42.46412700000001,-83.107224
3,41.833207,-87.918374
3,33.511364,-112.112457
3,41.099754,-73.951324
3,33.620835,-84.468737
3,33.733055,-117.405968
3,28.537659,-81.458054
3,35.022339,-85.278628
3,33.602561,-114.518849
3,39.365676,-106.059793
3,35.43521900000001,-80.657333
3,40.205774,-122.242812
3,34.034904,-118.367525
3,36.546797,-119.583261
3,33.98752570136076,-117.34729885999036
3,33.817513,-118.189201
3,34.886841,-120.41864
3,26.64326,-81.598232
3,43.225826,-73.29707900000002
3,38.50071,-121.40904
3,39.388523,-76.43866700000002
3,33.608256,-117.69748
3,33.928509000000005,-118.239166
3,34.365108,-118.503716
3,32.85525,-83.63616999999998
3,34.00512,-117.39476299999998
3,43.07589,-83.674217
3,28.571206,-81.239533
3,47.322651,-122.31328
3,41.97206,-88.11965
3,34.07887,-118.21998
3,34.436374,-80.05425600000002
3,34.8186,-82.290774
3,35.056718587708204,-85.1352989669555
3,47.16008400000001,-122.059135
3,42.485042,-82.917541
3,36.246391,-120.315
3,44.486232,-93.019855
3,36.82925,-119.91394
3,29.569658,-95.168884
3,45.582121,-118.610298
3,25.96926,-80.16564
3,36.239988,-119.393732
3,28.404511,-80.705761
3,42.46002316454668,-84.9212801452402
3,38.285427,-122.300499
3,38.808522,-120.90440900000002
3,30.01850300000001,-90.021649
3,41.073822,-73.919189
3,41.456188,-88.19603000000002
3,37.975978999999995,-122.316788
3,34.205359,-117.128418
3,42.379435,-120.301859
3,26.549592,-81.75966600000002
3,33.474343,-79.591104
3,42.420341,-73.548599
3,36.006263,-83.534728
3,39.98955845813757,-75.20616888964078
3,45.129239,-95.104296
3,25.930307,-80.29349599999998
3,33.429459,-111.874283
3,29.809711,-95.458244
3,39.04724,-76.62167
3,34.106606,-118.25583600000002
3,32.925618,-80.664742
3,37.255913,-121.955627
3,38.257603,-122.302567
3,33.268082,-117.436683
3,34.148556,-118.073341
3,35.77224612218965,-78.71921896896974
3,42.408943,-83.079796
3,45.482737,-123.715695
3,35.47063,-81.11893
3,42.279793,-84.306824
3,34.554394,-117.289253
3,47.57125900000001,-122.386757
3,45.325909,-93.003784
3,33.66792,-117.81774
3,41.051246,-73.532146
3,38.329514,-123.044847
3,36.952583,-120.056075
3,42.701317,-73.848732
3,30.45532,-87.26384
3,44.094805,-122.712551
3,45.811964,-108.413943
3,26.707548,-80.14126800000003
3,27.374035119879853,-80.3836691375714
3,35.85113,-86.43964100000002
3,45.71967,-120.21078500000002
3,38.015881,-121.882592
3,33.91775,-118.10413
3,35.157613,-92.744129
3,25.583662,-80.366644
3,37.453903,-121.922523
3,45.21834000000001,-93.59661
3,34.006817,-117.964445
3,36.8167,-121.636059
3,40.993595,-111.399531
3,30.365325,-91.076191
3,32.17175603,-110.98576426
3,33.953252,-118.230096
3,41.761981,-107.516666
3,33.84556,-117.87592
3,37.709053,-122.164391
3,33.461240000000004,-112.39943
3,35.180009000000005,-80.886652
3,34.049482,-118.090547
3,47.548481,-122.316002
3,36.926586,-121.800674
3,34.157647,-118.453132
3,47.708569,-122.326355
3,33.686196,-78.95745600000002
3,37.70248400000001,-121.740356
3,25.7318,-80.31827
3,45.67903876282846,-111.0121142858934
3,39.515844,-121.463976
3,34.006882,-118.172577
3,38.777504,-76.08569399999998
3,44.689053,-95.808461
3,43.479412,-83.955963
3,33.680616,-84.061943
3,34.164921,-118.382584
3,33.765972,-117.972351
3,37.243354,-93.351074
3,34.962885,-82.140883
3,37.877393,-121.34091399999998
3,48.313366,-115.850998
3,25.943633,-80.205311
3,33.98202,-118.240795
3,42.400654,-83.21820799999998
3,32.80015,-96.82141
3,33.880022,-84.27175600000002
3,47.158932,-122.402763
3,41.660339,-87.588982
3,43.043144,-83.69386300000002
3,38.889488,-76.975086
3,38.887141,-77.413537
3,41.91835800000001,-87.884201
3,44.04178,-93.24867
3,45.784708,-120.045251
3,34.020298,-118.192253
3,41.601627,-87.709
3,38.62294,-121.521309
3,36.13387,-120.15509
3,33.860909,-118.285339
3,42.17766,-75.73624000000002
3,30.24645,-97.73508
3,37.958462,-77.786573
3,40.763611,-73.953358
3,32.728317,-113.736397
3,29.612145,-82.34129200000002
3,43.49691,-123.32615
3,30.007838,-90.218844
3,42.504543,-83.114975
3,37.631274,-81.111942
3,37.701366,-121.877411
3,34.135927,-117.359364
3,33.397063,-112.585908
3,26.616817,-81.716165
3,33.88496,-117.493416
3,39.17522,-89.680725
3,42.102881669797405,-83.67963194807204
3,41.28036618213042,-87.30091452556942
3,34.509655,-80.51544
3,29.450238,-98.483759
3,32.9242,-96.75759
3,45.541037,-122.671817
3,40.424655,-80.434995
3,26.11696,-80.16858
3,26.709817,-81.72068900000002
3,28.487707,-81.609332
3,37.034402,-121.583254
3,37.756078,-121.458735
3,28.450999,-81.36020500000002
3,45.695947,-111.046103
3,42.33172774,-83.14207435
3,25.768902,-80.358005
3,38.012611,-122.00218999999998
3,35.133496,-119.469183
3,39.032391,-77.13648
3,26.079139,-80.168623
3,25.94909,-80.28790699999998
3,34.152190999999995,-118.282997
3,30.450740000000003,-91.13901
3,46.426747,-122.703848
3,34.067353999999995,-117.526529
3,33.901706,-84.44227099999998
3,33.854467,-117.796998
3,34.375713,-83.809294
3,32.722939000000004,-117.162634
3,39.171162,-123.21131499999998
3,39.918769597816855,-86.10364079434345
3,37.0138,-76.32497
3,38.017963,-121.894136
3,39.211889505199366,-76.67842268907222
3,40.484983,-122.45466
3,38.049472,-122.231885
3,33.872032,-117.665222
3,41.80872700000001,-87.631927
3,39.54394600000001,-76.666427
3,29.875452000000006,-95.401521
3,28.084540000000004,-81.621698
3,25.731815,-80.31824399999998
3,39.307655,-76.76352299999998
3,35.327016,-85.125416
3,45.992385,-112.534235
3,32.824397999999995,-96.755977
3,34.153441,-118.652101
3,29.944974,-90.089961
3,34.05550360663388,-118.19841742459202
3,38.38760300000001,-120.73703700000002
3,36.788852,-121.673942
3,40.85883,-76.766806
3,47.551239,-122.283432
3,40.000526,-104.715576
3,33.774511,-118.074947
3,28.791722,-81.302293
3,27.463652000000003,-80.416188
3,35.127528905701034,-111.18004202789696
3,29.404081,-98.550764
3,33.857887,-118.28633899999998
3,28.455540000000006,-81.470813
3,36.0644352434346,-79.46422934494274
3,33.995731,-118.145889
3,41.236434,-73.185939
3,41.845024,-87.633881
3,41.659973,-76.790345
3,37.372048,-121.918014
3,33.768228,-84.49480799999998
3,40.838338,-73.873196
3,25.741692,-80.341698
3,30.253206,-97.532389
3,25.65935,-80.32702900000002
3,34.051941633062114,-117.16100335065286
3,25.491965,-80.453714
3,45.570294,-92.992101
3,33.889414,-118.104417
3,45.280934,-121.713784
3,28.070253000000005,-82.50647
3,33.441438,-117.137764
3,33.774529,-84.390468
3,29.978727000000006,-81.457502
3,34.155726,-118.428188
3,44.88379000000001,-93.13841
3,29.729435,-95.315216
3,47.68058,-117.262436
3,34.668892,-120.42128
3,33.879101,-84.249641
3,40.731179,-122.076219
3,37.806507,-122.237831
3,29.942216,-90.1038
3,34.073669,-118.467232
3,32.546592,-96.659356
3,34.03037667258248,-117.68472075406224
3,34.069817,-118.261299
3,45.584554,-118.577265
3,45.03758300000001,-93.091868
3,38.849537,-76.860208
3,37.741343,-121.87081299999998
3,47.592579,-122.324478
3,37.892935,-121.282181
3,30.849609,-85.348912
3,33.525756597359056,-117.16493010465072
3,40.124355,-75.165828
3,35.584282,-81.342772
3,43.680791,-120.247431
3,40.36404,-78.66644000000002
3,39.97627616,-75.19589066
3,39.50715,-119.78028
3,28.472413,-81.417587
3,44.0827167,-117.01575637
3,33.998665,-118.05545
3,25.823138,-80.321463
3,32.154247,-86.111769
3,41.77227,-87.90653
3,40.111399,-122.091017
3,25.686038,-80.39844699999998
3,39.432324,-77.489672
3,38.864545,-77.333341
3,35.779659,-119.253367
3,33.992005,-117.358121
3,39.844726,-75.393771
3,28.49831,-81.42926
3,27.447643,-82.542486
3,29.93869,-90.06241999999997
3,28.56232,-81.37853
3,40.591868,-76.027443
3,39.41213250141424,-76.66391730271977
3,40.67811500000001,-77.151021
3,33.992619,-117.355576
3,25.898818,-80.199095
3,36.22041,-86.77396999999998
3,35.190937,-113.434219
3,34.910205,-82.113436
3,39.192054,-76.711629
3,34.054642,-118.202827
3,26.591666,-80.069271
3,38.61725,-121.420069
3,37.710335,-122.123734
3,28.479516,-81.44221800000003
3,42.246283,-113.094731
3,38.865863,-77.06687
3,34.030393,-117.619599
3,33.645601,-117.418643
3,39.533949,-106.141815
3,28.543749,-81.194676
3,38.006717,-121.335579
3,38.07357800000001,-122.229866
3,33.874744176703096,-81.38188004454909
3,30.428490000000004,-86.638397
3,34.919442,-82.30371600000002
3,41.301115,-74.133971
3,34.002117,-117.35138700000002
3,34.986838,-85.20186600000002
3,29.681389000000006,-95.569982
3,39.020348,-76.976783
3,36.765453,-78.515843
3,35.0523197649238,-89.81313586192219
3,37.834651,-120.998264
3,37.718784,-121.663361
3,37.852579,-122.299657
3,41.85757,-87.64439
3,38.870974,-77.045102
3,37.558474,-77.451612
3,40.449419,-77.834819
3,27.447554,-82.575405
3,34.154522,-118.396576
3,34.025292,-118.27561
3,39.746434,-84.292212
3,34.072975,-117.475594
3,40.677158,-74.002324
3,34.922388,-117.263307
3,34.075223,-118.274212
3,43.162579,-83.81395699999999
3,40.78435,-73.94199
3,25.807355,-80.30448
3,32.817176,-96.871165
3,32.890726,-117.206051
3,36.077374,-86.766318
3,33.914687,-118.257422
3,34.161484,-118.470133
3,32.091264,-82.863884
3,34.157112,-118.448685
3,41.02505900000001,-96.258454
3,28.304687,-81.224998
3,34.239063,-79.289014
3,34.068439,-117.342857
3,30.2447,-82.564479
3,34.121471,-117.998062
3,37.850515,-77.40817
3,33.893551,-118.365166
3,34.152,-118.132477
3,34.023139,-117.811667
3,36.6978,-121.66438
3,33.725581,-117.804117
3,42.267105,-83.225868
3,40.825209,-77.857598
3,39.053099,-94.497326
3,38.639608,-76.897304
3,34.495533,-118.623108
3,34.222214,-119.136123
3,33.02571,-116.8622
3,41.468888,-73.472912
3,25.782269,-80.225957
3,36.845805,-76.156521
3,37.965122,-122.31333899999998
3,40.845072,-76.057416
3,33.71602,-84.252365
3,39.15655016880437,-80.35684704742259
3,33.391237,-117.214536
3,45.609929,-92.993125
3,34.185613000000004,-118.765666
3,33.864437,-118.326408
3,34.393175,-118.570043
3,33.983184,-80.891275
3,33.901124,-117.28525
3,34.269183,-117.449744
3,34.054506,-118.202994
3,36.883609,-76.18320600000001
3,26.188235,-80.151843
3,34.149899,-82.218154
3,26.05793,-80.16251
3,44.961724,-92.7735
3,39.594908,-104.834641
3,45.745718,-123.196011
3,30.403622,-81.564785
3,41.103025,-73.431958
3,43.217075,-75.45190699999998
3,39.26691,-76.614028
3,35.91416716558497,-78.16764950714985
3,37.812978,-122.361849
3,40.715986,-73.975785
3,29.66346,-95.38519
3,26.00978,-80.218612
3,43.053837,-83.73273499999998
3,39.3481,-76.74249
3,42.31437,-71.36058
3,38.76424,-90.14695
3,29.954663,-82.712985
3,33.997931,-117.860618
3,26.023924,-80.167024
3,32.71369,-117.147578
3,42.657395,-86.18340500000002
3,41.553074,-87.852425
3,39.989569,-75.206177
3,39.337557,-76.48127099999998
3,25.954919,-80.257145
3,34.764127,-118.184451
3,34.497448,-118.220078
3,47.053887,-94.54202
3,33.917046,-118.080154
3,42.43493,-87.9547
3,47.420006,-122.287292
3,30.327683,-82.95873900000002
3,40.346817,-74.475309
3,33.700919,-84.111328
3,27.902009000000003,-82.637406
3,34.986584,-80.973849
3,34.03571963294012,-118.03143382016168
3,30.318542,-97.7396
3,27.649992,-82.675072
3,33.883949,-117.641396
3,33.97778391821872,-87.75101065593837
3,25.937866,-80.342049
3,38.374031,-85.756734
3,27.47942,-82.562988
3,47.51048,-121.870641
3,33.854299,-117.88788
3,33.921203999999996,-116.806496
3,34.030748,-118.00832
3,34.072063,-118.073326
3,33.688278000000004,-117.868629
3,28.743785,-81.36790400000002
3,41.2802,-72.95903
3,36.042033,-79.77774699999998
3,43.65982800000001,-93.132594
3,34.035315999999995,-118.149963
3,25.803159,-80.205855
3,28.421055,-81.429019
3,32.038943,-103.152444
3,45.696329,-118.945037
3,35.086706,-85.069408
3,32.79503,-96.71833
3,46.847344,-96.848055
3,34.156661,-118.413771
3,27.236087,-81.062401
3,37.825468,-122.303498
3,45.544673,-122.400524
3,39.205282,-76.54838000000002
3,42.27234,-85.43435
3,29.445578,-98.481865
3,34.26424,-118.441689
3,45.644272,-120.986594
3,33.55995,-80.715203
3,37.62585,-77.55771999999997
3,41.639941,-75.866501
3,36.93016,-121.80695
3,40.044511,-120.11963
3,33.021343,-96.985122
3,40.927451,-75.084546
3,35.110847,-80.687691
3,39.69853300000001,-86.17615699999998
3,40.86170554,-73.97458434
3,28.251098,-81.4873
3,25.544686,-80.37207
3,48.066704,-114.093109
3,41.09477878,-73.934201
3,42.928406,-74.221409
3,35.296105,-118.91433
3,36.08814597112613,-86.70151591259622
3,37.825119,-122.26796000000002
3,35.837069,-78.889914
3,34.447738,-118.65567
3,34.616478,-117.85353899999998
3,32.465882,-85.714321
3,33.49496,-112.15171
3,33.917049,-118.080147
3,29.560531,-98.341895
3,40.141331,-74.71727800000002
3,30.179346,-81.624287
3,38.917421,-80.56674699999998
3,42.065940999999995,-88.259056
3,36.447689,-119.108762
3,25.742791,-80.229831
3,34.72311,-82.523521
3,36.15339,-86.6914
3,26.107032,-80.1688
3,35.19956,-120.698252
3,36.747388,-78.84084200000002
3,41.873707,-87.72686
3,34.36237,-118.55526
3,46.73461500000001,-92.097725
3,36.721077,-121.660202
3,32.577199,-80.933065
3,34.146753000000004,-117.26075
3,34.540033,-82.578793
3,47.62695,-122.32838
3,34.0488,-117.80155
3,42.04812,-71.23964699999998
3,33.947289000000005,-118.282661
3,40.201673,-77.158045
3,39.34512,-76.509486
3,34.004471,-118.063873
3,26.045612096662307,-80.16282677612226
3,40.86170554,-73.97458434
3,28.591609,-81.41811700000002
3,29.947217,-90.081936
3,45.13111710526882,-121.60216212214658
3,39.332288,-76.487706
3,26.60297000000001,-80.06883
3,33.37846,-111.89723
3,33.85285,-118.27965
3,34.035198,-118.026421
3,30.218562,-97.683152
3,29.763484,-95.37627
3,44.863823,-94.333412
3,44.86,-93.24729
3,25.732228,-80.36914399999998
3,33.83526206,-84.42803264
3,44.696449,-117.693732
3,40.11210300000001,-83.036789
3,30.63698,-88.09525
3,33.53864,-112.09951
3,40.253379,-76.867438
3,33.9346,-116.99299
3,37.792968,-122.383384
3,33.827335,-117.525757
3,35.940487,-84.00541700000002
3,42.909389,-83.588562
3,41.004654,-93.293951
3,33.995587,-118.145138
3,36.067568,-80.333479
3,47.501233,-122.645556
3,42.128682,-86.376672
3,39.591062,-83.661774
3,34.023899,-118.242355
3,42.33746,-83.124951
3,42.396065,-82.988129
3,40.739811,-73.818146
3,32.727482,-117.112724
3,33.01225,-117.080206
3,34.36237,-118.55526
3,40.85421681,-73.96600127
3,32.923147,-96.819479
3,34.072311,-118.081787
3,28.552699,-81.414627
3,37.338482,-121.938217
3,33.04588,-111.78679
3,38.780366,-77.179781
3,48.579052,-115.981872
3,36.874109,-76.433328
3,33.908003,-84.23163000000002
3,32.980151,-80.21646899999998
3,36.724675,-77.924674
3,30.995315,-85.407896
3,35.119395000000004,-83.109756
3,37.373634,-121.927773
3,41.191831,-103.886997
3,33.956447,-118.369287
3,34.999990999999994,-85.31358399999998
3,33.92889,-118.289368
3,39.968352,-75.129456
3,30.239621000000003,-95.458306
3,32.761972,-96.960129
3,30.569798,-87.031425
3,38.634227,-77.32022099999998
3,40.719598,-111.862482
3,28.491466,-81.396739
3,33.79098,-118.28942
3,41.833645,-88.010796
3,33.912987,-118.180145
3,47.84007,-93.66019
3,34.02008,-118.183016
3,34.06147,-117.789177
3,35.899811982937344,-77.92893290482554
3,33.430118,-117.089018
3,39.015229,-77.00284599999998
3,35.154990999999995,-80.731406
3,32.501789,-93.734665
3,34.155739000000004,-118.431219
3,24.590809,-81.670433
3,28.551926,-81.487297
3,29.51456665978663,-81.19837403258705
3,34.087198,-118.234118
3,45.658458,-118.728839
3,30.015624,-90.06078199999997
3,37.785709,-122.244514
3,34.066479,-117.990891
3,37.648775,-121.019902
3,34.034172,-118.26622
3,39.704461,-105.081595
3,41.793674,-87.821007
3,34.066761,-118.000526
3,41.912643,-88.324341
3,38.60744,-121.382898
3,34.234181,-118.473182
3,45.647114,-122.628578
3,32.807026,-96.695222
3,33.96889,-117.32805
3,33.95624,-118.280557
3,40.794253999999995,-73.931412
3,33.436932,-117.618973
3,34.119789000000004,-117.761612
3,41.84874600000001,-72.664506
3,34.149448,-117.256798
3,44.79964,-117.81251
3,41.58157,-73.052207
3,39.175623,-76.794097
3,41.539825,-72.828215
3,42.35878,-83.07650799999998
3,40.66764000000001,-73.99632
3,30.473440000000004,-87.225288
3,46.065056,-122.89685
3,38.656253,-78.356606
3,30.415767,-97.695912
3,33.633672999999995,-112.13162
3,40.603525,-74.018596
3,37.595949,-77.53075600000003
3,37.609428,-120.993582
3,45.345449,-118.123407
3,38.411827,-122.716133
3,47.89475,-124.37579
3,46.045964956064005,-122.86041855753489
3,45.40619,-122.74398
3,34.030239,-118.037224
3,34.018963,-118.178658
3,30.763029,-85.377289
3,33.582091,-84.366675
3,39.262323,-76.70638100000002
3,40.017868,-75.048485
3,42.1882,-83.38826999999998
3,30.618005,-84.82763800000002
3,29.715396,-95.322753
3,29.934875,-90.069684
3,29.633947,-95.463663
3,34.798814,-120.34092
3,39.026315,-94.554245
3,43.704469,-123.206074
3,34.067329,-117.981483
3,34.130697,-117.945732
3,37.129493,-84.62133
3,42.95391,-71.47412
3,37.798325,-122.274666
3,33.826569,-118.207581
3,27.48427,-82.413663
3,28.570209,-81.40436899999997
3,30.003405,-90.205207
3,33.925986,-81.289906
3,41.68486,-87.65837900000002
3,36.07711672765695,-80.38869023284727
3,38.6451,-121.38755
3,44.809166,-93.291167
3,33.545184000000006,-117.138775
3,37.814647,-79.440216
3,47.289536,-122.306915
3,41.237634,-73.676754
3,27.735187,-82.430883
3,42.433029,-83.094749
3,42.861002683435146,-83.73994946439866
3,29.478958,-82.602262
3,38.675994,-122.591979
3,33.94370913489369,-84.24029946287041
3,35.2278,-78.353151
3,38.025451,-122.259582
3,38.673923,-121.729029
3,43.011508,-73.80066
3,39.698031,-105.226532
3,41.959415,-87.740349
3,39.302931,-77.630741
3,33.018814,-117.206783
3,37.976484,-122.318261
3,35.198892,-80.867738
3,25.4919,-80.47758
3,33.997566,-118.176826
3,34.801350831819526,-91.99924349740982
3,41.16505265216272,-112.02191233581532
3,35.196386,-80.968519
3,47.625405,-122.34408
3,38.864545,-77.333341
3,40.732136,-73.91936700000002
3,37.544265,-77.42819899999998
3,34.029061,-118.213322
3,40.390797,-75.468395
3,34.010785,-118.15872
3,34.135741,-80.880162
3,44.8621,-93.23767
3,40.563373,-75.981104
3,37.468987,-122.217865
3,30.575303,-91.17057
3,34.485187,-117.274457
3,37.521704,-120.792165
3,26.61374600000001,-80.06851999999998
3,41.542767,-72.98033199999998
3,38.085247,-122.206402
3,38.678669,-121.244697
3,45.36459,-122.75952
3,29.727096000000003,-95.412796
3,34.14659142477919,-80.74469447097421
3,41.982208,-87.80690799999998
3,33.773638,-118.007314
3,34.348319000000004,-82.264696
3,39.31047,-76.63404
3,36.191382,-86.75316
3,39.95802,-75.16329
3,28.57991,-81.37501
3,43.08987,-122.286533
3,34.53172,-82.70318
3,41.57397151,-87.5055778
3,41.048451,-77.318998
3,34.053501000000004,-118.231377
3,34.579977,-117.880653
3,33.099763,-96.798602
3,34.028851,-118.225883
3,32.28648,-110.978203
3,38.54362,-76.98456999999998
3,37.442984,-77.488938
3,29.697432,-95.423674
3,36.83446,-76.14409
3,33.942294,-118.300277
3,34.240232705906685,-117.4295675748948
3,30.42384,-87.26814300000002
3,47.397755,-92.51721
3,37.56864,-122.31147
3,34.046551,-117.773781
3,44.12347000000001,-122.63238
3,37.887026,-112.435665
3,35.140007000000004,-118.462113
3,39.966346,-111.784246
3,34.231464,-118.402603
3,38.01856,-121.25808
3,43.80162119844531,-117.92953133526836
3,33.766966,-118.214641
3,40.725555,-74.227775
3,25.882156,-80.213691
3,34.25812840445396,-118.19298863354592
3,28.022556,-82.04003399999998
3,34.029843,-117.628788
3,34.141076,-118.179502
3,40.151714,-75.134371
3,29.72903609261641,-95.437706708453
3,33.778994,-118.280332
3,45.760353,-118.56288700000002
3,45.029536,-92.96207
3,26.271368,-80.168899
3,42.740861177240646,-73.69125723803667
3,32.760143,-97.158294
3,39.778251,-86.140889
3,28.6651,-80.956352
3,33.89905571921397,-118.18695902768046
3,37.772788,-121.973169
3,34.907215,-110.212471
3,36.15313,-86.76451999999998
3,34.03614,-118.373268
3,34.06749,-117.451424
3,30.458794,-87.23934399999997
3,33.896389,-117.331284
3,43.601315,-73.72956500000002
3,34.042952,-118.272653
3,35.034686,-81.842538
3,29.666226,-95.346077
3,38.821595907026186,-91.14213824228696
3,34.391839000000004,-82.80846
3,39.132874,-120.960327
3,35.346699,-120.629356
3,40.674381,-73.801598
3,30.24059500000001,-97.726818
3,41.880429982939326,-74.05811905825587
3,38.205994,-86.865883
3,33.971817,-117.846436
3,38.60744,-121.382898
3,33.948277000000004,-98.524823
3,34.080478,-117.628565
3,30.72568,-86.57474300000001
3,41.380914,-76.85271999999998
3,34.151932,-118.225365
3,38.414547,-122.71611
3,43.902289,-123.014354
3,33.698935,-81.148768
3,33.925069,-118.20989
3,39.835863,-86.345502
3,33.928624,-118.102866
3,34.276859,-118.452881
3,40.625404,-74.440515
3,35.187969,-80.88729599999998
3,36.500706,-80.742416
3,34.329815,-118.505791
3,44.415525,-117.307924
3,42.364254,-123.536858
3,33.747715,-116.936928
3,29.967282,-90.018829
3,34.03635,-118.17865
3,45.43128848054203,-118.36074471417255
3,37.31541,-121.828403
3,40.29875,-83.03265999999998
3,34.44457411749627,-79.36874270401302
3,45.0428,-122.97616
3,33.35584,-86.849412
3,36.964015,-120.019569
3,44.06683,-122.80821
3,34.847925,-81.880494
3,37.764329,-122.217107
3,37.646767,-122.450378
3,37.69053,-122.07805
3,42.871817350183136,-117.95360684338593
3,29.843457,-95.394306
3,34.015705,-117.717038
3,33.628715,-80.24308
3,29.711024,-95.643847
3,38.96933,-104.805092
3,39.420694,-76.644841
3,35.031236,-85.125711
3,34.03326,-118.130035
3,34.13537,-79.745947
3,39.949604272651904,-75.19973158800506
3,25.810399,-80.15480500000002
3,33.189139000000004,-117.361491
3,35.03067,-81.859319
3,48.195688,-114.377275
3,36.865171,-76.195324
3,33.424981,-111.933784
3,42.404877,-83.15943100000001
3,40.72507,-111.54466
3,25.784343,-80.292688
3,28.425356,-81.21003499999998
3,41.074662,-102.462193
3,39.37207100000001,-85.942429
3,34.027423999999996,-118.037575
3,33.188705,-87.327893
3,32.964217,-96.724003
3,34.266998,-118.443596
3,38.141490999999995,-122.236702
3,42.40818400000001,-83.080627
3,38.510665,-78.869753
3,39.778732,-84.19580500000002
3,37.46263,-121.9024
3,36.501215,-119.28643999999998
3,43.256298,-122.21206
3,30.31999,-97.706652
3,42.438951,-83.094888
3,26.433631,-80.08944100000002
3,27.07186,-82.423283
3,41.875404,-87.664192
3,42.76207,-74.114388
3,33.879425,-117.656616
3,34.705972,-92.288382
3,33.942281,-118.171211
3,39.747322,-84.214979
3,39.672392,-77.568465
3,32.727253999999995,-117.167888
3,34.207752,-118.217705
3,33.782623,-118.20752
3,25.985588,-80.165863
3,25.713927,-80.415171
3,27.893614000000003,-82.645264
3,42.893986,-85.640302
3,37.294281,-121.938446
3,41.27199,-72.97119
3,42.681231,-85.45679
3,46.948811,-122.93858600000002
3,40.690189,-73.99960300000002
3,44.646895,-123.062185
3,30.629043,-81.613698
3,41.246782,-87.295358
3,32.803263,-96.833267
3,25.89866,-80.382801
3,33.72567,-117.836151
3,37.443807,-77.671475
3,34.227717999999996,-118.185905
3,42.704018,-82.778152
3,45.0717,-123.209534
3,32.310468,-86.364999
3,38.503684,-121.409325
3,39.878278,-83.01326800000002
3,32.747370000000004,-97.31023
3,34.017507,-118.176029
3,41.574718,-87.51706
3,47.618721,-122.330406
3,32.83556,-113.35733
3,34.136024,-117.375336
3,40.730694,-73.875334
3,42.848419,-85.763039
3,37.854485,-122.219765
3,39.004328,-122.875506
3,38.865599,-77.054386
3,27.93776,-82.120593
3,28.740606,-82.109299
3,40.880845,-111.896814
3,42.473112,-73.806034
3,41.52290225009192,-90.51216244654414
3,40.08513092975576,-76.76693558656326
3,25.829248,-80.382351
3,40.644789,-73.78811400000002
3,34.081632,-117.702817
3,38.644182,-121.385973
3,45.522869,-92.991467
3,38.23947,-122.096503
3,35.135575,-89.868003
3,36.918765,-121.370916
3,35.166222,-90.179162
3,28.529707,-81.451995
3,40.891768,-73.799986
3,37.082108259024224,-81.12651228866041
3,42.64806,-122.807213
3,47.614071,-122.320808
3,35.510815,-120.697571
3,34.173992,-118.159584
3,37.444562,-77.578532
3,33.649568,-84.444249
3,33.584464000000004,-117.671524
3,33.743164,-117.136496
3,33.709547,-84.246185
3,35.72156,-81.21092
3,30.28479,-97.752838
3,41.25298400000001,-121.82466200000002
3,33.32641482337319,-111.89353108352712
3,34.611588,-118.270973
3,36.662872,-86.558391
3,34.03471,-118.36733999999998
3,38.480265,-122.99702
3,33.982517,-118.394859
3,36.232288,-86.62471
3,39.906769,-122.121496
3,46.725378000000006,-113.603433
3,45.21828,-93.02786
3,41.89097,-87.66771
3,35.744606,-78.632499
3,39.435841,-77.410287
3,33.039845,-117.283722
3,41.740356,-87.625099
3,34.022568,-118.144882
3,41.463414,-72.776798
3,40.499182,-76.18804899999998
3,38.896139,-76.836115
3,28.378931,-80.75505
3,40.599064,-111.432634
3,34.08168197,-117.73145556
3,37.78774600000001,-122.39502
3,38.847623,-77.776012
3,32.803908,-96.811146
3,29.84558,-95.500308
3,28.63582,-81.44838
3,44.439203000000006,-117.324242
3,39.986107,-111.364358
3,38.314331,-122.694382
3,25.738549,-80.335812
3,41.90345406512305,-123.76870036066164
3,28.291114,-81.416184
3,34.148659,-118.050179
3,36.135993,-86.69878800000002
3,38.054909,-122.693471
3,29.716919,-95.499166
3,37.223796,-76.787639
3,39.140715,-77.21239399999997
3,33.93851,-81.233712
3,30.365835,-97.765839
3,33.715892,-84.251326
3,35.92030399999999,-78.861161
3,30.436702,-85.184923
3,33.88201,-84.47202
3,30.551715,-91.198347
3,36.210755,-83.077529
3,41.591942,-87.721626
3,28.242833,-81.327101
3,30.664226,-87.960029
3,39.907842,-74.980871
3,30.29868,-81.87831
3,47.600892,-122.331598
3,36.00755,-119.301749
3,37.981563,-122.041692
3,42.995864152703305,-82.98521876295574
3,34.616491,-117.831323
3,45.531581,-122.596768
3,38.957349,-121.101499
3,45.378629,-118.305909
3,33.87605,-84.27490999999998
3,34.067679999999996,-117.584373
3,41.91813300000001,-87.670975
3,42.253192,-121.796675
3,30.346473,-91.148402
3,37.40443,-121.909775
3,32.42436,-110.961254
3,34.039375,-118.271927
3,27.462182,-82.546645
3,33.848869,-117.872421
3,36.00364565832136,-83.77039790113558
3,41.05418086032365,-74.18748736346154
3,40.97789883594047,-87.25209832149862
3,40.78817,-73.37272
3,33.884655,-118.352386
3,34.018902000000004,-118.173264
3,33.892422,-118.293898
3,34.0522,-118.259827
3,39.63482022266562,-107.0990288252492
3,38.643248,-76.893109
3,38.344982,-122.713112
3,39.566212,-105.092583
3,38.590756,-121.392246
3,44.386814,-124.088566
3,34.092171,-117.488846
3,39.330879,-120.363483
3,38.30406,-85.88626
3,47.315151,-122.297768
3,37.259577,-121.819395
3,47.018881,-114.372302
3,33.74044,-84.23061
3,34.136585,-117.458504
3,34.081909,-117.715675
3,35.270437,-81.152604
3,34.136364,-117.488426
3,34.13719296439105,-118.36231112423724
3,34.138089,-79.725474
3,30.422548,-91.136194
3,27.450958,-82.52849300000003
3,40.06986,-75.150672
3,37.400574,-122.03569
3,33.87618184,-118.13054681
3,41.7404,-87.6251
3,45.07071,-93.30581
3,30.133575,-85.562393
3,37.65329000000001,-112.986563
3,26.463534000000006,-81.830685
3,41.139324,-74.169876
3,38.576124,-121.375472
3,43.176893,-77.61339100000002
3,42.335005,-83.215889
3,33.148396000000005,-81.266159
3,36.854356,-119.949363
3,40.25782,-74.291139
3,42.367279,-83.138763
3,38.630015,-121.401516
3,37.43008,-120.77613
3,40.823056,-73.934507
3,41.19742700000001,-111.979418
3,41.778209999999994,-87.63101999999998
3,36.929155,-121.547559
3,32.740208,-96.837642
3,32.945045,-97.124853
3,25.687872,-80.34056700000002
3,27.352383000000003,-82.497906
3,25.733338,-80.302883
3,38.012314,-122.513824
3,39.2332828,-76.66638494
3,37.496803,-122.231834
3,40.81384,-111.9228
3,34.569595,-118.687988
3,36.009968,-79.853222
3,44.918785,-93.275063
3,43.862582,-94.168463
3,38.62713,-121.092257
3,25.795091,-80.239915
3,41.95265,-88.03765
3,40.059745,-75.47931700000002
3,34.015831,-118.143997
3,32.118904,-111.071793
3,34.255901,-119.108948
3,32.9258,-96.811383
3,32.702075,-97.472611
3,32.784427,-96.768825
3,30.384678000000005,-91.007404
3,33.780702000000005,-118.350943
3,39.997711,-83.1185
3,39.121101,-121.548872
3,39.23818,-76.7063
3,46.892056,-114.165958
3,35.84715100000001,-78.53535
3,25.924676,-80.211986
3,40.763165,-74.00960500000002
3,29.96837,-95.4199
3,29.803926,-95.318862
3,38.0186,-122.540244
3,34.999643,-120.436145
3,40.7497,-111.90969
3,43.06041,-76.56788
3,33.876718,-118.186422
3,34.228517,-117.275671
3,29.730564,-95.426595
3,40.75004000000001,-74.16991
3,34.39721,-118.572166
3,33.996821999999995,-117.930939
3,34.052753,-118.227203
3,42.953111,-73.86564200000002
3,27.802707,-82.743477
3,38.724752,-77.203997
3,34.732852,-111.9781
3,37.193065,-80.27359100000002
3,33.80835413916679,-81.00553393325328
3,33.439606,-112.037292
3,32.824452,-96.829602
3,29.79169000000001,-95.05954
3,33.926993608312955,-118.21433901730435
3,28.566815,-82.55918100000002
3,33.462371999999995,-84.210358
3,34.798198,-82.346459
3,34.063839,-117.811958
3,34.79456,-118.847656
3,35.855785,-78.581272
3,32.95635,-117.14938
3,41.256483,-72.995384
3,36.355667,-119.367847
3,42.983288,-87.916023
3,34.087418,-117.670006
3,33.943012,-117.280792
3,38.416711,-82.265378
3,42.461308,-83.106026
3,29.582244,-98.640586
3,42.13998198489122,-86.36059641796894
3,42.385628,-83.260109
3,39.013671,-77.048913
3,33.912956,-118.179886
3,37.69631266575958,-121.0865342611261
3,40.950874,-104.795581
3,34.037028,-118.309224
3,29.470771000000006,-98.476425
3,32.82877,-96.87337
3,38.56215,-121.51444
3,39.242919,-121.599769
3,37.119865,-121.975967
3,34.014215,-117.081745
3,40.174016,-74.635544
3,32.894496999999994,-96.711806
3,34.187019,-117.355408
3,33.922282,-118.104319
3,41.87521,-87.91431
3,33.97802,-118.243114
3,37.636398,-122.10128799999998
3,29.612076,-95.388522
3,40.11946,-77.948482
3,30.203378000000004,-97.844992
3,33.883342999999996,-118.027901
3,37.024067,-121.996566
3,45.13910900000001,-94.742376
3,36.249887,-86.64438100000002
3,47.003236,-94.531246
3,43.151706,-77.63616800000001
3,34.001514,-117.063583
3,34.425117,-118.423637
3,40.41246,-79.630726
3,43.665821,-93.572556
3,47.467235,-122.228726
3,33.96722800000001,-118.083473
3,33.859938,-117.98678
3,37.162789,-93.403154
3,34.119415000000004,-118.250366
3,34.228190999999995,-117.282013
3,38.11591,-121.4044
3,40.753322,-74.211026
3,38.023647,-121.970825
3,33.516847,-112.09646399999998
3,44.40386,-94.10262
3,34.083447,-118.344728
3,34.713288,-92.27021
3,42.73491,-73.98538
3,38.219257,-121.17127
3,30.187451,-97.780712
3,28.571231,-81.37612800000002
3,25.771902,-80.14885100000002
3,29.695658,-95.287658
3,34.085339000000005,-118.23153700000002
3,38.363667,-122.712776
3,33.910921,-118.171015
3,41.08785,-73.45718000000002
3,33.924285999999995,-118.104156
3,35.348261,-119.039634
3,32.20695300000001,-110.922333
3,36.75442814809439,-119.76650118770712
3,34.728802,-114.347966
3,40.865836,-74.43435500000002
3,25.866589,-80.245613
3,43.036149,-83.70444
3,25.94746,-80.15111999999998
3,33.876956,-118.181737
3,25.762089000000003,-80.30386700000003
3,42.00539000000001,-88.14473000000002
3,28.5310328,-81.40423894
3,38.694425,-121.357296
3,29.612162,-95.388523
3,39.663517,-105.03876499999998
3,30.44714,-87.229065
3,33.882061,-117.51387
3,44.062434,-123.079363
3,34.018009,-118.052849
3,42.119892,-75.96880300000002
3,33.941196000000005,-118.096732
3,45.678318,-122.664536
3,32.396001,-80.515313
3,30.388233000000003,-97.650914
3,33.296607,-117.46173600000002
3,37.834919,-122.483894
3,33.71428370459693,-84.23841118772394
3,32.79753,-96.68517
3,32.91110157950921,-117.22799420300852
3,38.90416502934025,-77.01990008317459
3,34.372489,-119.306372
3,33.870428000000004,-118.005946
3,38.083741,-122.225818
3,37.395771,-122.012772
3,37.847462,-122.227699
3,34.47044,-117.345985
3,29.101656,-81.295276
3,35.21996,-112.2768
3,35.68257,-97.04209
3,39.974614,-75.451105
3,26.272514,-81.778545
3,34.067622,-117.409471
3,39.072824,-76.90480699999998
3,33.876301,-118.102379
3,30.167008638238112,-81.56272530516831
3,35.890113115139535,-112.13083147949156
3,41.461979,-88.271576
3,36.830953,-121.77431599999998
3,43.0286514757012,-77.95802950821894
3,32.091912,-110.784123
3,37.870255,-122.304672
3,37.824356,-122.310646
3,40.428795,-80.13175
3,34.344173,-117.461646
3,25.810476,-80.162521
3,42.816619,-83.569663
3,34.17054,-118.501102
3,35.056940000000004,-109.78689
3,40.75390219668983,-112.73089528030044
3,47.611591,-122.28933
3,37.976868,-122.52071399999998
3,33.749626,-118.272179
3,33.759984,-81.365998
3,47.073761,-122.421806
3,28.281337,-81.347206
3,35.144231,-81.65651899999997
3,39.05151486378168,-104.84820485065056
3,35.061438,-80.98954300000003
3,35.791244,-78.646822
3,25.865389108534497,-80.20853161773582
3,34.869586,-82.230745
3,30.53873,-97.692168
3,41.688662,-93.175274
3,45.293235,-93.553988
3,47.592419,-122.325974
3,34.171248999999996,-118.518524
3,33.92852,-118.239164
3,42.295075,-121.8171
3,30.149318,-97.671795
3,39.072824,-76.90480699999998
3,34.0285,-118.229637
3,33.6491,-84.36928
3,37.413054,-122.081111
3,28.031058,-82.454836
3,34.489689,-118.163757
3,39.829097,-105.000275
3,30.38096,-87.082031
3,39.02811,-77.00922299999998
3,34.063805,-117.286659
3,45.070928,-93.307968
3,30.431106,-91.177262
3,27.905896,-82.633098
3,39.011603593640274,-94.07162547066656
3,38.436363,-122.868492
3,34.447738,-118.65567
3,45.254213,-93.0225
3,40.11692,-77.696771
3,26.435382,-81.77189200000002
3,42.374338,-83.04638800000002
3,27.954443,-82.50639
3,33.82516,-118.21831
3,36.135927,-86.701599
3,43.03362,-87.92338000000002
3,34.311797999999996,-117.47506
3,34.334705,-119.086082
3,34.068626,-117.376457
3,36.032551,-118.777277
3,32.850809000000005,-96.641826
3,34.020241,-118.18795
3,29.034944,-82.018035
3,34.018871000000004,-118.190262
3,32.720409000000004,-96.830212
3,33.690326,-84.300042
3,32.848051,-96.575455
3,37.051687,-122.07326100000002
3,44.35228,-93.25684
3,33.989151,-118.2866
3,29.812865,-95.400667
3,38.401827,-82.372372
3,38.935109,-121.0933
3,34.081994,-117.710671
3,33.943523,-118.368507
3,34.766052,-118.799682
3,46.373258,-96.176816
3,37.892895,-122.125008
3,38.53848,-121.512879
3,34.139763,-118.361664
3,41.233292,-73.033287
3,47.66853,-122.30061299999998
3,40.33358,-74.09846999999998
3,33.43334,-111.8857
3,33.543655,-117.063782
3,25.499608,-80.422626
3,34.159428000000005,-117.337364
3,30.093488,-97.693852
3,40.69935,-111.913593
3,34.419881,-117.606347
3,36.676228,-121.701744
3,38.411557,-122.85978
3,34.222103000000004,-119.113808
3,26.005913,-80.16712
3,38.432523,-82.186931
3,42.29728,-85.00601999999998
3,33.832079,-117.984724
3,34.195347,-117.36703500000002
3,45.23804000000001,-122.80403
3,40.856054,-73.87244799999998
3,39.02301,-104.83326
3,39.69957947712088,-86.1499893661206
3,29.788792,-95.6846
3,34.0331017969416,-118.14309954586912
3,33.97543,-117.37229
3,29.74674000000001,-95.360803
3,34.121936,-117.9117
3,30.359655,-81.55390600000001
3,37.337046,-120.585368
3,31.087821,-104.041002
3,33.940408000000005,-118.095979
3,36.098252,-119.040011
3,36.16974,-86.60461
3,36.821118,-121.630421
3,32.77779,-96.78403
3,40.674381,-73.801598
3,39.986168,-74.21181999999997
3,36.153024,-77.784231
3,44.43241238572868,-93.006380795989
3,39.6604,-104.998497
3,33.783386,-117.491135
3,39.78251337986096,-86.16721987683216
3,43.935271,-121.351847
3,34.172167,-118.383402
3,40.195453,-78.493441
3,33.911627,-84.37390699999997
3,33.876142,-118.168574
3,25.92359,-80.323086
3,41.71448,-87.6468
3,47.72316,-122.324455
3,33.88686,-117.269501
3,45.699818,-110.32366299999998
3,34.15705,-119.076674
3,42.669537,-73.74924
3,26.61374600000001,-80.06851999999998
3,41.660538,-87.588875
3,42.766466,-123.332511
3,40.66909,-73.801292
3,37.03174,-122.06514
3,35.470688,-120.655159
3,30.436012,-97.682871
3,44.90741,-95.4633
3,42.36147,-83.07294
3,33.41875,-82.079
3,44.93134000000001,-93.1448
3,37.620399,-122.426003
3,38.122692,-120.877469
3,33.989218,-117.911693
3,34.0618,-118.25021
3,36.113258,-95.896
3,26.603465000000003,-81.75049200000002
3,41.866871,-87.644699
3,38.592773,-89.945068
3,38.8938,-75.815652
3,38.6713707445208,-121.59465193690492
3,45.705318,-118.679015
3,40.069123,-76.329048
3,47.558729,-111.542209
3,43.125995,-123.36411
3,33.961059999999996,-118.254028
3,32.286396,-110.978274
3,38.761349,-90.160782
3,34.505878,-118.114594
3,40.362155,-79.932195
3,40.740104,-73.789726
3,43.051289,-76.14886800000002
3,37.79842,-122.274864
3,33.966949,-118.082176
3,42.466651,-82.92035600000001
3,37.391563,-121.101844
3,33.928946999999994,-118.28112
3,30.203134,-102.407787
3,40.111884,-78.971499
3,25.721136,-80.447404
3,35.150036,-90.369583
3,25.533715,-80.413584
3,25.746904,-80.384927
3,33.764752,-84.493306
3,36.37236400000001,-119.197946
3,37.34000802022295,-121.85111403407171
3,33.882309,-117.583603
3,35.028588,-85.359802
3,38.88300200000001,-77.03134
3,26.390141,-80.099674
3,47.62453,-122.33437
3,36.66982,-80.708903
3,40.96006751040953,-77.67671942673837
3,37.977168,-121.620196
3,44.907479,-122.98631
3,33.862988,-118.199341
3,41.10704000000001,-79.184296
3,37.608743,-77.45121999999998
3,34.034389000000004,-118.17771
3,29.941169,-90.097671
3,34.062588,-118.248718
3,33.415249,-117.603074
3,34.715015,-82.045907
3,37.896381,-121.696289
3,41.283777,-72.937427
3,33.980619,-117.1211
3,39.976791,-78.244918
3,28.59768900000001,-81.22157
3,40.702443,-73.81648100000002
3,47.240899,-122.348932
3,37.461601,-121.178239
3,33.600089000000004,-117.69172
3,34.076,-118.231542
3,25.814491,-80.321248
3,34.228621999999994,-79.272961
3,25.684488,-80.39336800000002
3,27.535254,-82.553894
3,32.239904,-86.376221
3,40.647717,-74.014655
3,45.564984,-122.168976
3,30.341556,-97.551354
3,32.870537,-83.65947299999998
3,38.012783,-121.872444
3,40.893183,-74.131504
3,45.220926,-122.581627
3,34.30082,-118.47708
3,32.755928000000004,-117.235221
3,40.74557100000001,-73.27894599999998
3,36.348991,-119.416929
3,40.79124,-111.91607
3,40.874928,-73.992579
3,33.877357,-118.285179
3,30.315645,-81.748419
3,33.725972,-117.431491
3,38.576132,-121.530115
3,33.888767,-117.512894
3,37.855646,-121.280485
3,42.433453,-123.180543
3,38.610461,-121.385467
3,33.950638,-117.303215
3,38.63883,-90.49428
3,35.0523197649238,-89.81313586192219
3,33.94370913489369,-84.24029946287041
3,34.433231,-118.386238
3,38.447331189925926,-113.33595871871309
3,33.587786,-117.648168
3,28.362713,-81.428079
3,34.299248,-118.419525
3,40.68742632846504,-73.61750721896355
3,28.546442,-81.31071800000002
3,33.928274,-118.286222
3,38.84316,-123.063858
3,39.398678,-76.5515
3,39.853538274574966,-85.47267794568313
3,37.681463,-77.66511
3,33.989197999999995,-118.243175
3,34.352160999999995,-117.438559
3,37.364013,-121.901677
3,34.170231,-118.304405
3,34.59715300000001,-82.425841
3,29.429922,-98.500533
3,30.6531,-88.0691
3,33.329163,-84.29271999999997
3,32.646077000000005,-96.785122
3,31.79250900000001,-106.268021
3,45.72390675522936,-120.19947409572504
3,28.040789,-80.66064399999998
3,33.81422,-118.176331
3,42.649978999999995,-73.713722
3,34.067414,-117.427969
3,34.244917,-84.467203
3,38.661829,-121.536559
3,40.43759,-78.41276500000002
3,30.4681,-87.290314
3,32.776712,-117.135726
3,42.892438,-78.89206
3,38.581269,-92.235492
3,32.749649,-96.809967
3,41.87215,-87.82029
3,34.055679,-118.199791
3,37.425724,-121.916618
3,44.977804,-93.202777
3,41.727275,-77.076939
3,42.331478,-83.037361
3,34.397968,-117.402939
3,40.725399,-73.894981
3,40.890496,-74.07033100000002
3,44.944311,-92.958951
3,28.422524,-81.250674
3,41.02938,-122.39717
3,40.687975,-111.938886
3,33.46192002,-112.09920287
3,28.515074,-81.396945
3,43.93907,-117.33871
3,44.15735,-121.26097
3,37.44263,-121.89017
3,27.388581,-82.456313
3,45.54761,-122.54874
3,27.398189,-82.563665
3,42.219014,-83.526161
3,33.835384000000005,-118.263755
3,33.981213000000004,-117.972977
3,43.099848,-75.24998599999998
3,34.856795,-81.00859100000002
3,47.3963,-122.23124
3,34.051362,-118.006079
3,38.639608,-76.897304
3,44.94473,-93.1071
3,29.756695031977852,-95.55778384163112
3,40.609335,-74.181958
3,33.80523,-118.28834
3,27.96043,-82.4609
3,34.019634,-117.988121
3,34.040512,-118.19033799999998
3,36.052679,-86.59474399999998
3,30.794555,-86.53158499999998
3,36.24062,-86.75163
3,34.17942,-118.38887
3,34.185459,-118.400017
3,36.174191,-86.751975
3,38.69026,-121.38298
3,33.337587,-79.662409
3,41.51116,-87.5778
3,34.409805,-117.393761
3,38.570188,-121.336504
3,39.41329121570867,-104.86646532962384
3,33.875553000000004,-118.193275
3,42.498032,-83.536034
3,41.550987,-87.79300699999996
3,38.191071,-122.443253
3,38.879081,-77.253209
3,37.787762,-122.389023
3,34.037216,-118.284004
3,33.436751,-112.09263
3,33.466447591622035,-112.11021065658517
3,40.911001,-78.668746
3,36.83898,-76.09283
3,34.219288,-119.069534
3,34.333263,-118.508179
3,32.406478,-81.018739
3,37.772165,-122.406631
3,37.69057100000001,-122.073799
3,37.787354,-122.247965
3,38.61812800000001,-121.41151200000002
3,41.4274156091622,-73.62941622698959
3,32.724052,-117.164902
3,45.648184,-94.654459
3,44.792725,-88.50251899999998
3,33.86068,-118.298531
3,35.85357069952081,-78.80322575531576
3,38.587216,-121.338199
3,37.394836,-121.873856
3,37.594658,-121.248602
3,35.30646443350169,-109.11581397004552
3,32.780252000000004,-111.624001
3,34.01497,-118.170071
3,41.082237,-73.923187
3,43.861144,-93.278743
3,35.12768,-80.9152
3,33.928219,-118.254257
3,37.349777,-121.861732
3,40.76384,-111.8997
3,41.71848,-88.28197
3,44.951838,-93.142122
3,38.953209,-90.937562
3,34.072239,-117.907776
3,38.92038400000001,-75.93605500000002
3,37.712604,-122.161622
3,37.922004,-121.43569
3,33.925266,-118.328418
3,47.232616,-122.462395
3,39.24936,-94.50856
3,34.105228000000004,-118.331009
3,34.364849,-117.431164
3,34.09884810431433,-118.3148252958378
3,34.136025,-117.365287
3,41.690695,-72.757238
3,33.836605,-84.336526
3,32.670142,-96.935886
3,29.573167,-82.352968
3,39.709166,-122.051528
3,37.948311,-122.056699
3,33.882554,-117.268222
3,38.316617,-121.464843
3,34.813702,-117.096977
3,35.053671,-118.993338
3,34.077997,-117.813888
3,37.74219,-121.525634
3,41.788784,-72.56387099999998
3,33.95334362967513,-118.28070759716852
3,28.415512,-82.64869399999998
3,32.819401,-111.68325
3,27.462469,-82.575424
3,33.672527,-117.832177
3,34.033263,-118.147218
3,43.49252,-89.48732
3,34.209843,-117.412979
3,37.979576,-122.317398
3,43.598696,-116.54864
3,36.159948,-86.774922
3,31.806545,-106.26841
3,25.884536,-80.243055
3,26.520635,-81.885101
3,32.655712,-96.750551
3,30.405268,-86.922507
3,36.447788,-82.520862
3,35.720821,-80.266879
3,36.240113,-119.457415
3,32.506485,-111.269165
3,36.114438,-86.926537
3,45.926853,-95.320934
3,29.602899,-81.282759
3,34.8257,-77.997682
3,35.781291,-78.65705
3,33.919104,-118.371439
3,30.43261170372757,-97.70026802970078
3,40.63250900000001,-122.263854
3,35.86489500000001,-77.721034
3,37.88496,-122.0777
3,41.478856,-87.322721
3,32.463768,-93.767281
3,34.141141,-118.277853
3,34.068436,-117.342857
3,28.036723,-82.078026
3,31.32371,-89.360561
3,37.595268,-121.872597
3,25.988878,-80.16583
3,36.720527,-119.78753
3,45.079786,-93.39166
3,33.82539000000001,-118.22382
3,34.094349,-118.310425
3,42.939407,-73.805082
3,47.294056,-122.292259
3,32.771769,-96.799928
3,41.152694,-112.025449
3,38.97879481,-94.71136451
3,33.941364,-118.096634
3,38.86007,-77.87129
3,40.846768,-73.87146
3,34.65081,-84.98273
3,34.252518,-119.210861
3,30.34193,-97.551697
3,28.247534,-82.356077
3,38.340064,-81.685238
3,34.488149,-118.136771
3,33.87254,-117.665016
3,34.104748,-117.302353
3,30.283225,-81.602749
3,26.08275532710036,-80.16847014388958
3,43.616419,-116.604989
3,42.383549,-83.480659
3,28.06726500000001,-82.738982
3,40.436457395360776,-74.4839680191303
3,32.39967,-90.1779
3,39.69653,-105.829269
3,30.023546000000003,-90.324066
3,25.91873288142243,-80.2103984352102
3,33.696659999999994,-84.411073
3,44.76584,-93.21769
3,41.98098,-91.66813
3,39.632416,-105.034782
3,34.067432000000004,-117.583565
3,47.699486,-122.32312
3,36.180238,-86.800353
3,33.888767,-117.512894
3,34.121025,-82.115992
3,32.191712,-110.775651
3,42.91039,-123.26407
3,26.045029,-80.162925
3,41.212261,-95.950375
3,39.252737,-121.206599
3,40.101462,-75.29059699999998
3,45.251107,-123.848114
3,38.738213,-90.361459
3,45.02699000000001,-92.97184
3,37.991979,-121.18073400000002
3,29.23182000000001,-98.603123
3,41.570060999999995,-87.431976
3,38.36085900000001,-81.62824
3,41.860676,-88.162041
3,34.045846000000004,-117.718495
3,38.964991,-76.1082
3,43.506339,-112.023761
3,34.631543,-82.599696
3,37.153666,-121.982152
3,37.83017,-122.26734
3,41.80913,-87.63121
3,34.48566555960424,-118.15099596920896
3,33.995192,-117.231707
3,34.162025,-79.033698
3,38.357299,-76.683201
3,35.21876599999999,-120.694545
3,32.166351,-81.216155
3,35.357233285735326,-79.76540923080556
3,30.586361,-85.187958
3,28.543658,-81.382012
3,29.18256,-82.18464
3,32.29526,-95.301696
3,34.336994,-119.08333600000002
3,37.318855,-121.902046
3,25.899204,-80.215354
3,33.133022,-117.105332
3,33.74449610694053,-84.39960122068214
3,39.667393,-104.925705
3,38.77782,-123.533689
3,35.615614,-118.465408
3,37.354237,-121.866379
3,25.95684,-80.173002
3,34.090775,-118.30657
3,35.030215000000005,-118.959027
3,35.206569,-118.534038
3,35.843097,-78.631233
3,30.493098,-91.143715
3,34.068478000000006,-117.839523
3,32.059345,-83.974674
3,34.408294,-118.447191
3,35.480589,-119.278636
3,33.715885,-117.967056
3,34.274522,-118.53865
3,32.806147,-96.776254
3,47.504578,-121.884521
3,34.223585,-117.40308600000002
3,32.229393,-110.992134
3,36.191794,-86.782678
3,40.857044,-73.917328
3,48.056112,-115.889183
3,41.89476,-87.656075
3,30.283957,-97.752457
3,42.542525,-73.781925
3,45.580592,-118.635531
3,34.648769,-118.37661
3,35.22786400000001,-80.847862
3,34.057115,-117.396413
3,41.964085,-87.745956
3,47.508286,-121.883736
3,34.042807,-81.54490600000003
3,32.242592,-81.68543299999997
3,47.61068,-122.335609
3,40.603535,-74.067421
3,36.26494,-82.94264799999998
3,32.806012,-96.663647
3,25.627116,-80.3418
3,33.948975,-117.385979
3,35.939337,-119.286707
3,41.715603,-87.62530500000004
3,38.773974,-121.191909
3,43.787975,-95.333713
3,32.98395,-117.254451
3,39.03812527637941,-94.33594107582884
3,34.034953,-118.333709
3,39.909379,-86.076528
3,37.669588,-122.39306100000002
3,34.146755,-118.370232
3,30.242197,-97.723457
3,33.884846,-118.190575
3,33.917362,-117.437614
3,42.3855,-83.02341
3,38.678709268385504,-77.2334682937754
3,40.779799,-123.308803
4,34.065807,-117.491652
4,38.71941500000001,-76.660788
4,34.496845,-81.84434499999998
4,29.037322,-82.044967
4,25.81424,-80.26892099999998
4,39.749451,-84.253075
4,28.364505,-81.366157
4,39.446011,-76.63548399999998
4,25.995371,-80.16584
4,35.208474,-102.167129
4,33.82925,-117.460365
4,33.894611,-81.06195799999998
4,38.417146,-121.966051
4,38.599966,-77.800612
4,30.183331,-81.630821
4,33.929653,-118.088905
4,40.75072,-73.75083000000002
4,40.68201,-75.28888
4,33.386672999999995,-111.894348
4,40.449791,-79.950737
4,34.557613,-117.287857
4,34.075790000000005,-118.27668
4,33.724940999999994,-79.078613
4,41.177624,-79.349533
4,33.915489,-80.824749
4,35.274409999999996,-80.854538
4,43.067829,-83.773071
4,25.902089,-80.38736899999998
4,41.667637,-87.815933
4,36.749044,-120.549478
4,27.388185,-82.468051
4,37.807072,-122.475616
4,38.38214,-75.45636800000003
4,34.005065,-117.393817
4,41.636765,-108.428997
4,33.914491,-117.88268
4,38.81123185139269,-76.71262621842996
4,45.34024,-118.11322
4,33.982898,-118.14291
4,33.563340999999994,-86.731814
4,37.166962,-93.316185
4,33.872532,-118.202324
4,25.89843,-80.207222
4,36.153809,-86.756119
4,39.010725,-76.861864
4,29.964578000000003,-90.064899
4,34.739582,-92.407279
4,45.85916,-94.313494
4,33.939018,-81.331383
4,39.52636,-119.701401
4,38.293236,-120.927743
4,45.496719,-94.163635
4,32.916121999999994,-86.644295
4,38.960472,-76.9198
4,33.787201,-78.775253
4,40.606852,-77.564133
4,25.867536,-80.255659
4,26.008183,-80.21345500000002
4,38.97892,-76.321823
4,40.004875,-76.105145
4,28.923158,-81.299322
4,25.78727,-80.178543
4,40.007085,-76.738798
4,36.19286,-86.62383299999998
4,33.85917,-118.20152
4,36.190056,-86.687843
4,40.318642,-76.921371
4,45.577843,-92.992676
4,30.41750900000001,-91.067642
4,34.136852000000005,-79.169403
4,35.224296,-80.748661
4,25.700543,-80.301277
4,40.162052,-76.637376
4,39.018127,-77.103813
4,37.721684,-121.496323
4,40.952499,-72.576836
4,33.823372,-84.357681
4,34.130665,-118.274582
4,33.167217,-80.092735
4,39.074295,-94.379094
4,41.05513,-73.810417
4,29.840598,-95.262253
4,33.768556,-117.867567
4,38.190258,-85.72912600000002
4,42.005405,-87.894028
4,25.83264,-80.20597
4,37.889442,-121.6231
4,32.488785,-100.216225
4,35.83872,-78.675063
4,35.2722179887997,-80.88464140853459
4,36.209682,-86.871475
4,32.885283,-86.621995
4,44.793541,-91.45533
4,41.94521500000001,-87.80940600000002
4,28.616187,-81.311614
4,43.092895,-76.08964499999998
4,42.898682,-86.19995899999998
4,39.241055,-76.59201800000002
4,33.496868,-82.315384
4,39.55455,-105.084671
4,41.80660200000001,-88.167503
4,35.92505,-84.059697
4,44.79620575883485,-123.03330302179798
4,35.669356,-78.19449300000002
4,29.709021000000003,-95.66748
4,35.184525,-80.890488
4,45.430916,-118.360191
4,37.859905,-121.218575
4,33.909157,-118.269646
4,28.606667,-81.418396
4,32.840561,-97.314049
4,28.459782,-81.47253
4,34.01685,-117.98548999999998
4,43.056252,-87.92456800000002
4,38.321461,-122.666801
4,33.799274,-117.116558
4,35.766007,-78.71065
4,28.3542,-82.31044
4,45.576364,-122.650584
4,29.821125,-95.517403
4,41.983978,-87.8479
4,39.798439,-84.224899
4,39.120587,-76.76901600000002
4,32.734295,-96.70015
4,40.04097104053477,-111.54181837982397
4,36.450255,-119.259716
4,37.35596,-121.90942
4,41.06209874133557,-77.21460699998275
4,34.221687,-119.102272
4,34.132017,-118.350209
4,30.427933000000003,-87.213173
4,25.868651,-80.385796
4,33.871753999999996,-117.687035
4,38.22766900044333,-75.69197058641579
4,37.93977141362219,-122.32494234980427
4,39.836716,-89.254875
4,34.066036,-117.48883899999998
4,41.150375,-73.248499
4,38.48127,-78.810638
4,35.143507,-81.784603
4,41.704311,-88.030647
4,37.79929,-80.054497
4,25.940369,-80.305128
4,33.990386,-117.907183
4,30.251551,-81.583861
4,37.471958,-77.334221
4,34.980692,-82.3321
4,40.161434,-76.395416
4,39.987125,-78.255997
4,34.884749,-82.290269
4,34.794159,-81.262718
4,32.784715890728066,-96.7915570731316
4,40.770278999999995,-73.947823
4,34.242621,-119.010224
4,34.01525,-117.0869
4,44.778288602615454,-93.36942315057102
4,41.63679000000001,-88.15994
4,42.893688,-83.632362
4,40.897964,-72.37223900000002
4,41.479252,-81.71347
4,29.605843,-98.601234
4,29.72577,-95.486385
4,37.22168,-120.371063
4,33.974758,-118.256462
4,40.927509,-73.812294
4,30.165781,-81.747693
4,47.38629,-122.29004
4,34.121037,-117.828758
4,45.069351,-93.400993
4,29.595977067806267,-81.24594569167496
4,41.116394,-74.113045
4,33.910885,-80.26812
4,26.964584,-80.17186
4,31.443516,-88.030212
4,37.996796,-121.789696
4,33.520584,-80.791832
4,44.192188,-123.525581
4,39.072713,-94.530463
4,33.768723,-84.65194699999998
4,34.043541999999995,-118.315693
4,33.754608000000005,-84.40278599999998
4,38.199329,-77.38855699999998
4,30.72568900000001,-86.567825
4,40.075818,-75.108743
4,39.6691,-114.7555
4,25.945629,-80.176903
4,37.46356,-120.93087
4,29.778919,-95.475456
4,42.761851,-74.11611500000002
4,29.69953,-95.356781
4,39.65854,-79.81118599999998
4,33.657022999999995,-117.64178
4,35.194336,-80.72567
4,36.138744,-86.728264
4,33.867160999999996,-80.34736600000002
4,35.47879000000001,-82.55507800000002
4,42.77762,-123.28236
4,34.300098,-80.08596800000002
4,41.996418,-87.875
4,33.762421,-79.434753
4,41.838284,-87.63101999999998
4,34.501732000000004,-82.956078
4,35.023936,-85.24655899999998
4,42.412395,-123.130264
4,43.203178,-77.585068
4,38.9236486,-76.93057179
4,39.867645,-84.92776500000002
4,34.142799,-80.750381
4,33.957932,-118.290424
4,39.981121,-75.838669
4,34.049822,-117.30452
4,39.44017767887383,-74.53913569414834
4,34.85949,-82.281311
4,37.732197,-122.190132
4,29.757931,-95.36293
4,39.94838119,-75.14203191
4,26.204975,-80.142418
4,40.040407,-76.446273
4,34.271415999999995,-119.212791
4,40.621964,-77.687727
4,33.82405,-84.146343
4,44.244036,-117.513898
4,43.391487,-124.247698
4,33.994282,-117.884628
4,28.631571,-81.388336
4,33.934425,-117.407265
4,39.80646014194581,-86.03119969326956
4,28.47613,-81.445091
4,40.782818,-73.943871
4,37.319852,-121.935678
4,33.472851,-111.978119
4,36.29158,-119.782127
4,35.321114,-80.734444
4,39.019833,-77.10543100000002
4,29.717735,-95.519997
4,42.624393,-71.176514
4,45.093182,-123.748447
4,36.664716,-78.13318100000002
4,45.304979,-93.003033
4,39.291439,-84.554062
4,39.008472,-122.614075
4,29.411146,-98.508003
4,33.662451000000004,-117.298616
4,34.901352,-82.332764
4,30.267441,-97.736862
4,32.604896999999994,-97.320274
4,42.201832,-71.076683
4,38.301196999999995,-122.706032
4,30.195921,-97.766312
4,37.454246999999995,-121.923073
4,38.27899575215206,-122.29992270411348
4,40.170212,-74.10125699999998
4,37.808498,-122.366852
4,27.954693,-82.537979
4,35.247559,-89.913078
4,27.438823,-82.45228
4,28.452939,-81.400159
4,30.150161,-85.763835
4,34.251247,-80.203888
4,43.15641,-77.679039
4,34.018204,-118.176582
4,32.879898,-96.770271
4,36.692412,-119.763751
4,40.69055,-73.42125
4,32.931332,-80.68914000000002
4,39.237122,-76.708117
4,39.79858,-84.210358
4,40.524599,-74.259563
4,32.264977,-80.88170600000002
4,36.07886,-86.83693000000002
4,28.388826,-81.40465999999998
4,37.209831,-77.403667
4,42.93787,-83.53447
4,35.013088,-90.11866
4,35.066864,-89.84407
4,33.665138,-84.418549
4,41.962421,-78.82061
4,34.081753000000006,-117.709263
4,32.199661,-110.875107
4,37.70186,-121.90237
4,26.259199,-80.136147
4,37.743512,-121.128253
4,37.530567,-77.364914
4,36.17046,-86.80551899999998
4,37.931858,-79.229378
4,25.812178,-80.13755400000002
4,29.155529,-81.075623
4,32.700928000000005,-96.753098
4,25.944598000000006,-80.121172
4,26.04236,-80.214363
4,27.5215,-80.450928
4,40.050079,-78.51368000000002
4,33.798912,-84.391708
4,33.843578,-84.48724399999998
4,33.70715,-78.985138
4,37.324078,-121.890388
4,45.07349,-122.95924
4,26.527498,-80.17234
4,34.813621999999995,-82.336555
4,28.358322,-81.572586
4,34.756911992861,-120.29438137950756
4,42.38260388354119,-73.46545815432803
4,38.703475,-121.345935
4,39.939741,-111.811125
4,28.462679,-81.544609
4,33.590702,-79.68000699999997
4,40.709022999999995,-73.84159100000002
4,39.233282,-76.666384
4,34.07633900626146,-117.74658322278142
4,36.327047,-119.218468
4,35.454331,-83.28309
4,41.511276,-88.124245
4,37.638275,-121.278407
4,43.147548,-75.2876
4,40.160809,-76.394669
4,32.34983324989152,-97.1953046317234
4,36.154339,-86.74218
4,33.773834,-84.39035600000003
4,37.145287,-121.985046
4,37.783488,-121.228846
4,43.215687,-77.73769399999998
4,29.5595,-81.22255
4,39.053207,-94.679213
4,45.84426,-95.38805
4,38.88242,-77.230522
4,37.458626,-121.924134
4,33.109913,-81.338264
4,38.195384999999995,-85.84255999999998
4,40.793982,-111.903284
4,37.489166,-121.943779
4,47.920376,-122.206131
4,34.631156,-118.17887
4,37.70041108113431,-122.47128367365612
4,45.544708,-122.676262
4,35.051083,-89.866348
4,38.757217,-111.425209
4,37.774315,-122.406342
4,42.9632,-85.666786
4,34.240078000000004,-82.147842
4,42.271612,-84.404921
4,27.791702,-82.339907
4,37.785847,-120.737166
4,41.984539,-87.939796
4,28.48421500000001,-81.396683
4,44.989155,-93.236794
4,33.524059,-112.17746
4,39.06143400000001,-77.502837
4,29.52173,-98.476791
4,39.695164,-88.29174
4,39.446521,-76.330792
4,34.076108000000005,-117.545029
4,26.10671,-80.16879300000002
4,41.871067,-87.773804
4,30.376385,-91.068848
4,34.913952,-82.107651
4,30.446207,-91.007654
4,34.04052,-118.187042
4,35.04575,-81.958313
4,34.308193,-118.429466
4,34.038418,-81.097893
4,42.44442,-71.33954
4,39.413902,-76.61187
4,36.075378,-95.904312
4,38.38746,-122.52058999999998
4,37.990662,-121.682053
4,47.758678,-122.184227
4,33.572952,-117.180878
4,29.475018,-98.698097
4,33.644195,-117.915929
4,34.013020000000004,-86.75005300000002
4,35.17537951452648,-90.19373059229756
4,32.77772,-96.783403
4,41.80125,-88.074783
4,34.652906,-82.160239
4,28.324165,-80.730583
4,29.446362,-98.670547
4,25.883821,-80.16543
4,30.387812,-87.07974899999998
4,34.001823,-117.930661
4,33.973839,-118.079971
4,36.576382,-119.682564
4,34.013081,-117.550095
4,33.414066,-80.667763
4,37.765234,-122.404893
4,26.523164,-81.870302
4,27.127478000000004,-80.334864
4,45.254213,-93.0225
4,39.53435800000001,-119.742772
4,34.493849,-118.211247
4,33.396141,-81.556488
4,37.743156,-121.562447
4,39.058891,-84.538078
4,43.19252,-77.584419
4,42.152206,-122.643936
4,42.60266,-83.16543
4,37.759926,-77.459763
4,26.547712,-81.839322
4,29.862032,-95.5056
4,41.84636,-87.63839
4,35.134426,-90.02407099999998
4,25.984941,-80.165695
4,39.67802,-85.71611
4,45.825733,-123.96111299999998
4,37.367342,-121.901196
4,34.023872,-117.752829
4,40.840341,-73.885734
4,34.914188,-82.10717
4,30.192841,-95.25193
4,37.36507,-79.819138
4,37.372318,-120.944565
4,34.149037,-118.156896
4,40.86385300000001,-124.082733
4,37.253189,-77.396286
4,36.891361,-113.929375
4,32.826190999999994,-96.887291
4,38.524369,-122.551357
4,34.277311,-118.604933
4,41.63322,-87.70983000000003
4,34.087612,-80.937682
4,34.467869,-82.682541
4,35.307957,-120.68087
4,42.905762,-77.54203000000003
4,41.346176,-73.651749
4,42.477264,-83.094666
4,34.493491999999996,-118.279984
4,33.335136,-111.841751
4,43.176914,-77.63945799999998
4,38.898842,-76.983643
4,35.171165,-89.845934
4,34.197887,-118.403099
4,39.636059,-104.906967
4,33.745163,-84.39791899999999
4,37.510529,-122.334702
4,32.513046,-94.710976
4,44.053964,-121.307196
4,43.063,-83.85431700000002
4,37.475234,-77.69225899999998
4,32.600437,-90.069147
4,35.028479,-111.742454
4,37.894366,-98.178623
4,34.07001,-117.545065
4,35.173534154724244,-89.84047293620186
4,44.889355,-93.349731
4,39.310222,-76.54107900000002
4,46.89112,-99.068602
4,41.14595,-73.25962
4,25.811049,-80.18791999999998
4,40.301502,-76.87289399999997
4,35.606106,-97.38945
4,29.396171999999996,-98.511208
4,44.965022,-93.282752
4,33.53865,-112.099514
4,29.89208,-97.671783
4,40.118919,-75.119263
4,40.228958,-76.35521700000002
4,34.201107,-118.473396
4,28.551561,-81.396101
4,40.736149,-75.62889100000002
4,37.761934,-122.40578899999998
4,32.437566,-110.991016
4,37.663849,-121.682167
4,37.887451,-121.696495
4,41.100897,-80.970947
4,34.40422,-118.45219
4,40.055783,-122.151747
4,35.187506,-85.34985
4,39.902348,-83.025314
4,42.86078300000001,-70.892288
4,40.02438400000001,-74.823879
4,41.473991,-81.699722
4,43.095061,-75.250128
4,26.06897,-80.166199
4,46.068123,-95.861902
4,40.697441,-73.962517
4,42.700091,-73.708037
4,32.877522,-80.741417
4,38.775986,-90.460297
4,38.976685,-119.889862
4,33.760542,-78.859385
4,32.695431,-96.679176
4,33.988319,-81.072571
4,39.186384,-77.669042
4,39.804081,-75.750443
4,34.01306,-117.344
4,43.778664,-93.308601
4,36.07379,-78.302977
4,37.145508,-121.98497
4,28.50054,-81.459122
4,34.023242,-118.200698
4,37.532779999999995,-77.115463
4,38.80084633808708,-77.08328604661423
4,42.494781,-82.918976
4,30.413309,-97.653053
4,37.336639,-121.933632
4,38.97757172565947,-77.31520056687681
4,41.889191,-87.626747
4,34.046982,-118.446304
4,38.792992,-77.023462
4,35.639359000000006,-78.688202
4,39.56786,-76.14094
4,30.38155,-91.020638
4,41.857262,-71.883124
4,25.683649,-80.313843
4,29.930423,-90.037643
4,33.938207,-118.313385
4,34.615139,-82.395477
4,43.104321,-89.282249
4,47.626839,-122.320236
4,30.186619,-97.77336
4,39.674957,-104.828354
4,36.15162700000001,-86.768532
4,30.480919,-83.246719
4,40.664408,-111.901217
4,42.943661,-85.66268199999998
4,33.739605,-117.070496
4,25.915239,-80.236255
4,32.743373999999996,-117.184639
4,30.502148,-91.114144
4,32.79435,-96.809937
4,34.060767999999996,-80.998062
4,40.594283,-74.290756
4,25.949889,-80.182288
4,38.664593,-120.933319
4,38.908009,-120.851692
4,39.31192517261832,-76.54006361924867
4,33.883556,-117.535805
4,39.75308,-84.15155
4,29.319172,-81.923576
4,30.123922,-95.442777
4,32.415871,-93.737518
4,32.891399,-96.889793
4,40.146049,-76.230583
4,41.601085999999995,-87.583649
4,33.397868,-117.59436200000002
4,36.1306,-96.006981
4,34.011061,-117.907181
4,42.340654,-88.61798
4,42.590858,-71.019562
4,34.038509999999995,-118.02091
4,45.535551,-122.692068
4,31.69582,-85.959351
4,34.795704,-118.858402
4,34.030698,-118.258155
4,26.609005,-80.068565
4,42.944847,-74.359703
4,28.566909999999996,-81.294342
4,36.430919,-119.695164
4,35.421592,-94.348772
4,27.447717,-82.60730600000002
4,39.65241500000001,-86.39922
4,32.710158,-114.428846
4,40.263754,-79.896824
4,38.961929,-93.206741
4,34.035801,-118.370979
4,35.246632,-80.787903
4,37.53482800000001,-77.432999
4,45.01039,-93.1626
4,40.163216,-80.277168
4,42.125374,-71.061844
4,32.956688,-117.244835
4,33.88102,-84.164551
4,38.878856,-77.038267
4,32.879959,-80.00086999999998
4,33.059139,-80.19545
4,39.077959,-121.534384
4,42.080681,-88.335991
4,29.722054999999997,-95.555847
4,41.57784,-87.66943
4,34.133010999999996,-81.306679
4,42.38186,-122.90885
4,28.441938,-81.427498
4,38.236101,-77.49829799999998
4,40.229549,-75.314369
4,35.18624600000001,-85.168267
4,39.911667,-86.222633
4,38.851444,-77.792709
4,38.465637,-77.407822
4,38.363121,-120.561447
4,35.884995,-78.568014
4,33.96463,-118.168891
4,42.466159999999995,-88.01715899999998
4,37.621547,-121.002649
4,45.104273,-93.395215
4,26.74774600000001,-80.134537
4,45.159298,-93.163216
4,28.472424,-81.409064
4,40.596989,-89.639717
4,37.358943,-121.871886
4,35.484253,-77.567981
4,33.97338,-83.876517
4,32.83887,-117.13584
4,32.35178,-110.974892
4,35.15403,-114.574722
4,27.90415,-81.85199
4,26.57255,-80.069496
4,32.940441,-96.371964
4,35.934528,-119.911781
4,42.861973,-85.820305
4,33.475159000000005,-80.883873
4,42.484119,-83.084846
4,42.34814286,-83.10578942
4,38.165073,-122.577904
4,43.978989,-92.139076
4,42.242306,-71.027573
4,29.917609999999996,-81.41190300000002
4,34.378078,-82.142052
4,30.311209,-97.639427
4,47.463398,-122.270538
4,40.667016,-73.93129499999998
4,40.024559,-76.53555300000002
4,32.402167999999996,-93.821732
4,39.897713,-83.722107
4,33.891488,-117.271934
4,27.388783,-82.448647
4,39.624634,-75.679153
4,48.042683,-122.180183
4,39.465431,-121.566902
4,34.89275,-92.098892
4,35.442581,-97.476913
4,33.724682,-79.790359
4,34.139355,-118.471329
4,47.46747,-122.22222
4,33.913189,-81.073799
4,38.334568,-122.712936
4,36.184349,-86.754471
4,41.161316,-96.139565
4,25.823927,-80.240871
4,41.53931400000001,-73.771141
4,44.0554,-95.75344
4,34.043342,-118.31771
4,41.57765,-87.56348
4,45.019767,-93.188857
4,38.099663,-85.82473
4,39.210857,-85.87777700000002
4,39.017941,-77.10347
4,38.566772,-77.336827
4,35.22322800000001,-80.87217700000002
4,34.172482,-81.92259200000002
4,42.35825,-83.076996
4,33.847879,-117.856124
4,47.021774,-122.905819
4,40.912209,-73.875099
4,40.304724,-121.23451
4,33.687443,-117.872017
4,47.978371,-122.143967
4,34.724418,-92.325319
4,40.414093,-76.57206
4,34.002949,-118.164719
4,38.838633,-78.563328
4,38.561567,-121.858802
4,27.864191,-82.384938
4,30.557294,-91.120245
4,34.047661,-117.307625
4,28.674045,-81.46805400000002
4,38.47029000000001,-122.43125
4,38.019192,-77.499382
4,39.9837434289933,-75.20829319918056
4,26.325564,-80.116866
4,34.801411,-82.185272
4,25.627579,-80.414624
4,43.176331,-85.43132800000002
4,41.98394,-87.84267
4,41.574092,-87.479023
4,25.882227,-80.209389
4,35.190688,-113.365195
4,34.79503,-82.28019
4,40.374552,-78.4372
4,40.694569,-73.956131
4,39.735422,-75.56375600000001
4,36.428959000000006,-119.32285
4,40.799427,-73.48859399999998
4,34.181567,-118.396922
4,37.187836,-121.68882
4,35.551751,-79.191276
4,39.614212,-104.815102
4,28.583151,-81.20773299999998
4,33.940933,-117.231621
4,40.82106,-73.888908
4,45.50221,-118.42226
4,40.4767,-86.10773499999998
4,29.772137,-95.365829
4,32.943191999999996,-117.084068
4,34.034113,-118.221444
4,28.026840000000004,-82.19279
4,35.951832,-78.543213
4,37.672468,-122.474799
4,27.4293,-82.5467
4,25.784407,-80.28840600000002
4,39.15533,-94.49797
4,34.697917,-82.329301
4,47.23276,-122.46348
4,40.79623,-73.47095999999998
4,33.503964,-112.112801
4,41.756481,-87.625328
4,37.671442,-122.121784
4,28.719749,-82.117137
4,34.03211474402412,-117.13591933194571
4,35.020401,-89.848671
4,37.583511,-77.40937
4,33.426563,-117.149927
4,30.462053000000004,-91.139435
4,29.474054,-98.516882
4,39.614596,-77.79396
4,34.120521999999994,-117.872604
4,34.998431,-85.27241
4,29.86857,-95.294983
4,39.753887,-86.169273
4,25.782721,-80.173233
4,25.626949,-80.393463
4,32.174969,-110.977592
4,33.960012,-118.285317
4,35.072651,-81.758324
4,34.295260999999996,-80.549423
4,34.402512,-79.89520300000002
4,35.849049,-78.601563
4,32.947374,-80.20352700000002
4,34.073055,-80.978363
4,43.05265,-83.67446899999999
4,32.991283,-83.844521
4,36.142371999999995,-86.73575600000002
4,35.7103,-83.664011
4,42.340778,-122.904953
4,44.96468,-93.230728
4,38.537067,-121.51442
4,42.301826,-71.050667
4,35.082512,-82.05918100000002
4,37.509953,-122.33333
4,28.659340000000004,-81.38843
4,46.82053,-93.94812
4,40.158386,-80.194817
4,43.288918,-122.600571
4,40.615086,-74.157257
4,35.746357,-78.58608199999998
4,33.769773,-118.034652
4,37.70166,-121.769699
4,40.715356,-75.35522399999998
4,42.330406,-71.061157
4,42.47524,-96.25303
4,45.094345,-93.290199
4,34.120706,-117.875987
4,35.186687,-101.920364
4,43.075676,-83.694061
4,41.115246,-111.76233700000002
4,33.503792,-112.065018
4,29.38209,-98.700729
4,41.473598,-81.699364
4,34.044483,-81.11749300000002
4,35.111678999999995,-81.302658
4,37.637829,-121.158897
4,39.39887166004467,-76.5522515770123
4,41.872463,-87.817436
4,37.721646,-121.537477
4,28.59504,-81.38455
4,33.433212,-112.592201
4,44.757048,-122.43428
4,40.641292,-73.877338
4,40.256592,-76.855949
4,38.80159,-90.651772
4,38.082813,-78.989029
4,41.122192,-73.331757
4,44.130836,-122.617273
4,38.242646,-81.550258
4,33.578325,-86.47341899999998
4,34.063786,-117.283554
4,41.249185,-76.965882
4,30.31651,-91.82549
4,36.775863,-76.446135
4,40.86702,-73.917061
4,41.737639,-72.18081600000002
4,35.039223,-120.486916
4,34.069519,-118.16206499999998
4,33.422278999999996,-112.169312
4,37.967107,-122.344194
4,39.759663,-89.605255
4,25.783039,-80.175201
4,35.087383,-90.076775
4,38.88385,-77.15100000000002
4,32.92601,-96.820457
4,30.245025,-95.45734
4,26.492743,-81.81126400000002
4,39.349388,-76.74588
4,33.366799,-117.162683
4,25.913222,-80.32504300000002
4,28.375499,-81.504065
4,35.747204,-78.29664
4,38.610039,-121.346008
4,29.455622,-98.413826
4,45.210536,-122.825017
4,30.387503,-97.649666
4,34.594759,-79.528575
4,32.809528,-117.114128
4,33.855955,-117.993021
4,25.834704,-80.386801
4,37.202042,-119.722694
4,33.961391,-78.952202
4,25.788635,-80.20586999999998
4,42.026489,-71.260727
4,25.872704,-80.347313
4,41.464119,-81.58596
4,33.86315,-118.04432
4,38.781467,-94.927365
4,40.16993,-120.968536
4,41.0066,-76.58903000000002
4,30.398331,-97.719383
4,43.89281,-121.37697
4,35.44152800000001,-80.85449200000002
4,28.690471999999996,-81.388641
4,45.587152,-118.639936
4,34.031127000000005,-118.260011
4,40.823429,-72.99125699999998
4,35.349548,-80.880165
4,37.603364,-121.843327
4,40.809083,-122.88899
4,33.975516999999996,-118.385193
4,36.169616999999995,-86.583496
4,27.225559000000004,-82.497551
4,43.022339,-83.724068
4,40.770278999999995,-73.947823
4,37.145508,-121.98497
4,40.866863,-73.93195300000002
4,34.717541,-81.19753299999998
4,40.181259,-75.21122700000002
4,28.50935,-81.400536
4,42.885796,-85.616096
4,35.364891,-118.978569
4,42.354305,-71.05313100000002
4,47.354244,-122.296157
4,41.252968,-78.508018
4,30.24321,-97.729317
4,42.111898,-88.25797
4,28.625608000000003,-81.462296
4,38.169549,-76.944507
4,41.04705691318013,-111.91007494873088
4,33.482422,-112.234988
4,39.241046,-76.69500500000002
4,29.76835100000001,-95.363808
4,39.840839,-86.000618
4,45.009567,-93.076355
4,34.170734,-118.605378
4,38.31543,-121.915421
4,34.120171,-117.786911
4,32.914495,-97.317298
4,38.792563,-77.156842
4,29.846759999999996,-95.444733
4,43.28803900000001,-73.68140799999998
4,34.298882,-117.457779
4,39.894241,-111.828105
4,37.142818,-77.814171
4,32.81348,-96.803783
4,39.371341,-76.445249
4,39.771111,-76.667549
4,34.047929,-118.187247
4,25.782721,-80.173233
4,41.946358,-87.718597
4,28.300210999999997,-82.67034100000002
4,34.164742,-119.062859
4,42.972839,-83.765465
4,39.726292,-76.881653
4,35.91140700000001,-78.651337
4,41.295223,-73.677246
4,41.981231,-91.667386
4,28.174159999999997,-99.317253
4,40.459140999999995,-80.189812
4,25.619478,-80.345545
4,37.254909999999995,-121.792778
4,41.436618,-73.869949
4,29.850269,-95.563278
4,36.327244,-119.348473
4,39.158958,-77.69088
4,39.747547,-110.884438
4,25.942789,-80.19696
4,26.300184,-80.180389
4,30.185099,-97.79848
4,32.74514,-96.81326
4,43.028168,-88.12655600000002
4,28.553140999999997,-81.376892
4,35.437962,-80.86839300000003
4,29.7838,-95.521271
4,42.78294,-71.114609
4,38.621845,-90.123787
4,38.807382,-77.081112
4,33.983887,-118.070007
4,34.15306,-118.37035
4,34.022919,-81.829887
4,39.331151,-77.562923
4,34.628464,-81.32549300000002
4,27.867055,-82.62730400000002
4,25.595455,-80.378813
4,34.07945036871872,-117.62676358166873
4,30.00137686715125,-90.03957867579443
4,41.003683,-76.591769
4,33.329440999999996,-79.313637
4,34.485313,-117.33523999999998
4,25.961638,-80.233238
4,35.016477,-81.737749
4,25.986388,-80.16589499999998
4,41.6259,-87.69832
4,38.19552,-86.99063000000002
4,40.804951,-73.281212
4,41.493401,-81.684372
4,34.007845,-118.280846
4,39.599613,-119.837349
4,34.035698,-118.098617
4,29.794463,-95.473281
4,33.914417,-118.180298
4,34.150397999999996,-117.322922
4,30.528990000000004,-84.516678
4,30.127016,-95.229591
4,41.601921,-87.173927
4,33.235828000000005,-117.261703
4,35.083904,-80.933388
4,29.902763,-95.311058
4,30.232521,-97.74179
4,35.72546,-80.857849
4,32.794810999999996,-96.792603
4,33.986549,-118.136291
4,32.692268,-96.801811
4,38.44521,-122.60498
4,40.12795300000001,-76.07538199999998
4,29.515590999999997,-98.397087
4,32.778759,-96.782059
4,35.466442,-97.509598
4,29.521593,-98.394669
4,34.004169,-117.404739
4,25.76078296,-80.38547158
4,39.254161,-94.636799
4,26.009893,-80.213104
4,43.12468,-77.617508
4,27.99662,-82.581604
4,39.911812,-75.33626600000002
4,40.004536,-75.194901
4,41.824863,-87.630585
4,25.846146,-80.240804
4,30.433453000000004,-84.204881
4,35.67358374578632,-80.85672497710773
4,42.48481,-83.449051
4,35.249229,-80.969376
4,33.118168,-111.362633
4,43.303628,-89.427968
4,42.400654,-83.21820799999998
4,41.598029,-73.918462
4,47.301990999999994,-122.255966
4,40.373116,-111.808327
4,40.164242,-75.476608
4,38.575907,-122.44236
4,38.594972,-121.434178
4,41.663204,-87.66289499999998
4,40.706863,-74.15065799999998
4,28.11335,-82.73996
4,32.92588,-96.811813
4,32.739502,-96.823372
4,30.23674,-97.83164
4,37.146172,-119.30468799999998
4,38.736923,-120.707634
4,33.473534,-117.675293
4,39.563477,-119.048752
4,29.65857,-95.3383
4,45.579514,-118.59123999999998
4,40.60700297336289,-74.04357075655919
4,29.551336,-98.37323
4,37.539379,-77.366783
4,32.76918,-96.82362
4,34.091957,-117.99128
4,41.961696999999994,-91.670616
4,42.34223,-87.95382
4,39.30608,-76.743813
4,27.712517,-82.385109
4,39.833149,-83.000107
4,40.898211,-74.115152
4,35.353909,-118.994133
4,44.968146,-93.341249
4,32.377998,-96.865257
4,43.011326,-83.517525
4,40.052883,-75.34944200000002
4,32.713177,-96.700096
4,42.315975,-122.855311
4,41.49445,-81.68047299999998
4,27.86058,-82.32659100000002
4,40.73851,-73.90265
4,37.712813,-121.715112
4,33.747898,-117.843086
4,35.844764,-78.569266
4,38.454769,-77.407776
4,40.195213,-74.828812
4,28.005054,-82.328278
4,32.794019,-96.698238
4,30.468441,-97.796928
4,30.459559999999996,-91.009491
4,32.683859000000005,-97.454321
4,36.207588,-86.77488699999998
4,32.712672999999995,-97.062828
4,26.0905,-80.168022
4,33.593468,-84.49955
4,38.641354,-121.451622
4,33.823502000000005,-118.28747
4,40.74276566486005,-111.98991894668583
4,38.226139,-121.428253
4,37.741337,-121.580818
4,37.543159,-77.45031
4,34.100128000000005,-118.693436
4,38.93456,-94.68786
4,36.575737,-77.99395799999998
4,40.43364,-74.433181
4,35.296127,-119.092147
4,33.777458,-84.60746800000003
4,34.125377,-117.914984
4,36.083229,-86.725563
4,40.665803,-74.285701
4,36.176941,-96.000793
4,39.713982,-84.36640899999998
4,38.769264,-121.24955
4,33.422352000000004,-111.577431
4,33.385479,-111.925568
4,33.898216,-117.559486
4,40.74762,-73.277557
4,26.047852,-80.162415
4,42.886219,-83.73891400000002
4,41.003574,-73.852556
4,30.440557,-97.668533
4,33.934387,-118.100288
4,35.22271513922108,-118.56371283474653
4,33.881453,-117.578149
4,34.527190999999995,-82.055382
4,33.974787,-118.244049
4,39.202599,-119.765266
4,33.977468,-118.280506
4,33.500766999999996,-86.807434
4,45.7122,-94.92789
4,35.599461,-119.210342
4,30.267389,-97.740402
4,34.08242,-118.228462
4,33.480519,-112.187702
4,34.120529,-118.271027
4,40.904191,-73.878303
4,36.168393,-86.54549399999998
4,33.110619,-80.13217900000002
4,26.25618,-81.80136
4,32.884445,-96.897911
4,39.027939,-78.270042
4,34.064575,-118.000208
4,34.302079,-110.885543
4,29.666582,-98.632431
4,45.12801,-93.356033
4,35.653090999999996,-97.585037
4,41.493173,-95.585973
4,36.843601,-76.285522
4,27.418359999999996,-82.575462
4,32.818166999999995,-86.607621
4,39.311424,-94.556702
4,43.016048,-85.78714000000002
4,32.637291,-80.863647
4,32.496311,-93.739616
4,35.63927292806797,-80.4841983314491
4,34.07383,-118.233269
4,40.770493,-80.236351
4,33.825728999999995,-118.241768
4,36.815731,-121.637996
4,40.88449358920629,-73.89849543536234
4,29.54598,-98.382301
4,25.869294,-80.34271
4,38.313332,-122.03292
4,30.35911,-81.66873000000002
4,42.442719,-71.25737
4,25.910158,-80.210365
4,39.298092,-76.603996
4,43.048313,-83.732674
4,34.923412,-120.374097
4,34.69791,-82.50193
4,40.047847999999995,-74.999893
4,28.243984,-81.22378499999998
4,40.908813,-73.786774
4,39.662565,-74.96540300000002
4,40.791746,-73.509101
4,34.638808000000004,-86.850073
4,28.480334999999997,-81.33085600000003
4,40.275368,-111.718803
4,30.457761,-84.283174
4,37.17178300000001,-77.496162
4,29.951590000000003,-95.41762
4,44.269195,-121.21953899999998
4,42.972939,-85.685806
4,33.874271,-78.619987
4,33.913738,-118.180328
4,41.85231,-87.93508
4,27.832728999999997,-82.708153
4,40.648175,-73.924317
4,28.147209000000004,-82.75054899999998
4,41.742201,-83.693725
4,33.026653,-80.136848
4,40.274525,-77.001129
4,36.848709,-119.943192
4,25.626241,-80.342207
4,28.606104,-81.386398
4,33.034851,-80.4021
4,28.532309,-80.818871
4,38.611217,-90.212029
4,39.03845,-94.67954
4,33.693169,-117.337936
4,33.055565,-117.071381
4,39.624104,-104.894638
4,40.76709,-74.01909
4,32.833481,-117.16938799999998
4,36.863097,-76.824141
4,42.279633,-83.441249
4,35.866116,-78.716965
4,28.335725,-81.403842
4,47.223091,-122.434029
4,32.826640999999995,-80.080063
4,35.772247,-78.64782
4,34.267340000000004,-118.441205
4,33.774654,-117.488052
4,34.505001,-81.702342
4,33.685377,-117.765606
4,35.033382,-114.130501
4,39.953423,-76.727531
4,27.236111,-81.053848
4,47.562038,-122.376228
4,39.595839,-77.657274
4,39.185658,-84.78014399999998
4,41.42325200000001,-72.824341
4,29.867538,-95.563805
4,40.333832,-79.733276
4,33.897991,-80.213837
4,42.51657,-73.592854
4,32.373736,-81.743216
4,37.866753,-122.303642
4,34.891289,-82.40358
4,39.3762,-104.86221
4,36.8924,-121.428204
4,43.193756,-77.59063
4,36.961709,-81.094234
4,40.67467,-111.841731
4,34.008553000000006,-118.158844
4,34.442467,-79.372826
4,34.034954,-118.33371
4,34.776439,-118.290185
4,32.30611,-110.844673
4,38.05963397007913,-77.50503659211395
4,35.776691,-119.975561
4,40.7883,-73.047081
4,41.054779,-76.233597
4,36.78247332555397,-76.42863392793451
4,28.145668,-81.45571
4,43.537769,-91.948555
4,40.297089,-75.520958
4,40.553841,-74.317871
4,33.891232,-117.554779
4,25.785942,-80.255882
4,33.803191,-118.081873
4,34.087437,-117.651634
4,29.93893,-90.053148
4,37.48016,-122.406914
4,34.774677000000004,-82.462868
4,28.500213,-81.376181
4,35.106064,-106.647575
4,39.98605,-82.95033000000002
4,37.631274461566775,-81.11194252929154
4,30.250892,-97.59274
4,33.000038,-80.092331
4,40.129185,-76.216011
4,30.144306,-83.96887199999998
4,34.052544,-118.25927
4,26.04059,-80.24282099999998
4,39.47477,-118.690086
4,34.661739000000004,-82.392937
4,34.073952,-117.61718799999998
4,29.731701,-95.49791
4,33.857341999999996,-78.66055300000002
4,39.526173,-76.19117
4,37.673868,-121.460244
4,44.45775,-95.67548
4,25.683497,-80.31415799999998
4,41.19709,-75.954369
4,37.504581,-77.461076
4,35.609173,-97.425285
4,29.645228999999997,-82.447319
4,34.021455,-118.196585
4,42.434532,-96.374886
4,41.261951,-95.881851
4,32.7999,-96.783791
4,39.457188,-76.20973199999997
4,35.34589000000001,-119.047094
4,33.729771,-84.751266
4,44.50177,-92.317993
4,32.825611,-96.677032
4,40.854184,-73.966973
4,30.001603999999997,-90.037079
4,30.655943,-88.124095
4,34.574951,-80.033562
4,37.135234999999994,-121.63598600000002
4,25.947112,-80.273634
4,30.147609999999997,-97.799675
4,43.68298,-88.4421
4,41.960831,-87.743172
4,33.28202,-87.81183
4,37.083864,-121.1016
4,28.47253,-81.400803
4,28.406531,-81.457225
4,35.057845,-85.276533
4,39.0515,-76.84142
4,37.807639,-121.296954
4,34.03756499,-117.15134740000002
4,42.500609999999995,-89.033661
4,39.12806,-76.794614
4,34.017244,-118.160848
4,33.796833,-84.393349
4,36.145996,-95.929199
4,37.212521,-93.245628
4,45.579426,-122.96785
4,42.87884,-71.46984
4,33.932171000000004,-118.226067
4,42.183122,-73.925547
4,37.72161,-122.17944
4,45.464764,-94.130478
4,30.192242860650097,-85.79874873120403
4,34.233131,-82.167763
4,33.463055,-112.186516
4,33.159,-117.340248
4,32.408699,-80.733467
4,39.260518,-76.566902
4,35.190247,-89.80323
4,34.205242,-118.988022
4,35.014771,-85.289833
4,39.864899,-76.102188
4,32.955835,-117.121171
4,33.391375,-86.66632800000002
4,34.120468,-118.271271
4,32.221521,-110.87507
4,35.018021000000005,-81.89679699999998
4,35.606995,-97.531502
4,40.658531,-74.28733100000002
4,30.487127,-91.166367
4,33.914584000000005,-80.349399
4,34.072029,-117.295723
4,40.101002,-82.926064
4,37.621441,-122.077309
4,29.18635,-82.237167
4,38.988823,-94.357269
4,45.541002,-122.679193
4,33.918056,-84.33802800000002
4,41.426132,-81.760986
4,34.347342,-117.469004
4,35.361494,-118.940281
4,25.776809,-80.325851
4,43.180092,-83.55963100000002
4,36.792787,-119.709126
4,25.745154,-80.335601
4,33.903068,-84.241286
4,38.031517,-122.11676
4,39.792171,-86.13404799999998
4,37.515476,-77.189972
4,32.996311,-96.859818
4,41.094952,-96.2528
4,42.927582,-85.66667199999998
4,35.161198,-80.779167
4,29.788313,-95.628876
4,33.416027,-81.842522
4,34.563179,-79.678963
4,33.462182,-112.045089
4,34.054359000000005,-118.004349
4,36.603409,-120.388557
4,37.652517,-121.08589
4,30.259341,-81.51809300000002
4,40.231812,-76.932999
4,39.982432,-75.100336
4,41.573996,-87.458692
4,27.947914,-82.530632
4,34.155851,-118.297435
4,25.732485,-80.358023
4,38.938477,-109.407791
4,37.587761,-77.447914
4,29.762033,-95.213066
4,42.240845,-88.83206899999998
4,39.704265,-86.10319799999998
4,29.831949,-95.563789
4,35.594666,-97.431099
4,37.706104,-121.077543
4,44.298229,-120.866499
4,44.664884,-117.616249
4,33.153378000000004,-87.597252
4,39.729382,-84.206779
4,44.948566,-92.915207
4,33.803532000000004,-118.124527
4,34.06627,-118.216196
4,42.282608,-71.08545699999998
4,33.77455,-118.03915
4,39.78513,-86.13866
4,30.294268,-97.62603
4,33.643192,-117.916748
4,45.946649,-123.443787
4,37.787357,-122.247948
4,40.864407,-74.41744200000002
4,37.468945,-122.292809
4,28.027182,-82.18695100000002
4,42.477264,-71.217682
4,40.996703,-80.354985
4,36.17377000000001,-115.23059
4,33.050979999999996,-80.500237
4,29.733621999999997,-95.371315
4,38.68548989277512,-121.5312445157932
4,40.091389,-76.326561
4,28.491961,-82.461304
4,38.630858,-90.344127
4,44.953575,-93.400818
4,28.874823,-82.596214
4,35.12995,-81.105802
4,42.97912,-77.23822
4,35.15274,-80.826874
4,32.719669,-117.102867
4,39.540298,-76.258202
4,41.367367,-75.690567
4,32.513638,-93.769547
4,34.706459,-82.620583
4,43.096336,-77.798576
4,32.951684,-117.239224
4,32.769983,-117.130516
4,30.275089,-97.711632
4,39.760723,-86.224632
4,39.754936,-86.187668
4,37.224483,-93.225296
4,25.953697,-80.294535
4,36.634025,-119.547507
4,41.905888,-87.921165
4,40.609863,-76.031143
4,43.091503,-75.515045
4,41.24748,-82.42204
4,26.188438,-80.151825
4,33.983470000000004,-117.366546
4,35.28392,-80.767212
4,32.750645,-80.828445
4,37.228921,-77.395495
4,37.58736,-77.427513
4,25.925108,-80.293213
4,33.928459000000004,-78.90342700000002
4,37.695808,-121.696861
4,34.072896,-117.787482
4,40.905334,-73.878303
4,33.545035999999996,-86.591179
4,36.200268,-121.10862
4,41.604206,-72.704552
4,25.911505,-80.32634
4,32.899811,-96.717941
4,34.417389,-110.574913
4,43.091412,-75.747284
4,34.405209,-80.994736
4,38.936446999999994,-76.947411
4,29.5543,-98.411156
4,41.10876500000001,-78.537811
4,43.848832,-123.021806
4,28.28993,-81.585924
4,35.02874,-80.589127
4,38.232754,-85.830574
4,43.764968,-123.074447
4,34.392414,-118.472496
4,28.066837,-82.738761
4,30.13829,-97.678726
4,32.782475,-96.811234
4,38.989578,-120.882721
4,35.074059000000005,-81.003288
4,32.792919,-80.032627
4,34.023514,-118.044087
4,34.509609999999995,-118.112058
4,34.384997999999996,-117.414711
4,47.68549,-122.341789
4,34.816093,-81.56881
4,41.8926,-87.62025
4,39.84446,-86.010246
4,34.043037,-118.217239
4,38.745906,-90.337215
4,30.232235,-97.901848
4,44.07214000000001,-94.37421
4,34.07136,-117.80915
4,33.569009,-86.503575
4,33.921715,-118.046584
4,37.79692100000001,-122.406807
4,34.111276000000004,-117.82393700000002
4,33.75970959647293,-84.37898039777576
4,34.082126,-118.295648
4,33.866257,-117.998322
4,40.03783,-85.722092
4,45.6162,-121.99458
4,33.975441,-81.003281
4,39.167969,-123.005249
4,46.243492,-122.885485
4,27.579513,-82.514845
4,45.478336,-122.565964
4,32.288683,-90.240281
4,35.078476,-89.907028
4,26.574746,-81.878067
4,37.784538,-122.392532
4,45.57235,-122.67877
4,41.544875,-72.764666
4,45.220572,-93.394071
4,38.492313,-121.799828
4,40.93998,-80.589554
4,47.529732,-122.392708
4,43.873812,-93.277139
4,34.048522,-117.719857
4,33.071104,-80.034099
4,38.937763,-94.471611
4,45.999229,-95.730339
4,39.419041,-77.481993
4,26.07826,-80.131889
4,32.845323,-96.814017
4,39.956806,-76.735603
4,36.882085,-121.41541200000002
4,37.545799,-118.63945
4,32.960468,-96.76889
4,25.99415,-80.166313
4,42.96108,-123.325357
4,41.471418,-122.451866
4,33.58805,-84.38351999999998
4,43.265092,-70.619084
4,39.87521,-83.00515
4,36.949818,-121.851006
4,33.466324,-112.110077
4,46.840006,-95.924392
4,38.77063,-90.23793
4,37.777798,-122.400307
4,42.277233,-83.156525
4,38.989417,-76.705
4,25.802678,-80.205828
4,39.8611,-104.98749
4,40.699819,-111.90103700000002
4,34.934849,-81.884613
4,40.747307,-73.834969
4,30.230531,-97.62338
4,40.822523,-73.957761
4,41.10967,-73.40308
4,30.021576,-95.386719
4,38.313671,-123.060219
4,34.030473,-117.668651
4,33.806015,-84.493073
4,30.540608,-86.492711
4,40.855916,-74.01345699999997
4,39.566909,-119.480876
4,43.703793,-89.869919
4,42.379036,-83.216965
4,37.709038,-121.080902
4,25.782686,-80.384785
4,28.410235,-81.836703
4,38.481689,-121.39753
4,34.002178,-117.351494
4,34.356137,-119.435493
4,37.763112,-121.435181
4,37.760718,-122.406281
4,40.499988,-74.383024
4,40.208248,-74.066958
4,44.956287,-93.192513
4,25.796815,-80.329708
4,34.040199,-117.154358
4,39.405296,-76.598373
4,33.64997506125617,-117.75428652707215
4,39.05077,-78.244484
4,35.36845800000001,-118.907025
4,33.989822,-117.350021
4,44.079291999999995,-93.567131
4,41.577724,-87.558289
4,39.948391,-82.943558
4,29.944201,-95.399849
4,33.874323,-117.744797
4,35.216681,-80.85558
4,41.091965,-114.716078
4,34.12281,-117.302612
4,33.744628999999996,-84.399231
4,33.936446999999994,-87.546539
4,40.14677800000001,-76.280869
4,28.074677,-82.451202
4,33.803074,-118.081909
4,44.636921,-123.944223
4,30.595865000000003,-84.72444200000002
4,32.760193,-97.028221
4,43.952824,-92.46814
4,39.759054,-75.552097
4,30.137158000000003,-97.79706
4,40.047543,-75.000198
4,29.862082,-95.299538
4,33.287251,-111.858887
4,40.185913,-89.316734
4,33.386005,-111.805683
4,35.270148999999996,-80.847321
4,33.98175,-84.34219
4,33.509571,-112.186348
4,33.610213,-80.864304
4,29.930033,-82.115768
4,38.740456,-77.189842
4,41.050383,-78.82253399999998
4,44.547859,-88.069298
4,40.683819,-73.521828
4,34.034264,-118.221405
4,42.473167,-71.237747
4,29.688011,-95.530647
4,42.279112,-83.151909
4,33.954726,-117.305097
4,34.186202,-119.11418700000002
4,32.83849,-97.060013
4,40.619027,-77.695548
4,29.952007,-95.290779
4,29.674749,-95.429833
4,38.235577,-85.657539
4,34.44057100000001,-81.924347
4,38.44816,-121.8559
4,43.024414,-83.322487
4,25.847885,-80.207237
4,41.022926,-78.36350999999998
4,33.77282,-84.441994
4,44.431,-88.11142
4,37.741284,-121.495578
4,41.112724,-114.802666
4,35.295513,-80.780006
4,35.057709,-82.255859
4,41.410389,-81.56308
4,40.122541,-111.659047
4,42.858418,-73.774773
4,32.977779,-80.173012
4,44.951534,-93.126465
4,38.115878,-121.22906299999998
4,33.247378999999995,-84.281563
4,34.091927,-117.991707
4,34.136070000000004,-80.88054699999998
4,33.461876000000004,-112.119705
4,28.552813,-81.413849
4,42.790501,-86.093781
4,43.168921999999995,-71.535492
4,33.929885999999996,-118.344032
4,39.961079,-121.281227
4,40.989498,-73.677086
4,25.827115,-80.232738
4,36.794659,-76.103996
4,33.332901,-81.963074
4,36.808426,-119.785347
4,41.662609,-87.737953
4,37.361931,-120.650993
4,40.031956,-111.756744
4,41.815628,-76.429715
4,37.54417,-77.37003299999998
4,40.02764000000001,-75.147176
4,32.817478,-96.815643
4,32.924389,-80.441643
4,42.997361,-82.440635
4,41.229069,-77.006668
4,33.92527800000001,-117.880287
4,40.83525,-111.91543
4,44.997478,-122.980109
4,43.52883,-94.086391
4,32.9091,-96.888351
4,33.870509999999996,-118.285759
4,45.571697,-122.54981200000002
4,45.06744000000001,-93.247071
4,30.422909000000004,-91.139572
4,43.023574,-85.633279
4,39.143055,-94.670677
4,40.596298,-75.568901
4,28.46401,-82.18343399999998
4,38.768809999999995,-111.340729
4,34.110347999999995,-118.334511
4,39.014816,-77.03264300000002
4,36.187222,-120.821228
4,40.23135,-75.632919
4,47.57700300000001,-122.31945
4,33.590008000000005,-112.246422
4,44.877331,-117.073242
4,33.600143,-112.281273
4,35.200119,-80.76531999999997
4,25.56651,-80.36314
4,33.912521000000005,-79.407478
4,40.429402,-79.999128
4,42.976799,-83.50657700000002
4,44.863638,-93.607242
4,42.086105,-73.973732
4,40.485516,-75.838966
4,32.337221,-111.01588999999998
4,44.185913,-93.25592
4,35.162225961517514,-89.89744305567791
4,33.825835999999995,-84.366974
4,25.810399,-80.15480500000002
4,35.166061,-81.51299300000002
4,39.654381,-105.003311
4,40.029751,-75.146773
4,36.82350039464558,-76.43296837770255
4,40.706547,-74.151543
4,48.76846,-122.46232
4,33.988129,-118.399269
4,35.22364,-80.853951
4,41.85494600000001,-87.644829
4,36.735789,-119.700143
4,25.788174,-80.318062
4,34.033669,-84.576927
4,30.27866,-97.72974
4,30.257984000000004,-97.727112
4,34.020298,-118.192253
4,29.828625,-95.384262
4,25.939774,-80.27740899999998
4,33.611336,-117.259438
4,33.876349,-118.189434
4,28.451365000000006,-81.308133
4,42.622322,-71.365532
4,44.961466,-111.628216
4,34.238479999999996,-84.288673
4,43.172353,-76.114407
4,30.656104,-81.663002
4,32.426048,-93.724289
4,44.778252,-92.863449
4,33.500023,-82.0821
4,34.754608000000005,-81.606888
4,36.158913,-86.681206
4,42.48351931551703,-96.39109253837398
4,40.26203,-74.84652
4,37.666119,-121.031685
4,29.967286,-90.070594
4,40.840469,-73.825439
4,28.358789,-81.678741
4,41.119251,-78.730721
4,38.94512772541549,-76.77096962892162
4,29.897961,-95.431552
4,41.21909,-95.82972
4,33.39289,-117.59103600000002
4,34.030471999999996,-117.59333
4,47.825771,-122.269737
4,43.146043,-77.606082
4,29.781360999999997,-95.368866
4,42.983952,-83.735817
4,30.3202,-97.667198
4,45.664826,-94.758402
4,42.156528,-71.068985
4,27.388213,-82.47227
4,42.491943,-73.682137
4,30.505678000000003,-87.16436
4,34.892639,-82.447891
4,36.964606,-76.413227
4,35.60916500000001,-97.551056
4,31.744038,-106.287091
4,38.695425,-122.024764
4,32.30682,-95.278844
4,39.796928,-84.25827
4,34.749557,-79.483554
4,40.539583,-74.339063
4,35.461658,-97.547882
4,40.897024,-74.636639
4,42.518295,-121.883553
4,34.450959000000005,-118.61418
4,40.039683,-76.45071300000002
4,33.878225,-98.547694
4,41.771278,-72.601632
4,37.668597,-120.975694
4,45.478291,-122.932663
4,32.720573,-96.918938
4,30.387503,-97.649666
4,37.96354,-122.332647
4,41.47794,-81.69998199999998
4,38.56369,-121.636627
4,33.764755,-80.964157
4,30.377667,-81.553917
4,31.876736,-89.761726
4,40.803459,-73.069328
4,29.43905800000001,-98.450462
4,41.765698,-72.688815
4,35.220554,-112.472298
4,41.47280900000001,-81.597038
4,32.762329,-96.82164
4,40.764629,-111.986969
4,42.988361,-83.698112
4,28.555519,-81.320801
4,37.302414,-76.684921
4,42.95937,-85.614182
4,26.111271,-80.30143699999998
4,40.46188400000001,-77.494264
4,37.962875,-122.330552
4,33.029228,-80.268204
4,40.078732,-77.075142
4,33.949703,-118.170532
4,42.98510200000001,-85.683927
4,36.253777742212975,-119.15422797146246
4,43.175746999999994,-77.578903
4,36.405740976160025,-87.03110575634464
4,41.756371,-87.915939
4,28.191422,-82.463849
4,32.861588,-96.880714
4,43.79740200000001,-117.871552
4,33.02042,-96.942596
4,35.026051,-82.429001
4,40.56792100000001,-75.518684
4,40.088291,-75.367058
4,34.886695,-118.904174
4,37.690868,-122.470581
4,36.162544,-95.851189
4,37.47757,-77.583267
4,37.797726,-122.273109
4,35.271667,-120.672394
4,37.630043,-77.535477
4,37.325176,-121.886246
4,36.454601,-119.491806
4,44.878429,-120.047173
4,32.838531,-97.122543
4,38.390888,-122.723221
4,43.048023,-77.647903
4,34.017348999999996,-86.53427099999998
4,40.054745,-88.562935
4,36.327319,-119.353662
4,33.74449610694053,-84.39960122068214
4,30.22543,-85.594788
4,36.075661,-86.647797
4,34.070484,-117.396103
4,39.987461,-75.617241
4,41.043755,-73.835228
4,32.174347,-111.06081100000002
4,34.413895000000004,-86.527847
4,32.666302,-96.758686
4,39.883744,-75.002932
4,33.883594,-117.641075
4,43.032818,-87.96573599999998
4,29.702215,-95.376572
4,41.223831,-96.081757
4,45.33357,-122.76914
4,40.124531,-76.469444
4,33.121798999999996,-80.275726
4,40.428582,-74.229093
4,39.760029,-77.031891
4,28.148914575442557,-82.40787863692087
4,34.50333,-118.630791
4,25.890733,-80.163416
4,35.06255,-106.63868
4,42.858502,-74.026732
4,37.767582,-121.33151200000002
4,32.852978,-97.01559
4,34.964172,-81.899055
4,38.234318,-121.208282
4,40.841175,-75.04833199999999
4,34.134038686589555,-117.37043023053468
4,40.667459,-73.93125
4,43.231151,-73.691959
4,35.49971400000001,-119.163605
4,32.42905497535501,-85.89470744092037
4,39.255425,-76.57047
4,40.84454,-73.90265699999998
4,39.783283,-104.900757
4,39.725372,-76.864914
4,38.22667,-85.5054
4,29.72594,-95.48294
4,34.172534999999996,-81.30825
4,37.836887,-104.828585
4,30.467051,-84.28536
4,34.537724,-81.00054200000002
4,35.8634,-78.598389
4,39.113528,-123.157991
4,28.5979,-81.400421
4,35.806506,-78.423686
4,45.05737,-93.18735
4,39.368385,-121.107384
4,32.837746,-96.875885
4,44.40662800000001,-93.095566
4,43.337292,-75.20201899999998
4,38.5049,-90.58907
4,34.11034,-118.26266
4,30.24822,-92.005928
4,35.227957,-80.86115699999998
4,40.066391,-75.31333199999997
4,36.207714,-82.87987199999998
4,28.191068,-82.4623
4,35.383664,-119.278872
4,42.01181,-88.141441
4,38.17291,-85.82481
4,32.518311,-93.746094
4,29.74172,-95.36463
4,32.757678999999996,-96.809601
4,32.075713,-110.938529
4,42.580511,-123.378481
4,33.485432,-80.84423100000002
4,33.945609999999995,-112.70297
4,34.522937,-120.280218
4,37.6639,-121.02819
4,32.923435,-96.779854
4,29.416332,-98.503296
4,34.067879,-117.545074
4,39.267228,-76.623297
4,41.438858,-81.80032299999998
4,29.769917,-95.351404
4,34.509781,-81.993721
4,43.015999,-85.778091
4,38.249817,-122.069534
4,34.058334,-111.362849
4,40.036372,-76.455197
4,41.680904,-87.662285
4,33.967599,-118.161907
4,39.799191,-85.15519
4,39.783639,-105.043957
4,34.368561,-117.427765
4,30.397791,-97.672913
4,42.066631,-88.21978
4,41.951359,-73.65271
4,37.698816,-121.97932
4,32.713153999999996,-96.829506
4,38.076401,-121.352051
4,38.495441,-122.96242
4,40.909277,-73.786464
4,41.780630349913686,-107.21743226000204
4,40.587845,-111.900467
4,36.046371,-95.922081
4,46.451767,-111.63465
4,35.0961,-81.289497
4,34.068943,-117.370224
4,34.90395,-86.7528
4,47.626236,-122.628922
4,40.050314,-75.557591
4,30.191529,-97.769537
4,42.922783,-83.63913000000002
4,34.066116,-78.881302
4,34.067448,-117.981911
4,33.929039,-78.765938
4,34.244479999999996,-79.770531
4,36.082932,-86.763885
4,33.73382,-117.833969
4,35.037878751587684,-90.00295042948721
4,40.72855,-74.126152
4,33.904365999999996,-117.460419
4,41.904224,-87.721474
4,34.042956,-80.93793199999998
4,43.274957,-70.61806700000002
4,35.367119,-97.335716
4,33.451275,-111.890327
4,37.500187,-79.748566
4,32.723209000000004,-80.05547299999998
4,40.445382,-80.175079
4,29.922742,-81.418224
4,41.36161,-86.332453
4,38.210352,-122.147471
4,38.879922,-77.394839
4,38.698161,-121.43372
4,32.588799,-80.932159
4,46.281999,-95.494848
4,33.731831,-78.906487
4,29.725718,-95.476395
4,38.62948,-90.32899
4,25.688551,-80.477982
4,28.122993,-82.74006700000002
4,25.769715,-80.334621
4,41.683784,-93.075066
4,33.868759999999995,-118.19536
4,47.674999,-117.411163
4,39.750801,-84.253036
4,33.383072,-80.241539
4,30.273767,-97.719925
4,43.180424,-77.613632
4,37.145844,-121.985268
4,33.900814000000004,-117.559753
4,33.971848,-118.377823
4,43.149586,-77.71689599999998
4,40.680779,-73.693748
4,34.223597999999996,-117.403069
4,39.943047,-82.849525
4,25.789072,-80.204353
4,37.31715,-120.529671
4,39.63494896869833,-78.83249402008613
4,34.709697999999996,-82.499489
4,33.617451,-84.485428
4,45.869132,-119.339772
4,34.028219,-118.274323
4,37.66578300000001,-122.396469
4,28.324503000000004,-82.33686800000002
4,29.983444,-95.295906
4,38.454048,-121.408752
4,43.061066,-76.564499
4,33.763138,-84.38319399999997
4,39.281009999999995,-76.550484
4,30.422909000000004,-91.139572
4,30.20368,-97.788353
4,47.595905,-122.311577
4,37.941065,-79.21907900000002
4,42.477084999999995,-83.095215
4,29.938145,-90.103124
4,43.004096,-83.637001
4,33.612469,-117.426643
4,41.50383,-81.63353000000002
4,25.78253,-80.173218
4,34.036196999999994,-117.322163
4,40.697231,-73.813316
4,32.659115,-96.88887
4,39.3238341806444,-78.07036042176212
4,33.80381,-84.384284
4,39.506756,-74.677048
4,44.07036,-92.503163
4,35.157244,-81.479885
4,39.986721,-75.20787800000002
4,33.975159000000005,-84.341248
4,32.647751,-96.813309
4,45.562672,-122.577621
4,29.727463,-95.556992
4,33.689223,-86.53023
4,34.674746999999996,-82.536873
4,31.531969,-81.444885
4,39.185261,-77.255089
4,37.720703,-122.178223
4,41.615395,-72.697571
4,40.537952,-76.42899799999998
4,42.277287,-84.35869699999998
4,28.468769,-81.458549
4,29.92057,-90.015141
4,44.147947,-117.108529
4,35.201767,-80.786469
4,27.44775,-82.573809
4,41.710571,-72.646375
4,43.925446,-91.43924
4,33.823532,-118.206848
4,40.21197100000001,-75.234406
4,25.812,-80.237503
4,26.839714,-80.101776
4,39.9244558809284,-75.19260764086155
4,29.72772,-95.539154
4,45.558208,-122.547462
4,40.9605,-73.73998
4,37.015732,-76.386978
4,28.4116852282123,-80.82507491073214
4,35.493259,-97.547699
4,33.378341999999996,-82.02879300000002
4,39.030243,-94.272087
4,40.780019,-73.943894
4,32.427771,-80.723709
4,33.825371000000004,-118.218452
4,32.830467,-96.917053
4,34.01878,-81.222351
4,43.045593,-88.036575
4,34.320801,-81.61255600000001
4,40.81817,-73.28662
4,40.234862,-76.03128000000002
4,32.654284999999994,-96.878067
4,32.314059,-96.600319
4,33.713703,-84.272316
4,37.54118,-77.40538000000002
4,33.884553000000004,-117.637193
4,35.066539,-118.178221
4,43.048939,-71.471848
4,33.829678,-117.928952
4,33.931588,-118.394139
4,36.664909,-121.625809
4,30.32877803,-81.52965903
4,30.438737,-87.260612
4,40.77646,-80.239205
4,34.117592,-117.824043
4,37.891732,-104.8291
4,41.846176,-87.637642
4,34.795978999999996,-82.46775799999998
4,28.332744,-81.51784
4,34.727579,-92.264889
4,35.22689099999999,-80.856728
4,37.592789,-121.335754
4,35.92868,-84.04234699999998
4,27.420135,-80.40750899999998
4,30.291699,-81.77135799999998
4,30.24822,-92.005928
4,41.041051,-74.114324
4,39.158234,-84.529938
4,36.311581,-86.882729
4,38.216629,-122.138161
4,32.595336,-117.088731
4,33.916428,-118.285736
4,38.80983,-77.490585
4,41.414867,-73.277633
4,40.863222,-75.295204
4,36.130689,-95.843552
4,33.912987,-118.180145
4,37.152908,-121.652382
4,29.71995,-95.644203
4,26.934493,-80.150319
4,36.174301,-86.78739200000004
4,43.09334000000001,-75.26437800000002
4,38.749371,-121.593971
4,42.455818,-83.02268199999997
4,30.47781,-97.765388
4,38.54935800000001,-77.344093
4,45.710324,-121.496697
4,38.932732,-94.639465
4,32.885628000000004,-96.699989
4,42.407642,-79.441231
4,28.624041,-81.753563
4,35.815483,-78.738167
4,39.225651,-84.54863
4,42.082694,-121.679351
4,42.40768,-82.95081
4,38.92159,-76.96905
4,32.714721999999995,-96.772583
4,29.686515999999997,-95.562698
4,38.770077,-77.5373
4,32.136406,-110.901083
4,33.915659999999995,-118.18886
4,33.869521999999996,-117.750359
4,38.966621,-76.955445
4,40.727695,-73.929199
4,33.354496999999995,-86.846209
4,37.970524,-122.521723
4,33.67994,-117.879384
4,42.47937,-83.08801
4,43.770046,-91.570671
4,35.124334999999995,-118.409073
4,42.780786,-73.923613
4,26.951107,-80.609535
4,28.543579,-81.377472
4,33.827007,-117.525841
4,39.46654,-104.87333999999998
4,40.101337,-75.13649699999998
4,35.802546,-78.78297099999997
4,34.858589,-81.08123
4,25.847345,-80.23975300000002
4,42.066661119260466,-88.2174360747899
4,36.095543,-86.820175
4,42.984619,-85.567291
4,33.793449,-84.391243
4,43.117729,-83.853081
4,39.289372,-94.681205
4,30.253890752648097,-82.40704178770827
4,41.559227,-93.776733
4,39.097815,-94.661628
4,43.179642,-83.620262
4,33.849152000000004,-117.85099
4,34.003414,-118.372559
4,33.505114,-112.112571
4,38.08600300000001,-121.259937
4,35.597115,-117.670456
4,40.065033,-75.321533
4,37.534851,-77.56774899999998
4,39.204311,-84.56559
4,37.87608,-122.184151
4,29.938,-90.04115
4,43.702549,-88.442095
4,39.330164,-77.67654
4,40.645035,-121.217567
4,32.32983,-111.240669
4,38.27010300000001,-118.096283
4,33.079842,-112.117447
4,32.795738,-96.815933
4,33.462719,-112.251228
4,41.93192,-87.71722
4,33.987621000000004,-117.905817
4,33.38735,-117.58669
4,39.879818,-86.292198
4,36.821861,-120.436813
4,34.447479,-82.719627
4,38.91724,-76.97355999999998
4,32.908962,-80.036702
4,28.552813,-81.413849
4,40.8922,-88.63574200000002
4,33.668461,-112.113441
4,34.122634999999995,-118.478424
4,39.742668,-85.688148
4,33.254719,-81.377487
4,40.75091958026528,-111.7188227171339
4,43.660011,-94.105652
4,34.888083,-82.372632
4,35.883482,-84.512232
4,29.77368,-95.23679
4,28.508842,-81.4188
4,28.03418,-82.456161
4,33.863395000000004,-117.716482
4,43.15435,-77.64394399999998
4,33.655885999999995,-112.373384
4,34.003189,-118.411551
4,44.18004870393667,-92.57194876626696
4,29.784221,-95.535905
4,32.742866,-96.753416
4,34.51755900000001,-82.680252
4,45.40559,-94.824982
4,37.650639,-77.607628
4,36.254211,-119.206917
4,33.889068,-98.503707
4,33.930954,-118.178917
4,36.017794,-119.008697
4,30.513769,-98.041382
4,40.152145,-75.34899899999998
4,43.142818,-88.043098
4,34.231274,-118.402611
4,35.275776,-80.806999
4,38.527024,-121.762493
4,28.346579,-81.673477
4,43.69969725587987,-119.01829361858836
4,40.718712,-112.0569
4,34.209358,-82.176086
4,45.563675,-122.92526200000002
4,35.0954926012273,-92.42644429162776
4,41.50155186633347,-93.63247275307828
4,41.632706,-73.782188
4,33.66868,-84.33821999999998
4,39.152632,-94.586596
4,40.066284,-75.313286
4,36.17701,-95.869593
4,30.350788,-97.675995
4,45.526421,-122.687317
4,33.708506,-117.852495
4,43.146159999999995,-77.60218
4,37.227802,-77.39537800000002
4,34.502452000000005,-82.69619200000002
4,30.25172,-97.707656
4,42.955872,-83.725243
4,41.251595,-75.819839
4,40.64755797366787,-74.20274376833818
4,33.5235464571308,-111.73914313263064
4,40.83853126,-73.88280988
4,30.248032,-97.735329
4,32.908188,-96.730438
4,34.673747999999996,-86.7519
4,35.192912,-89.796798
4,35.055927000000004,-118.967133
4,29.716909,-95.498962
4,34.067840999999994,-117.517179
4,39.721469,-76.15433399999998
4,29.677940000000003,-95.423089
4,27.447746,-82.575409
4,40.789332,-78.776333
4,43.086079,-85.55304699999998
4,35.077728,-90.00591999999996
4,37.632442,-122.402687
4,39.335338,-77.186695
4,47.625743,-122.33858899999998
4,41.567657,-81.575417
4,34.977822,-81.065516
4,41.544717,-73.072776
4,28.994711,-80.97577199999998
4,37.958683,-122.052554
4,33.787006,-117.830849
4,38.950214,-76.886328
4,32.375628999999996,-93.703079
4,45.509978,-118.428976
4,41.766251,-87.576302
4,33.806633000000005,-117.970068
4,47.009067,-122.688489
4,37.145508,-121.98497
4,41.71182,-87.59567
4,47.97673,-122.18967
4,30.28507,-97.742867
4,37.115479,-93.024124
4,40.834113,-111.935335
4,35.318582,-112.953037
4,38.771304,-85.83389100000002
4,32.909264,-96.768837
4,32.35133,-111.008224
4,37.66047800000001,-122.103885
4,36.069592,-80.16368100000003
4,29.623367,-82.30584499999998
4,29.949,-95.416755
4,33.278557,-87.096611
4,36.838898,-121.456581
4,32.71497,-96.814583
4,37.742695,-122.387901
4,42.101288,-88.017883
4,39.959938,-75.179314
4,34.763031,-82.451813
4,39.441544,-76.82328000000003
4,29.395841,-98.493944
4,36.93722605687648,-76.26506209337107
4,33.968756,-80.92534
4,38.574766,-121.380826
4,39.806381,-84.183273
4,37.523769,-77.441841
4,35.29210300000001,-89.60996999999998
4,33.47194076,-112.11242079999998
4,27.894993,-82.34781600000002
4,42.223186,-71.17083000000002
4,39.82481,-86.158012
4,37.068572,-79.87440500000002
4,39.696999,-76.45525400000002
4,25.78583900000001,-80.262939
4,26.443609,-80.08918405
4,43.4836,-89.4917
4,45.26639,-93.71993
4,26.1245,-80.170631
4,26.549589,-81.642868
4,43.177261,-77.598938
4,32.834362,-117.233032
4,43.153831,-77.557861
4,32.712151,-97.320618
4,34.131648999999996,-117.306038
4,33.807839,-118.207093
4,27.33882,-82.542688
4,33.464271999999994,-112.29995
4,33.197121,-117.125427
4,28.230314,-80.718338
4,38.9588,-78.18977
4,32.913006,-96.873245
4,40.745991,-73.969894
4,37.26553,-109.62571
4,34.139359000000006,-118.471069
4,25.926108,-80.148338
4,35.895359,-84.70101899999997
4,36.940613,-81.151901
4,34.08099,-118.221252
4,33.949875,-118.170349
4,38.564781,-90.242157
4,44.453972,-89.518204
4,41.977661,-88.222755
4,37.535556,-122.075
4,39.251059999999995,-94.65818
4,30.317211,-82.80725100000002
4,43.63858,-95.009964
4,35.19097700000001,-90.016194
4,33.461712,-86.943123
4,32.668136,-96.864405
4,25.791467,-80.205291
4,35.036565,-82.361388
4,40.039654,-78.770586
4,35.098042,-80.784103
4,34.09595,-118.24477
4,37.413952,-77.435687
4,38.500136,-121.441906
4,33.566826,-84.322906
4,47.669016,-115.411154
4,40.054428,-75.147896
4,41.293076,-81.677811
4,42.423389,-123.319946
4,43.31004,-77.943207
4,34.400288,-118.572975
4,37.774044,-122.405899
4,33.298885,-117.464485
4,40.40521502475546,-75.33770441973049
4,37.70227,-121.74506
4,41.226006,-95.952667
4,34.908660650086844,-91.19745612100984
4,34.156799,-82.476097
4,34.033607,-118.220032
4,37.824001,-122.316925
4,41.8111,-72.663122
4,29.688267,-95.530277
4,33.378437,-111.893066
4,33.134409000000005,-96.706893
4,34.08252,-117.849731
4,41.882228999999995,-87.676659
4,41.934109,-71.319435
4,41.765587,-87.625511
4,34.040585,-118.169937
4,37.478649,-77.45219399999998
4,29.856249,-95.248178
4,34.599385,-80.572435
4,33.644169,-81.094513
4,34.172009,-118.471597
4,42.98082,-85.636742
4,32.705082,-96.832039
4,35.047288,-120.568089
4,34.066727,-117.243668
4,25.898293,-80.231461
4,39.593033,-77.11900899999998
4,28.450459,-81.426971
4,34.784665999999994,-82.450053
4,46.102055,-123.191231
4,34.470413,-117.346008
4,35.435249,-97.618729
4,40.001039,-75.079262
4,36.73547,-119.880722
4,37.740719,-88.957939
4,36.541164,-121.154134
4,39.93971228580504,-75.14370560610227
4,40.690832,-73.57500999999998
4,30.496990000000004,-87.160057
4,25.571624,-80.376307
4,33.785351,-81.24247700000002
4,34.2295,-79.755112
4,38.017394,-121.893218
4,35.020687,-89.919662
4,34.27797675116406,-118.47017884197965
4,44.90617,-94.01745
4,35.112488,-118.329632
4,43.2267,-123.360672
4,45.009773,-93.056463
4,38.346721,-81.615372
4,37.348911,-77.597847
4,33.66917,-112.05912
4,29.595505,-95.467041
4,33.998523,-118.147424
4,32.815723,-96.789764
4,42.984489,-85.64746099999998
4,34.141727,-82.226555
4,26.04542,-80.162808
4,28.578244,-81.45418199999997
4,32.956894,-80.69567099999998
4,39.753231,-84.218132
4,45.330463,-118.07003
4,40.034014,-78.149437
4,28.569944,-81.236441
4,36.172081,-86.511383
4,47.593548,-122.32066299999998
4,41.802818,-78.697861
4,34.05542,-79.905449
4,30.343281,-97.542511
4,35.656712,-82.991936
4,30.480055,-91.115273
4,33.386348999999996,-111.888153
4,33.465866,-112.199493
4,31.843241,-81.47485
4,38.090359,-122.229424
4,41.835558,-88.003858
4,34.427422,-82.66471899999998
4,38.437715,-122.862288
4,33.601089,-112.282303
4,40.574644803807374,-74.33039545977434
4,44.948494,-92.862663
4,36.109218,-119.107535
4,35.033218,-81.970062
4,26.328737,-98.400597
4,42.523827,-71.581688
4,35.377262,-97.574974
4,36.41573,-119.636772
4,34.009723,-117.427302
4,28.036556,-82.504807
4,34.036752,-118.317757
4,42.973949,-87.957054
4,40.971348,-78.119016
4,32.799492,-96.744492
4,38.069717,-122.22691299999998
4,33.98934000000001,-118.252084
4,34.030277000000005,-117.660498
4,34.0655,-118.25203700000002
4,47.24294,-122.11218
4,36.228264,-119.33696100000002
4,28.034534000000004,-82.346901
4,44.19831,-93.94954
4,30.00531,-90.0238
4,33.968761,-117.000908
4,35.24188200000001,-80.938637
4,42.310963,-83.214813
4,33.657851,-117.777761
4,25.913048,-80.210052
4,35.78208499999999,-78.625641
4,38.236107,-77.498299
4,41.119991540712725,-73.37834000552473
4,35.47143900000001,-97.476723
4,38.55368,-121.691872
4,35.27148843,-80.84470868
4,39.013489,-77.042068
4,38.159672,-121.685478
4,26.138515,-81.766548
4,29.596715000000003,-95.420401
4,32.798357,-96.814765
4,40.084179,-76.33455699999998
4,37.74135,-121.580823
4,39.2644,-78.09229
4,34.0686,-118.151176
4,36.034572999999995,-86.97647099999998
4,34.395264000000005,-79.991561
4,32.988116999999995,-80.15936500000002
4,28.378065000000007,-81.611427
4,34.913998,-81.351692
4,35.52846550924526,-79.41277384720128
4,25.783039,-80.175201
4,38.879519,-76.998621
4,33.446964,-79.305885
4,30.19092,-97.770226
4,36.36742,-86.73665600000002
4,37.910554,-76.903093
4,36.857059,-121.629044
4,26.544918,-81.83925
4,41.670315,-81.247528
4,39.959729,-75.177611
4,38.868813,-77.30941800000002
4,34.44416,-119.954422
4,41.544717,-73.072776
4,33.92503,-118.326576
4,27.52643,-81.356461
4,39.077927,-84.520515
4,34.277569055393805,-119.29679274502136
4,40.732971,-73.182144
4,44.490889,-122.838365
4,33.803424,-117.505371
4,34.81931090338316,-92.34587073282076
4,29.40086,-98.63491
4,34.268809999999995,-79.70369699999998
4,39.782581,-104.9011
4,32.642281,-96.823318
4,34.161190000000005,-79.640549
4,43.09858300000001,-83.69474
4,33.62966,-84.40066
4,39.66005444507761,-80.01090645751948
4,25.890177,-80.188547
4,40.22592,-79.60914
4,37.444911,-77.47349100000002
4,35.876057,-78.702766
4,40.077619,-76.421099
4,33.724492,-117.977374
4,40.18639,-76.04969799999998
4,25.621136,-80.378648
4,38.564248,-77.338311
4,43.664935,-93.021787
4,41.8332,-87.918637
4,32.6805,-81.24305
4,40.75629,-73.85345500000003
4,33.85917,-118.20152
4,34.47723,-82.635246
4,33.655348,-117.371013
4,43.07589,-83.674217
4,43.016731,-83.683228
4,35.298275,-80.695374
4,37.509201,-77.484779
4,28.594838,-81.48896500000002
4,38.11405,-78.95875
4,38.481621,-121.37188
4,40.591656,-111.420815
4,33.846798,-118.233848
4,29.992816,-90.080814
4,44.912102,-93.064423
4,45.154699086927614,-93.031615018401
4,44.730845,-93.588248
4,45.070786,-123.712665
4,28.051785,-82.015152
4,45.544134378216064,-122.23846793116456
4,32.97744,-96.715275
4,35.555031,-97.670929
4,35.252393,-118.918771
4,41.416678999999995,-81.92182199999998
4,34.322969,-117.482229
4,26.374269,-80.16906
4,37.56683,-77.383553
4,43.75205397585032,-123.13136458338198
4,41.947723,-88.222984
4,37.594559,-77.447762
4,29.772834999999997,-95.291451
4,40.878013372226334,-73.90401005709694
4,35.531681,-87.493088
4,45.513836,-120.683451
4,39.763309,-84.168358
4,43.010281,-83.679237
4,32.841159999999995,-117.097336
4,36.97897,-77.392494
4,26.254513,-80.136769
4,40.600681,-95.6754
4,38.939285,-94.537506
4,34.601028,-79.729881
4,35.104286,-89.87003299999998
4,42.96418,-83.692734
4,33.117737,-111.842094
4,34.904270000000004,-82.33255799999998
4,41.739605,-87.625252
4,30.47311,-91.110384
4,42.951411,-71.401071
4,27.791781,-82.338335
4,30.18697,-92.015495
4,38.496168,-121.451968
4,38.956444,-84.634682
4,30.490173,-91.088863
4,25.580702,-80.41434699999998
4,39.067182,-104.856601
4,45.03933,-93.28487
4,40.493565,-83.07466099999998
4,44.551239,-117.42289
4,33.921671999999994,-117.288457
4,42.413471,-123.404449
4,34.638021,-117.34569
4,34.951190999999994,-81.998322
4,40.78949,-73.82238000000002
4,34.065472,-117.829834
4,39.536204999999995,-104.868324
4,34.011101000000004,-84.042763
4,34.723,-82.34030899999998
4,34.068868,-117.341815
4,25.48715472209221,-80.42555451354777
4,30.174612,-97.639297
4,39.014219,-77.057916
4,34.166946,-118.299896
4,36.860561,-121.622635
4,38.967457,-94.519547
4,42.81929,-73.76753199999997
4,38.085918,-122.111961
4,40.727561,-73.92936999999998
4,28.552927,-82.343651
4,35.582481,-97.584999
4,40.07257,-75.135927
4,41.843384,-83.420265
4,40.5416429040883,-74.30462479555938
4,41.88783,-87.6206
4,40.32933,-111.73707
4,32.40416,-80.75282299999998
4,32.593631,-117.088464
4,28.567009,-81.294312
4,36.190018,-86.688316
4,39.593033,-77.11900899999998
4,33.072598,-97.019997
4,40.452517,-78.570838
4,39.848934,-104.985458
4,36.90205,-121.556503
4,29.674241,-95.572068
4,41.578484,-87.63542199999998
4,40.687276,-73.999933
4,32.76651978477113,-96.90959572745842
4,35.19022822,-111.72523856
4,32.90844,-80.667374
4,41.954018,-87.693184
4,40.86003184,-73.91525388
4,35.272385,-80.793777
4,41.744354,-87.849586
4,40.827492,-83.982437
4,39.106544,-94.59166
4,37.476364,-77.444016
4,35.373144,-119.002834
4,42.91711,-83.50170899999998
4,40.171615,-75.241578
4,40.710235,-74.00198499999998
4,35.140082,-85.285436
4,32.78833,-96.763786
4,32.780205,-96.783012
4,41.272682,-81.630157
4,27.491194,-82.471221
4,35.200752,-120.60896
4,34.22139,-118.469933
4,37.32328,-77.39164
4,32.18875,-83.748511
4,35.09465575201466,-89.8701918120867
4,33.857887,-118.28633899999998
4,34.032947,-118.025213
4,39.690466,-75.663859
4,35.75109099999999,-78.67244699999998
4,45.709024,-122.653026
4,41.015793,-123.637222
4,40.11620163898411,-75.27813792192805
4,34.030429,-117.678289
4,38.000336,-121.260314
4,29.72942,-95.461182
4,35.152573,-90.053101
4,37.670436,-121.453975
4,37.477573,-77.30386999999997
4,33.875587,-118.193092
4,42.041438,-121.870414
4,38.712952,-121.72863
4,34.308414,-79.619507
4,28.477131,-81.239418
4,32.62569000000001,-117.094612
4,37.025523,-120.939376
4,33.452991,-81.472298
4,47.59577,-122.320262
4,42.175877,-86.303688
4,28.565425,-81.169882
4,41.261928999999995,-95.904678
4,33.824363,-118.286119
4,38.437672,-78.851189
4,40.463371,-111.460739
4,42.748229,-73.92274300000003
4,35.020641,-89.936882
4,39.461558,-75.20680899999998
4,39.566391706278,-119.49169278087858
4,34.324444,-117.482056
4,37.749871,-122.403842
4,45.02277,-93.348587
4,30.505037,-91.002112
4,38.112329,-78.892837
4,26.714671999999997,-81.811287
4,33.655766,-117.743736
4,34.14623,-118.073288
4,34.060331,-81.04945699999998
4,39.674019,-77.454773
4,28.35901500000001,-81.387589
4,29.08666,-81.845963
4,34.27245300000001,-118.556114
4,27.889311,-82.666779
4,42.398125,-83.109009
4,36.108379,-95.886551
4,35.036590999999994,-80.834778
4,40.966995,-76.001549
4,40.853937,-74.174312
4,44.97192,-93.418152
4,35.75525,-78.87674399999999
4,37.545448,-77.370789
4,32.081821000000005,-81.104691
4,33.916858000000005,-81.22824200000002
4,41.411789,-71.530899
4,36.149281,-86.746871
4,41.116394,-74.113045
4,40.778519,-73.27409399999998
4,30.152029,-82.032814
4,43.025828999999995,-88.11754599999998
4,35.883004,-78.57005799999997
4,30.189409,-84.232826
4,43.01894,-73.79231300000002
4,35.111111,-81.602188
4,39.3084,-76.94699
4,32.720515999999996,-96.827538
4,37.082778999999995,-76.452736
4,38.37094187718214,-77.46576905213611
4,36.168701,-86.666901
4,39.79839205722904,-78.242665528878
4,35.878311,-78.536278
4,32.616058,-117.091469
4,35.754221677609664,-78.64160656891518
4,29.962710141992744,-90.10096907572698
4,39.751013517190216,-86.23056292492754
4,29.967282,-90.018829
4,42.905861,-85.627243
4,37.119778,-121.625114
4,37.360481,-77.34120899999998
4,38.698364,-121.014893
4,39.613789,-86.479301
4,39.47639,-121.62677
4,37.562359,-77.426689
4,41.633109999999995,-93.676773
4,34.882508,-92.351396
4,42.412411,-122.966979
4,43.360564,-73.496367
4,32.77811,-96.6828
4,28.492141,-81.458805
4,28.052414,-82.353851
4,45.366207,-122.585159
4,36.015251,-86.620255
4,44.26481,-123.06069
4,36.431061,-119.801193
4,32.724819000000004,-111.110939
4,29.78207,-82.167542
4,40.934132,-73.75921600000002
4,39.88277,-87.04279100000002
4,37.354351,-77.405128
4,30.456688,-81.632604
4,33.382121999999995,-117.174149
4,33.919895000000004,-118.08186299999998
4,34.859099,-82.664671
4,38.74915900000001,-121.26728
4,43.101608,-83.60797099999998
4,42.959087,-87.88208
4,32.79503,-96.71833
4,43.214517,-77.47523100000002
4,32.88442,-117.1109
4,42.35547,-71.18993
4,39.011211,-77.091316
4,32.730642556988094,-117.17085242215552
4,34.460935,-119.709461
4,28.539101,-81.29570799999998
4,30.466340999999996,-91.072174
4,37.845955,-122.227516
4,33.84446,-80.37101
4,30.313253000000003,-97.613777
4,37.191907,-77.35921
4,26.344065000000004,-80.133888
4,36.418197,-79.59607700000002
4,28.551754,-81.50499599999998
4,32.682976000000004,-96.656532
4,34.803449,-91.914282
4,36.20705,-86.796013
4,35.604073,-97.500839
4,40.073676,-75.322176
4,39.218861,-121.333706
4,28.449891,-81.487072
4,41.93962,-87.70819
4,41.434368,-77.00170899999998
4,34.418495,-79.41291
4,47.521561,-122.264198
4,35.033031,-89.9562
4,33.931411,-117.292146
4,45.444599,-122.360838
4,39.824287,-84.10244
4,38.386921,-122.503929
4,25.531037,-80.379813
4,38.743301,-77.189964
4,40.807109999999994,-74.080322
4,38.557688,-121.37885
4,34.03846621,-118.27469945
4,40.428989,-79.931618
4,25.883984,-80.32373
4,37.828934,-122.29377
4,36.996472,-120.101529
4,39.425702,-76.805901
4,42.850876,-85.540436
4,40.24067700000001,-75.543297
4,41.030814,-76.852926
4,30.422921999999996,-91.139503
4,30.534499,-87.333228
4,37.543479999999995,-77.358101
4,30.146749,-85.448929
4,37.8561,-121.109
4,48.734032,-122.467461
4,37.891415,-122.151619
4,34.31172,-118.48701
4,34.964096000000005,-82.02808399999998
4,41.11780200000001,-78.547965
4,36.765156,-119.736366
4,38.324189,-122.022091
4,36.181293,-95.888283
4,39.209461,-76.540924
4,29.66823,-95.262985
4,40.043021,-75.00331
4,32.779773999999996,-96.780357
4,26.121136,-80.16893
4,34.645605,-118.238356
4,32.884762,-80.620735
4,27.313105,-82.52978900000002
4,27.922751,-82.348036
4,33.764755,-80.964157
4,27.996483,-80.629631
4,28.557027,-81.456636
4,33.605263,-80.32242099999998
4,40.58566500000001,-73.939566
4,42.281185,-122.81472
4,35.537769,-97.592407
4,32.676842,-97.17749
4,35.503746,-80.866608
4,45.517441,-122.667664
4,33.981995,-118.24281299999998
4,36.328037,-119.457395
4,38.423574,-77.420322
4,34.287151,-82.04678299999998
4,30.223236,-97.681236
4,34.120528,-117.872736
4,34.567581,-81.94178000000002
4,41.425186,-81.723228
4,42.485916,-83.43873599999998
4,34.068366999999995,-117.603409
4,38.882342,-77.019213
4,36.04438,-86.661537
4,37.310814,-76.68895699999999
4,45.396746,-122.7469
4,33.735439,-79.491478
4,25.686495,-80.384399
4,40.868676,-124.065808
4,37.84193,-122.29746000000002
4,36.15443,-86.76102
4,31.801525,-106.285178
4,33.781305,-117.879533
4,42.52685200000001,-88.975098
4,34.27441,-118.54049
4,34.056125,-118.241182
4,26.230314,-80.136337
4,40.422635,-111.881074
4,33.764,-84.384125
4,33.978695,-118.127594
4,34.266153,-118.445867
4,36.818729,-76.432571
4,33.943628000000004,-118.279723
4,42.7878,-74.009962
4,25.910158,-80.210365
4,27.944839,-82.51808199999998
4,33.920403,-84.305227
4,42.535085,-73.805267
4,30.46933,-97.795967
4,34.142925,-80.75048100000002
4,32.836994,-96.959396
4,33.89612,-118.28595
4,37.399014,-77.51164200000002
4,40.96517443637389,-78.11243891678755
4,34.045442,-118.317722
4,26.26532000000001,-98.325523
4,29.514043,-98.476859
4,42.412337,-122.553524
4,41.262629,-73.613327
4,32.923629999999996,-96.776115
4,40.755177,-74.11782099999998
4,40.785343,-73.444313
4,34.092068,-118.206331
4,33.743253,-117.113912
4,37.44928,-122.123245
4,41.373469,-75.450456
4,41.774879,-87.732399
4,41.121681,-85.18454
4,40.966923,-73.86099200000002
4,38.237309,-85.62140699999998
4,35.64986,-92.459595
4,30.030899,-95.245827
4,42.385605,-83.15898100000003
4,36.180364,-86.774253
4,32.456745,-93.826927
4,36.118889,-95.904541
4,38.262653,-121.298752
4,28.423768,-81.404781
4,34.729408,-81.641838
4,42.476707,-83.065178
4,38.082249,-122.542747
4,39.778374,-84.138405
4,34.171749,-81.305573
4,32.391253999999996,-111.119423
4,38.222846999999994,-85.50550799999998
4,39.36358900000001,-79.017883
4,37.251598,-93.274307
4,35.787251,-78.645569
4,35.308526,-120.821646
4,37.47226,-120.84459
4,28.06995,-82.352753
4,32.744497,-96.768119
4,43.713814,-92.989893
4,38.5531,-90.27015
4,32.23547,-110.819031
4,29.027420000000006,-81.324166
4,26.812009999999997,-81.082527
4,34.056419,-118.214287
4,35.20439000000001,-78.04785
4,36.101452,-86.675301
4,41.905289,-87.918549
4,39.393977,-77.446708
4,38.639635,-112.22011299999998
4,33.790618,-117.165101
4,33.457003,-117.104449
4,28.523417,-82.237167
4,32.669563000000004,-96.822998
4,37.086614,-121.167887
4,34.146133,-118.761108
4,32.602543,-117.089622
4,32.458279,-93.780029
4,36.547138,-119.682747
4,35.312832,-80.716812
4,34.112770000000005,-118.265617
4,41.582901,-87.680061
4,42.929955,-83.66197199999998
4,41.171875,-73.191666
4,30.468231,-81.64709599999998
4,34.030946,-117.133788
4,38.631171,-77.418675
4,40.496204,-122.238625
4,28.547279,-81.244644
4,34.020129,-118.192262
4,35.391621,-97.565567
4,37.968981,-121.162894
4,27.761689,-82.666679
4,44.85862,-93.3451
4,32.886539,-80.009636
4,30.428328000000004,-91.170776
4,38.574919,-121.547322
4,29.90666,-95.202812
4,38.239475,-85.62442800000002
4,34.076527,-86.66941800000002
4,40.72,-73.83406
4,26.545561,-81.91435200000002
4,34.01634,-80.488334
4,37.82564,-122.30408
4,37.254307,-121.880249
4,40.310284,-74.095635
4,30.366659,-97.566803
4,40.251746999999995,-75.345497
4,44.796371,-93.224579
4,34.064687,-118.002465
4,35.529645681211804,-119.18825983944326
4,24.71624,-81.075722
4,39.942097,-75.14302099999998
4,25.566115,-80.478238
4,34.141892,-117.489584
4,40.705902,-73.61930799999998
4,40.697922,-74.2556
4,41.687175,-91.990919
4,47.71174,-122.32867
4,29.709906,-95.545502
4,34.036866,-118.221551
4,28.383318,-82.203985
4,40.68349,-75.28893199999997
4,30.081196,-95.437164
4,45.669916,-118.828004
4,33.776157,-84.616608
4,29.685024,-95.342583
4,45.26112,-123.204971
4,37.547934999999995,-77.296196
4,44.79784,-123.03301
4,37.94070900000001,-121.314087
4,38.64310800000001,-90.189514
4,38.004637,-121.257466
4,45.62043,-117.699669
4,45.194492,-93.551903
4,39.82768177967153,-104.99070525119308
4,47.238392,-122.416901
4,28.51034000000001,-81.397453
4,43.104778,-83.704277
4,34.09475,-118.205835
4,34.184227,-118.321701
4,35.557968,-97.638351
4,33.865576000000004,-118.04878
4,27.594842,-81.939729
4,33.851265000000005,-112.127808
4,29.734315,-95.406742
4,35.200462,-111.40464
4,43.14712100000001,-77.599243
4,41.520833,-74.010201
4,26.608641,-80.068748
4,26.095179,-80.168663
4,40.691669,-122.013969
4,36.865165999999995,-121.401398
4,41.77495,-87.62642
4,34.01875,-118.423801
4,38.96283,-78.44035500000003
4,43.115444,-75.218536
4,38.576972,-121.465476
4,36.801933,-76.184087
4,38.128993,-77.51299200000003
4,25.784407,-80.28840600000002
4,37.77681,-122.23611499999998
4,33.12751,-80.14591999999998
4,44.784061,-93.408623
4,40.743039,-111.678808
4,32.978561,-80.003838
4,35.467686,-97.465706
4,42.641512,-83.237863
4,43.021759,-83.702042
4,34.002720000000004,-117.94561000000002
4,33.831505,-118.08429
4,33.476013,-79.333794
4,40.672603,-74.281253
4,35.178449,-80.72320500000002
4,33.469673,-117.673565
4,38.65264000000001,-122.59978999999998
4,32.749443,-96.825291
4,39.154090999999994,-77.154053
4,30.245078999999997,-82.675636
4,30.052753000000006,-81.497469
4,44.149639,-123.177238
4,38.998299,-77.397133
4,37.535,-122.30024
4,33.870396,-117.74446100000002
4,38.72158,-77.87520699999997
4,34.162617,-118.628632
4,29.187103000000004,-82.140381
4,31.429211,-86.995087
4,33.679569,-117.758301
4,29.339027,-98.562515
4,35.229118,-80.94203900000002
4,41.43557,-114.753357
4,34.805817,-82.764442
4,34.15094000000001,-79.726685
4,33.638742,-112.326189
4,38.284126,-78.799995
4,38.63866,-90.4759
4,29.93917,-95.35038
4,33.719885,-84.502729
4,32.94648528,-96.9056046
4,29.690259,-95.587682
4,30.003057,-90.03357700000002
4,34.855621,-82.444901
4,34.5613,-82.14606500000002
4,38.205503,-121.263366
4,35.889789,-78.562477
4,39.965111,-86.00155600000002
4,30.19375,-92.058601
4,37.632197999999995,-122.109955
4,30.290654999999997,-81.629631
4,34.894169,-82.43203000000003
4,29.704424,-95.513275
4,32.763870000000004,-117.160454
4,38.242732,-77.501775
4,33.964319,-118.120005
4,45.412045,-94.057861
4,35.743602,-78.29552
4,32.934757,-96.813477
4,30.90716958031221,-87.98457741695411
4,38.603256,-85.781502
4,33.901118,-84.24444100000002
4,34.081905,-117.715675
4,41.460041,-81.694298
4,28.584772,-82.50216999999998
4,33.008761,-117.079946
4,39.09612,-94.56048
4,40.349701,-83.07399699999998
4,40.35247,-76.91705300000002
4,36.291678999999995,-119.777458
4,40.476597,-79.96933
4,33.1639,-80.589612
4,36.427520513360854,-77.6305639740103
4,32.22142,-110.948997
4,32.485175,-82.914282
4,41.424825,-73.62643100000003
4,40.109233,-79.580101
4,32.837542,-97.123314
4,37.550301,-77.443062
4,33.333579,-87.607014
4,40.736821,-73.599289
4,28.63117,-81.377922
4,42.950584,-78.703362
4,26.129309,-80.374718
4,34.125679,-118.096039
4,40.89977145175504,-117.88389086667117
4,28.421359999999996,-81.404709
4,33.757339,-78.966812
4,37.561842,-103.332361
4,40.754078,-74.117622
4,43.101711,-85.565559
4,30.472440999999996,-97.671074
4,41.452869,-81.716049
4,41.71321,-72.94575
4,27.777384,-82.66378
4,43.014648,-83.517563
4,25.685824,-80.403789
4,46.220744,-112.120827
4,40.945976,-77.71558399999998
4,32.759949,-97.09671
4,42.748486,-88.444923
4,41.869755,-87.882736
4,42.936356,-85.686065
4,39.52060103,-75.04122376
4,29.970703000000004,-83.651545
4,42.444824,-83.21985600000002
4,42.461308,-83.106026
4,28.352940000000004,-81.419764
4,41.750713,-88.03106700000002
4,29.515241999999997,-98.694633
4,47.25684,-122.330673
4,29.665429999999997,-95.576408
4,43.057629,-77.795799
4,30.380706,-81.673659
4,27.991341,-82.729683
4,30.436968,-91.067537
4,27.88740300000001,-82.72867600000002
4,33.950924,-80.989655
4,33.974776,-118.256403
4,28.532123,-81.45934399999999
4,38.485088,-121.242233
4,46.18713,-92.787003
4,44.861752,-93.297951
4,36.662452,-78.557597
4,40.915929078860685,-121.59220576228336
4,40.655482,-74.006338
4,33.8034,-118.145768
4,39.948147,-74.933289
4,25.91489,-80.21000699999998
4,38.570705,-121.468521
4,43.000801,-83.89061
4,33.807838000000004,-118.207115
4,39.59040284137921,-119.3729245656997
4,25.565057999999997,-80.362923
4,35.076077000000005,-81.277784
5,37.540443,-122.297116
5,34.148104,-118.032463
5,33.894259999999996,-84.463463
5,38.768795,-90.21395
5,38.52901,-121.33496
5,25.687068,-80.43012900000002
5,39.696559,-110.866909
5,34.146229,-118.081604
5,33.789663,-118.207941
5,32.829002,-97.312538
5,32.810426,-96.627607
5,33.430434999999996,-82.042778
5,38.898266,-76.83165
5,29.670563,-95.554924
5,33.873932,-118.224739
5,37.70851500000001,-122.163956
5,37.913987,-122.317522
5,25.768913,-80.353142
5,33.948741999999996,-117.300789
5,39.10078,-119.90963
5,35.89337468130163,-84.69790577848102
5,45.06499,-93.923259
5,40.013167,-76.049745
5,42.349113,-79.551247
5,40.797682,-76.12102800000002
5,36.862358,-121.617905
5,37.824951,-122.310479
5,34.87571,-82.41840400000002
5,33.843379999999996,-84.48767099999998
5,29.81122,-95.43582
5,33.082478,-112.043419
5,25.686005,-80.39960699999997
5,39.649797,-77.92929699999998
5,30.36747,-91.630432
5,30.115611,-97.693925
5,26.0456121,-80.16282678
5,33.694194,-117.943754
5,33.765390000000004,-84.494383
5,40.763582,-73.72676
5,36.161331,-86.776526
5,32.635222999999996,-97.321487
5,41.188494,-79.515652
5,30.474556,-87.228569
5,33.904392,-117.27771
5,34.030145000000005,-118.197227
5,39.064125,-77.03936
5,39.372564,-74.479612
5,30.4601,-81.678345
5,40.73209,-73.320663
5,39.136021,-77.682266
5,34.172234,-118.389229
5,32.162338,-111.156609
5,36.144363,-86.69740300000002
5,33.84787,-117.818253
5,32.823388,-117.230271
5,37.998039,-121.802528
5,36.171979,-86.507879
5,33.634892,-84.304611
5,29.754055738307216,-95.50122141792536
5,38.161848,-121.584723
5,36.06887698156324,-79.35700535736392
5,35.150162,-80.93499
5,45.150661,-122.88085900000002
5,40.069,-82.908043
5,34.037144,-118.300367
5,33.462312,-112.223293
5,35.026707,-81.876083
5,34.065473,-118.016228
5,36.144156,-86.73865699999998
5,38.919287,-76.95134200000003
5,34.39082,-117.57626299999998
5,36.127845,-86.84329699999998
5,42.487232,-83.475662
5,37.262112,-113.32797
5,33.36354,-117.249313
5,38.743383,-77.187731
5,34.046279,-118.215187
5,34.11903,-117.5171
5,33.929884,-118.088613
5,38.495958,-121.4195
5,32.291779,-95.326576
5,39.899899,-82.895668
5,33.916319,-118.189847
5,40.706547,-74.151543
5,37.890107,-77.45826
5,35.891940999999996,-119.23262
5,40.652765,-74.009411
5,34.134659,-117.670105
5,40.990385,-76.733925
5,42.43562579134733,-86.24856591183544
5,42.000832,-88.268547
5,36.923728999999994,-120.110474
5,34.23418164,-118.47318292
5,47.54258400000001,-122.334151
5,38.977964,-77.177617
5,39.30121,-76.62756999999998
5,38.82983400000001,-77.113731
5,32.719091,-117.117794
5,40.76664,-115.920097
5,38.49601,-121.42903
5,33.062363,-87.57461500000002
5,34.779709000000004,-82.41487099999998
5,33.944331,-84.509958
5,44.960217,-93.201523
5,38.962928999999995,-76.81890899999998
5,39.8899,-86.04876
5,35.235168,-80.941025
5,33.650871,-113.922734
5,37.456549,-120.98932
5,42.969879,-71.476151
5,34.380109999999995,-84.91385
5,38.118805,-122.10598
5,36.356978999999995,-119.808449
5,32.783203,-117.141458
5,33.567818,-86.78370699999998
5,32.80852,-96.92708
5,35.068359,-101.919014
5,41.68371,-88.07085
5,32.77956,-97.06116
5,39.830785,-121.596089
5,40.182849,-77.244132
5,34.789921,-82.376808
5,47.578899,-122.185158
5,40.737659,-74.078369
5,33.84514,-117.824854
5,30.326033,-97.670601
5,45.532311,-122.575632
5,29.117205,-82.218663
5,45.289205,-122.998929
5,45.946649,-123.443787
5,34.998909000000005,-82.00286899999998
5,28.568381,-81.207821
5,42.839443,-70.935516
5,30.45702,-84.30564100000002
5,30.255783,-97.481888
5,33.853769,-117.924331
5,27.868244,-82.62240600000001
5,34.072105,-117.942757
5,43.91795,-123.012573
5,34.022254,-117.55248
5,33.067989000000004,-80.884598
5,41.258751,-95.953995
5,28.573469,-82.054733
5,44.89967465379285,-122.94101357401398
5,40.854178999999995,-74.30680100000002
5,40.32324672,-75.93010783
5,25.669776,-80.416237
5,26.468157,-80.08916500000002
5,30.453993,-97.666656
5,29.449013,-95.077072
5,33.880219,-81.3181
5,37.610832,-122.069473
5,37.440921,-77.581367
5,34.309078,-117.47139
5,36.75231,-76.523863
5,32.721470000000004,-86.70156899999998
5,38.132877,-77.511459
5,32.7977,-96.6845
5,38.865711,-77.052032
5,34.00172,-117.165909
5,34.830601,-82.703964
5,45.655708,-110.849377
5,36.943591999999995,-77.39202900000002
5,33.617668,-84.39836899999997
5,33.219134999999994,-111.92012
5,26.033428,-80.16449
5,25.85704,-80.322846
5,41.67105,-73.76326999999998
5,27.914341,-82.787689
5,29.41725,-98.599609
5,34.316691999999996,-117.479752
5,40.334265,-80.002787
5,39.114143,-76.777969
5,41.864075,-88.117386
5,27.048771,-82.397483
5,33.906152,-118.066072
5,39.410557,-122.195459
5,34.072983,-117.785378
5,37.583088,-122.050171
5,41.223015,-111.991333
5,37.785381,-121.696281
5,31.760695,-106.488812
5,41.774787,-78.007178
5,39.610589,-104.791674
5,33.910889000000005,-118.168945
5,30.19035,-97.770035
5,34.063140999999995,-117.396446
5,32.68269,-97.24062
5,36.26582,-86.71102900000002
5,32.759796,-117.188293
5,35.993229,-119.046066
5,28.563824,-82.156811
5,45.472254,-122.677459
5,37.679306,-97.236307
5,33.931959,-118.28
5,36.022419,-119.12551100000002
5,37.82555,-122.27241
5,34.067418,-117.435805
5,33.93933176978141,-84.1550910468857
5,38.800351,-77.534836
5,33.925290999999994,-118.317782
5,40.66674,-73.801727
5,40.866378999999995,-72.90863
5,40.68343,-73.68624
5,33.975108,-118.079792
5,25.71377,-80.382491
5,32.922787,-96.900002
5,30.341546,-84.987851
5,47.244148,-118.117546
5,41.101711,-73.992599
5,32.767738,-96.741409
5,39.72567,-105.05336
5,40.705264,-73.44189399999998
5,39.437492,-75.75304399999997
5,43.215118,-77.45388100000002
5,28.506849,-81.442261
5,35.40457199999999,-97.539093
5,48.200294,-122.125183
5,33.584236,-84.373774
5,34.122639,-118.47847
5,41.176102,-96.179199
5,39.460018,-76.303273
5,41.24427,-111.97901
5,25.865788,-80.242363
5,41.849579,-91.667412
5,39.811584,-104.948387
5,33.873611,-118.23611499999998
5,27.995996,-82.480301
5,38.6570584772174,-78.67016673050558
5,33.687344,-117.885674
5,35.008559999999996,-81.10192099999998
5,41.80221,-87.91005
5,26.022166,-80.167162
5,33.096676,-81.205658
5,47.345966,-122.292824
5,35.03865122778397,-85.68594574887423
5,44.716104,-117.752462
5,43.985063,-124.045153
5,47.690578,-122.390892
5,38.946915,-76.855446
5,34.277828,-118.507973
5,41.2364,-73.818313
5,26.142525,-80.169749
5,43.096615,-77.60237099999998
5,29.825739,-81.379242
5,37.377853,-122.067596
5,39.727501,-105.022118
5,35.482388,-97.513939
5,34.314774,-117.478271
5,32.589184,-117.087791
5,42.294479,-113.173532
5,40.708156,-74.156702
5,34.053044,-118.228279
5,43.062172,-77.47129100000002
5,30.148809000000004,-95.166542
5,43.597672,-75.109688
5,42.29789,-85.057846
5,45.03585800000001,-92.817604
5,40.752449,-111.615692
5,37.879534,-122.307729
5,40.83119273166261,-74.02447342837323
5,33.857459999999996,-86.861137
5,36.837018728080565,-76.05992674791307
5,37.207506,-121.720243
5,41.537441,-73.584647
5,39.394424,-120.024796
5,31.573309,-97.115135
5,38.538242,-121.473675
5,38.86770844441,-77.31558680497494
5,40.841456,-73.928488
5,40.031055,-82.994781
5,38.67635,-122.8808
5,39.353172,-76.682907
5,42.38084,-83.03227
5,29.56114,-95.690742
5,41.87317,-87.73521
5,33.54084,-112.409607
5,44.254108,-117.175812
5,32.792149,-79.988823
5,40.893915,-73.8832
5,41.6583,-86.8888
5,35.028481,-82.09850300000002
5,34.962345,-82.312531
5,41.62392,-87.680061
5,38.016897,-122.267736
5,37.207512,-121.72023
5,38.588916,-121.415275
5,32.661578999999996,-96.726051
5,41.57114,-87.43828
5,40.665275,-73.801923
5,29.682861,-95.455776
5,45.523602,-122.698463
5,33.556045000000005,-86.831125
5,28.614490000000004,-81.476161
5,38.254192,-122.478378
5,35.104502000000004,-85.161022
5,29.693665000000006,-95.525784
5,25.75318,-80.20481099999998
5,34.178740999999995,-80.14357
5,41.212105,-96.091339
5,43.43896,-118.65121
5,37.376766,-77.420288
5,41.85757,-87.64439
5,45.008713,-93.203387
5,25.732155,-80.38143000000002
5,32.797661,-96.793427
5,32.713566,-96.758781
5,38.160133,-121.686401
5,30.283540999999996,-97.632927
5,33.869058,-81.12570699999998
5,37.893855,-121.282841
5,26.218069,-80.123337
5,40.02444000000001,-74.82378
5,32.423962,-110.97567
5,29.72874,-95.44142
5,36.18494000000001,-86.776871
5,27.995678,-82.357605
5,36.079945,-86.72527
5,43.110199,-76.287537
5,42.347683,-71.231789
5,41.03939,-78.398147
5,40.753559,-73.744415
5,35.174538,-90.01828
5,25.80995,-80.336619
5,37.681087,-122.124294
5,43.165131,-83.620003
5,25.673689000000003,-80.326988
5,35.756694,-78.612363
5,33.719101,-84.349487
5,33.462136,-112.053943
5,40.72790300000001,-74.171371
5,38.56715,-90.44017
5,38.616616,-77.298296
5,34.14188,-118.269958
5,33.543198,-117.67382
5,35.376202,-80.847023
5,25.830678,-80.259086
5,38.953681,-94.53989
5,37.548759,-122.291702
5,29.788588,-95.371284
5,25.81607937800495,-80.2059996124258
5,38.57176,-109.55079
5,29.780453,-95.453982
5,37.825237,-122.305832
5,45.10106,-93.29999
5,27.981455,-82.36009200000002
5,32.886034,-96.731814
5,32.653107,-117.069534
5,32.925509999999996,-96.803535
5,41.398428,-79.835359
5,35.211754,-80.857674
5,39.799515,-104.932808
5,40.79384,-73.93188
5,45.07953,-93.37271
5,34.316662,-117.47973600000002
5,40.60442000000001,-74.070418
5,37.78829,-121.2827
5,41.85293,-87.63201
5,40.724125,-73.836872
5,25.78601,-80.25809
5,45.551111,-117.916339
5,32.93335,-97.31601
5,32.895527,-86.62886800000004
5,37.127997,-76.520286
5,37.250755,-121.906113
5,35.711163,-78.613248
5,34.130102,-117.92526200000002
5,30.501618,-87.080974
5,37.666462,-85.90499100000002
5,45.45354,-122.721743
5,38.95377516727946,-94.73522543861992
5,32.766373,-96.856483
5,43.189482,-89.33833
5,42.336262,-71.06510899999998
5,25.81225,-80.23746
5,36.73605300000001,-119.777634
5,27.842754,-82.65918
5,30.253712,-97.736226
5,32.757839000000004,-96.809547
5,42.627708,-73.700638
5,29.48577,-95.103824
5,36.147633,-86.768456
5,42.276385999999995,-71.09335300000002
5,33.345757,-81.97578399999998
5,34.377720000000004,-118.493744
5,45.053333,-93.318896
5,38.18978900000001,-85.76673100000002
5,34.10669,-118.3285
5,44.86515,-92.998535
5,26.008713,-80.263786
5,42.311075,-87.911174
5,30.824969,-86.570436
5,34.057133,-83.99296600000002
5,40.679649,-74.00339
5,30.233044,-97.805199
5,33.721371000000005,-117.839185
5,47.020916,-122.905235
5,34.068699,-117.606476
5,34.078313,-117.296401
5,45.886101,-120.740501
5,43.282471,-75.585922
5,40.785072,-73.648865
5,35.964332,-119.143118
5,36.104523,-96.025803
5,41.741402,-74.064674
5,29.739745000000006,-95.477136
5,42.612485,-123.38095
5,30.66968,-97.66719
5,41.310059,-122.320272
5,37.970161,-122.521645
5,32.894343,-96.887972
5,38.824266,-77.043591
5,28.820859999999996,-81.184822
5,41.237029,-73.147036
5,25.650232,-80.384712
5,36.245381,-86.74571
5,33.452746999999995,-81.931625
5,40.145809,-82.959213
5,47.6017,-122.312859
5,34.218636,-117.410944
5,30.237078000000004,-93.246857
5,36.90772,-76.305324
5,34.11055,-118.48163
5,41.859352,-87.641006
5,34.608158,-82.369087
5,28.527571,-81.31043199999998
5,34.738219,-80.66337
5,35.197063,-80.935661
5,30.75322,-86.620018
5,37.934803,-122.326975
5,39.44210800000001,-76.348763
5,33.858389,-112.626737
5,45.026682615065454,-92.9602682586052
5,34.25315,-118.43111
5,42.32078900000001,-71.09317
5,32.939739,-96.768906
5,36.604421,-121.555513
5,39.382824,-123.477058
5,42.207668,-71.140488
5,37.18756,-93.63066
5,37.889447,-121.623113
5,34.29541,-81.54926999999998
5,33.57071,-117.101967
5,32.682232,-96.805191
5,38.61264,-121.538382
5,32.717159,-117.117973
5,29.951376,-90.089812
5,32.92514,-80.742104
5,37.93221831303629,-121.23388409556752
5,30.534193,-87.314245
5,41.71345,-87.61395
5,40.58242,-74.330505
5,45.49239,-122.609016
5,32.851512,-96.642672
5,37.25110888463377,-120.32504439296568
5,32.753406,-97.709808
5,40.854122,-73.890907
5,39.824123,-75.782639
5,29.46197,-98.477903
5,33.081825,-80.207222
5,29.940622,-90.100815
5,33.880311,-117.609478
5,40.12767,-76.164879
5,38.252136,-122.376204
5,37.918669,-122.317748
5,25.62653,-80.382217
5,35.05986,-80.76994300000001
5,44.215315,-91.92746
5,37.232121,-119.742477
5,38.639495,-122.594567
5,35.216282,-80.754837
5,29.80177,-95.33963
5,33.386318,-111.890938
5,32.973343,-97.028435
5,41.096771,-74.04402900000002
5,36.065147,-119.571983
5,36.225682,-86.774367
5,40.156425,-75.485704
5,37.711288,-122.168007
5,42.933927,-73.80353000000002
5,43.00288,-87.918777
5,27.996214,-82.46869699999998
5,34.769802,-111.642906
5,40.727379,-73.907166
5,35.85516,-78.58119
5,37.58430900000001,-122.328735
5,27.269333000000003,-82.448898
5,27.316447,-82.497364
5,37.233427,-77.395752
5,34.12107,-117.9032
5,44.12968,-93.24778
5,44.054062,-123.143272
5,37.667179,-77.484566
5,33.740059,-87.19995899999998
5,40.244419,-75.30390200000002
5,35.457611,-78.38915300000002
5,29.597409999999996,-95.386353
5,33.447632,-82.085693
5,40.391015,-79.284974
5,45.6408,-118.68814
5,34.128324,-117.687199
5,37.353338,-120.723771
5,41.23215079287896,-95.903316735764
5,25.784343,-80.292688
5,27.52652,-82.428833
5,33.46545,-112.109741
5,29.750462,-95.368782
5,40.92157,-111.88732
5,33.633835,-85.540001
5,40.73407,-73.920822
5,35.20985,-80.75717900000002
5,35.267379999999996,-119.252731
5,41.33416,-112.026421
5,42.63717770556145,-123.38553070963198
5,38.721149,-121.466995
5,34.121652000000005,-117.696595
5,29.796640000000004,-95.271858
5,25.78446,-80.24334
5,37.933789,-121.255806
5,35.10751,-90.02906800000002
5,41.83825,-87.63035
5,44.768429,-93.217079
5,43.55986,-123.28195
5,40.773959999999995,-73.917763
5,37.190289,-93.317447
5,34.062729,-118.24881
5,39.340513,-76.513988
5,45.25993,-92.983421
5,36.403295,-121.316427
5,25.927560999999997,-80.207573
5,39.207374,-76.545084
5,41.052228,-73.810476
5,30.327840999999996,-97.659393
5,33.92251,-117.91565
5,44.92178300000001,-92.972908
5,26.135876,-80.219009
5,42.60556,-71.344604
5,29.729115000000004,-95.643982
5,37.767979,-122.405533
5,33.994743,-118.06533799999998
5,34.067859999999996,-117.980537
5,38.91626,-94.76766
5,41.212246,-95.96376
5,33.496517,-86.909683
5,41.474915,-81.720787
5,30.191711,-81.705605
5,39.01576,-77.00142
5,38.794001,-77.02123
5,32.786541,-96.805244
5,41.521725,-88.18885
5,42.82674,-85.782738
5,37.71118283253807,-121.08483910502868
5,37.532742,-77.432007
5,38.846519,-77.079269
5,25.715951,-80.318152
5,32.9827,-86.68983100000001
5,25.879935,-80.357455
5,37.670273,-77.44743299999998
5,42.125218,-76.97820300000002
5,26.085133,-80.168289
5,28.449853000000004,-81.470863
5,36.16066,-95.833359
5,43.130581,-77.432343
5,37.732288,-122.414909
5,39.773478999999995,-86.01799
5,36.110481,-119.563187
5,33.00806879981513,-80.66781163177171
5,34.391003000000005,-82.64361600000002
5,33.574619,-112.016113
5,42.227740999999995,-71.014336
5,34.10725,-118.18676
5,40.666466,-73.834869
5,29.936259000000003,-90.012838
5,40.068489,-76.76722
5,30.43552,-84.28434
5,41.873405,-87.815384
5,27.509765,-82.499087
5,38.010689,-121.863174
5,33.844204,-78.855087
5,33.546902,-84.278488
5,47.24131,-122.423477
5,33.460762,-112.082734
5,34.029003,-118.010126
5,33.46183,-112.125188
5,40.58571696,-73.98999095
5,43.102294,-76.181613
5,40.75039500000001,-73.83529300000002
5,33.524498,-112.11218999999998
5,35.055134,-80.812288
5,35.134918,-80.885979
5,32.968639,-80.00314300000002
5,25.688767,-80.36589000000002
5,44.134899,-93.247932
5,39.939278,-75.19669300000002
5,34.14983,-118.469185
5,26.556644,-81.749901
5,41.832355,-87.95536
5,37.152908,-121.652382
5,38.90183,-77.92903000000003
5,40.396236,-79.987434
5,37.563744,-122.273224
5,32.461791999999996,-97.42202
5,35.03550300000001,-90.025139
5,36.780338,-121.77774
5,38.117798,-122.287239
5,39.60762,-123.782715
5,33.902004,-118.10508
5,34.067524,-117.981056
5,33.856784999999995,-118.028526
5,45.706791,-121.574798
5,29.51799,-98.47883
5,30.140221,-97.664291
5,41.095577,-73.936325
5,34.07148,-118.12294
5,39.203037,-112.17247
5,47.784893,-122.316612
5,33.911579,-118.165229
5,40.817777,-73.804066
5,33.440945,-82.118042
5,39.099609,-76.79744699999998
5,25.497518,-80.44821400000002
5,30.322479,-97.707428
5,39.020721,-77.085587
5,42.17112,-71.17085300000002
5,28.488371,-81.440437
5,39.86298,-75.111489
5,41.55664,-87.31081
5,33.758461,-118.110057
5,35.21815,-80.81860999999998
5,32.894290999999996,-79.923462
5,34.043888,-117.312706
5,40.772442,-74.06144
5,34.068777000000004,-117.861328
5,29.397051,-98.649612
5,36.086037,-86.699966
5,37.361214,-77.34221600000002
5,32.860558000000005,-96.902174
5,26.34563300000001,-81.779083
5,33.859157,-118.289422
5,38.22359,-85.54831
5,40.30608,-83.168236
5,33.987843,-118.137871
5,32.264694,-110.978096
5,37.743156,-121.562447
5,42.392995,-88.00409
5,43.190002,-77.503845
5,43.796235322743435,-121.44245266856458
5,39.46047100000001,-77.512183
5,42.940255,-85.658959
5,39.329594,-77.191156
5,42.313126,-71.094765
5,35.441843,-119.029868
5,29.794229,-95.065178
5,25.686256,-80.389
5,35.901623,-78.765709
5,34.086021,-80.886841
5,36.162260770625295,-86.77436470944035
5,45.612968,-122.678123
5,29.485255479672023,-98.48248600912817
5,35.003292,-104.522598
5,41.46209,-81.742561
5,30.448592,-82.93301600000002
5,37.814519,-122.300308
5,37.493351,-77.24546099999998
5,29.91733,-90.09874
5,40.74374,-73.84688
5,45.64645,-122.692429
5,45.343473,-118.237049
5,37.752975,-121.351814
5,33.711597,-84.217415
5,33.745556,-84.349213
5,30.30247,-97.714945
5,39.39539600000001,-77.42191600000002
5,42.426186,-85.537064
5,41.291611,-73.03830699999997
5,33.912877,-118.179642
5,44.13834600000001,-122.612978
5,34.037176,-118.303819
5,25.869213,-80.208313
5,38.546085,-90.42691
5,34.067399,-117.571285
5,30.27341723427641,-97.5043165679097
5,36.846142,-76.186058
5,28.659559,-81.743011
5,28.47917,-81.44973
5,27.995678,-82.357605
5,34.120519,-117.872641
5,40.08638,-75.401573
5,29.548727000000003,-98.671635
5,40.806244,-73.239937
5,34.487468,-118.13979506
5,35.211579,-80.689563
5,38.189029999999995,-85.508682
5,40.735266,-73.919167
5,30.4002,-87.31407800000002
5,33.827595,-118.082642
5,29.026978999999997,-82.158493
5,34.40445,-117.58993
5,37.808495,-122.367325
5,40.141454,-75.272789
5,29.677877,-95.549625
5,32.729617,-117.098881
5,25.670927,-80.365852
5,41.81068,-87.63031
5,33.964044,-117.325059
5,29.48945,-98.57804
5,29.86225,-95.40403
5,33.50278,-86.815287
5,25.93795,-80.184593
5,38.580925,-121.464264
5,42.408562,-83.237801
5,35.237614,-119.015266
5,33.386906,-117.174873
5,38.67487,-121.727127
5,41.912895,-87.626648
5,32.77718,-96.812149
5,36.958061,-76.26458000000002
5,39.030109,-94.554022
5,32.778433,-96.907056
5,45.089214,-93.428535
5,39.577206373026,-119.8125922674188
5,38.013555,-121.99726499999998
5,43.774731,-94.427429
5,34.03518,-118.15012
5,38.370657,-121.475667
5,33.504135,-117.15312
5,34.032552,-118.219946
5,34.629131,-120.278168
5,39.005627,-77.077759
5,36.079693,-79.813347
5,29.8416,-95.473289
5,34.202511,-118.472359
5,34.178740999999995,-80.14357
5,34.814087,-117.096466
5,36.84203,-121.457428
5,45.411949,-94.057655
5,38.854625,-77.386949
5,34.139404,-117.492554
5,38.020226,-121.917264
5,42.58894,-121.87994
5,39.980511,-83.249367
5,37.533447,-121.937426
5,34.845268,-82.44612099999998
5,26.699578999999996,-81.852287
5,35.412971,-97.653923
5,33.92712,-84.488007
5,45.510302,-122.968952
5,40.724440812870384,-111.9242584700016
5,34.030623,-118.260411
5,34.774792,-81.496613
5,37.218761,-119.707832
5,35.20777899999999,-89.984673
5,44.584118,-93.297625
5,25.811584,-80.189163
5,32.654270000000004,-96.877983
5,33.866211,-81.261589
5,26.10146,-80.16875999999998
5,37.670929,-77.649117
5,34.22958,-118.248672
5,34.02772,-118.21213
5,30.00812,-90.01428
5,40.108479,-75.282593
5,38.02023300000001,-121.918139
5,37.890205,-121.569664
5,32.766405,-96.914662
5,39.933827,-75.19994
5,45.600639,-122.747978
5,38.940632,-94.58252
5,28.348222999999997,-81.232285
5,33.831635,-118.255981
5,43.171349,-77.566406
5,35.688412,-120.764214
5,40.641495,-74.208191
5,42.222485,-71.032249
5,42.359867,-83.05387900000002
5,32.79187,-96.7293
5,33.11459,-80.703171
5,35.19893300000001,-80.771675
5,36.666962,-121.756935
5,38.95303300000001,-94.529877
5,38.818141,-76.941515
5,36.985958,-121.93663
5,39.760281,-105.053253
5,37.392611,-122.000424
5,45.036218,-93.090659
5,39.699295,-86.148628
5,37.74176,-121.572296
5,36.686726,-121.651894
5,33.877283,-118.136956
5,33.40704,-112.012604
5,40.68627,-74.164565
5,30.382683,-81.672836
5,41.90239,-71.35582
5,34.995376,-85.25358
5,30.166967,-97.786423
5,29.92489,-95.50057
5,34.164793,-79.682427
5,29.953211,-95.537621
5,36.209682,-86.871475
5,34.187046,-117.439659
5,42.960159,-85.683716
5,33.894321000000005,-79.80278
5,32.666855,-97.320724
5,37.534659999999995,-77.42160799999998
5,28.564459000000006,-81.20724200000002
5,33.008869,-79.929901
5,41.466183,-81.767517
5,39.75953,-83.30019
5,35.839298,-78.675957
5,45.50068,-122.67187
5,35.264229,-80.854462
5,47.626369,-117.401779
5,40.0028,-75.746071
5,28.533159,-81.31057
5,34.461552000000005,-118.542763
5,44.05328,-123.103394
5,41.462208,-81.75110600000002
5,40.888586,-73.997556
5,41.288766,-77.064297
5,37.73954988,-121.55774474
5,34.199594,-118.338157
5,44.43158,-93.292145
5,40.765597,-73.717596
5,42.085636,-88.335449
5,34.08838,-118.30482
5,41.94201,-87.71544
5,32.670959,-96.94722
5,33.722115,-84.394592
5,41.839535,-87.999153
5,32.889918,-96.707709
5,29.70603,-95.245071
5,33.8732,-118.265743
5,33.988449,-118.280191
5,34.024532,-117.740707
5,36.835487,-76.19603000000002
5,32.759499,-97.075523
5,41.119438,-81.635498
5,38.814947,-77.219957
5,34.020519,-117.988968
5,39.076347,-77.51683
5,43.05859,-76.09942
5,37.877394,-121.367126
5,33.779292,-118.09028700000002
5,38.325203,-77.502533
5,34.085693,-84.53537
5,44.800331,-93.19352
5,30.691434144827404,-88.0226647849654
5,26.165884,-80.16024
5,35.36750900000001,-119.163295
5,34.204948,-79.76870699999998
5,38.230293,-122.318695
5,33.385818,-111.906792
5,34.257274,-118.472353
5,41.595496999999995,-73.763962
5,30.233641,-97.723457
5,45.29375,-118.037
5,32.909162,-96.699467
5,34.032971999999994,-118.137931
5,33.82281,-84.49204
5,33.856621000000004,-78.803925
5,41.870609,-87.8871
5,40.641171,-74.211342
5,39.816231,-86.270157
5,34.173491999999996,-118.55396299999998
5,42.255009,-121.798447
5,40.280674,-74.671577
5,40.211899,-76.082451
5,36.785641,-76.26621999999998
5,33.674503,-112.255028
5,40.92837453,-73.84131074
5,47.180004,-122.293564
5,39.254189,-119.586937
5,40.112701,-89.41671
5,38.494044,-121.443954
5,37.690514,-121.918709
5,36.238823,-86.779213
5,40.212214,-75.31205600000001
5,35.26096,-80.843199
5,34.087261,-117.645401
5,37.20134,-113.272461
5,37.75148400000001,-121.470055
5,40.632008,-74.238381
5,42.93450900000001,-83.568802
5,44.64967131593394,-117.56312012616364
5,45.063992,-94.012337
5,46.726147,-92.217049
5,35.391602,-97.788452
5,37.206326,-121.717506
5,40.845262,-73.927777
5,25.91655,-80.2103
5,34.518879,-80.834
5,34.046608,-117.157494
5,32.987881,-96.77356
5,43.179199,-77.659622
5,33.44545,-84.69015999999998
5,25.933516,-80.188476
5,38.391382,-78.91351800000002
5,32.626973,-81.095911
5,37.534528,-77.429991
5,38.29538,-122.03418
5,39.36975,-77.27225
5,32.74244,-117.01661
5,40.652765,-74.009411
5,29.149454,-82.184921
5,39.221398,-121.466273
5,28.552515000000003,-81.447525
5,34.22152,-81.41456
5,41.486228999999994,-72.066231
5,30.332523,-97.686707
5,33.444401,-112.003723
5,30.227463,-97.727783
5,33.89056,-117.880501
5,33.633171000000004,-84.402519
5,32.261272,-111.003926
5,42.932411,-85.584602
5,33.912961,-118.179892
5,42.552421,-82.874824
5,27.44695,-82.511717
5,42.605461,-71.34465
5,34.047259999999994,-118.26782
5,25.82996,-80.32203
5,41.8829,-72.403215
5,37.763535,-121.418747
5,41.355106,-83.498192
5,34.12469,-80.86312
5,39.987091,-76.667229
5,42.587982,-71.313271
5,30.775829,-85.019028
5,34.043053,-118.21962
5,40.670324563786174,-74.18422579729945
5,40.27285,-121.084808
5,33.582539000000004,-111.886131
5,45.106891,-93.463472
5,33.796777,-117.831173
5,37.40406,-120.81356
5,28.767807,-82.089843
5,34.854817,-82.248297
5,34.042952,-118.272653
5,29.649244,-95.21875
5,39.249435,-76.614914
5,44.80012,-93.28996
5,41.144271,-73.264573
5,27.83563,-82.681335
5,41.306648,-96.100639
5,41.8485,-87.64321
5,42.756477,-70.941971
5,34.115784000000005,-117.300411
5,32.677696999999995,-117.103653
5,37.711311,-122.395523
5,40.369616,-122.974358
5,29.934219,-95.249481
5,34.313656,-118.488762
5,30.63402,-91.109911
5,26.704037,-81.894897
5,36.530659,-120.224983
5,42.058549,-88.035348
5,41.448325,-76.981338
5,36.912008,-120.548209
5,34.171279999999996,-118.518547
5,25.623637,-80.382118
5,33.925819,-118.209061
5,35.23706400000001,-80.92025799999998
5,39.35508,-105.822868
5,32.896,-96.898163
5,26.456034,-80.174278
5,37.278774,-121.806308
5,40.11309,-74.890311
5,45.40526,-122.7441
5,39.25164,-76.823639
5,34.08745,-117.65527
5,39.749916,-86.225197
5,30.42386,-91.14695
5,36.134689,-119.044899
5,25.731525,-80.302813
5,33.970118,-118.081946
5,30.32756,-97.697166
5,40.20504,-83.028648
5,27.454685,-81.649445
5,42.021139,-80.27126700000002
5,29.95554000000001,-95.553673
5,40.721321,-73.941902
5,43.14952,-77.60433
5,38.672771,-121.328598
5,44.203382,-93.719349
5,34.09816,-83.811142
5,40.31625,-82.91038
5,35.119831,-90.055122
5,35.86319,-78.712899
5,32.860867,-96.767776
5,39.711555,-104.999367
5,38.824558,-121.349274
5,29.54143166527967,-98.6789953703943
5,40.86456,-74.011393
5,34.39478,-118.46871000000002
5,40.685924,-73.600083
5,26.546389,-81.869895
5,40.861546,-73.913292
5,36.287682,-82.426422
5,30.40367100000001,-97.638527
5,39.857601,-104.98732
5,33.384689,-81.61335799999998
5,37.989925,-122.133315
5,34.233131,-118.410126
5,37.012557,-121.346674
5,39.00523,-77.022873
5,30.301861,-85.119476
5,29.688771999999997,-95.332016
5,39.67617,-82.83528100000002
5,45.452831,-122.573143
5,39.83239,-76.40681
5,34.083763,-84.26396700000002
5,38.878317,-76.966842
5,41.297901,-88.731583
5,38.815553,-77.137901
5,34.005185,-117.829276
5,34.2691,-79.703087
5,27.813872,-82.776924
5,33.464430570442836,-112.23799109405404
5,28.48835900000001,-82.387413
5,33.489639000000004,-81.699326
5,33.714859000000004,-84.241798
5,25.702474,-80.33150699999999
5,34.604217999999996,-82.760582
5,42.988857,-83.682449
5,27.790684,-82.356804
5,32.70517,-117.095276
5,34.155727,-118.431236
5,38.747824,-121.268366
5,37.73941,-121.59046
5,39.653664,-84.248871
5,41.420368,-81.842743
5,38.794518,-77.618782
5,34.038423,-118.22145
5,32.900307,-96.71769
5,39.98783,-75.253034
5,39.302315,-76.95295
5,33.89753,-117.49137
5,40.80566,-73.26933299999997
5,28.236793,-81.559005
5,28.61267,-81.44355999999998
5,37.407276,-122.064285
5,28.561597999999996,-81.310852
5,35.148148,-89.879616
5,34.020168,-118.240547
5,41.874477,-87.70491
5,40.868922999999995,-74.11835500000002
5,33.89753,-117.49137
5,40.92689395,-73.812536
5,40.726157,-73.90325899999998
5,37.696005,-121.432796
5,38.43630194645673,-112.63298392242127
5,46.414790999999994,-122.890381
5,34.055685,-118.1847
5,40.484524,-77.86761899999998
5,28.356575,-81.420057
5,34.103942,-118.319862
5,38.066238,-122.537277
5,34.003031,-117.380736
5,34.018661,-118.172752
5,36.840694,-119.928453
5,39.661552,-105.184166
5,43.148781,-83.694763
5,39.277759,-76.55172900000002
5,33.957836,-118.111847
5,37.88182800000001,-121.276283
5,36.107307,-86.71969
5,39.022111,-76.949827
5,38.459712,-77.408498
5,38.783611,-76.890327
5,40.772655,-74.913368
5,34.103259,-118.318077
5,38.78742,-120.88066
5,40.765339,-73.83966099999998
5,41.420448,-81.828468
5,36.055481,-86.681259
5,40.84524,-73.92778
5,44.388626,-123.061226
5,29.035818,-81.00326
5,34.303248,-118.479759
5,29.967197,-90.128186
5,34.031220000000005,-118.274582
5,40.099139,-75.295462
5,40.692291,-73.81084399999997
5,45.665539,-122.531792
5,42.761681,-73.930382
5,41.78762800000001,-88.00739300000002
5,33.808208,-117.09601200000002
5,29.25666,-98.72422
5,47.15823,-122.363072
5,39.044404,-77.149136
5,34.01807,-117.5245
5,38.245289,-122.449276
5,30.440849,-87.26673100000002
5,32.975474595866324,-80.07654547653163
5,39.75687,-84.299988
5,34.066196000000005,-117.479172
5,34.082091,-118.223982
5,42.4403,-122.8357
5,37.536787,-122.015
5,38.418713,-121.894348
5,38.72464,-120.809853
5,36.167377,-86.765633
5,40.792596,-73.505717
5,29.59666,-95.44126
5,40.951486,-111.89139
5,25.924514,-80.296237
5,36.264135,-86.726536
5,39.17057,-76.631027
5,42.0336,-88.26798000000002
5,34.81622099859802,-117.09581494275524
5,34.064995,-118.000229
5,41.825226,-87.63059200000002
5,43.440422,-123.316498
5,40.629428999999995,-111.90229
5,35.450741,-80.819458
5,41.168365,-79.04586
5,42.485598,-83.267298
5,30.472049,-83.891327
5,35.24166500000001,-80.983742
5,43.25598,-70.94215
5,41.92195,-87.67775999999998
5,37.484697,-122.184823
5,25.768289000000006,-80.37700799999998
5,40.8195,-73.93075999999998
5,36.833904,-76.13787099999998
5,33.461655,-112.392403
5,32.699116,-117.140648
5,39.4981992242837,-77.95478939972898
5,34.201111,-118.473412
5,45.283209,-93.00329
5,40.9257,-73.771
5,34.087195,-117.664149
5,25.685477,-80.414796
5,34.88329768164213,-92.37771391824543
5,38.283684,-78.934784
5,29.4147,-98.505074
5,26.28016,-80.12526
5,44.860904999999995,-93.474915
5,34.334211,-117.39866200000002
5,26.35083,-80.118103
5,29.98054,-90.17941
5,41.824863,-87.630585
5,34.065824,-117.49424
5,30.094351,-95.506828
5,38.395519,-122.356621
5,37.54668,-77.43388399999998
5,40.082314,-75.400887
5,25.88036656367359,-80.20891785583395
5,34.54752802832342,-92.62752413705526
5,29.865485999999997,-95.48027
5,38.399895,-122.779434
5,40.482322,-78.020546
5,34.181846,-93.073114
5,32.734257,-96.682907
5,40.405251,-111.53163899999998
5,45.520111,-123.091187
5,39.995071,-76.41020999999998
5,40.838536,-73.93007
5,29.809859999999997,-95.412361
5,32.838387,-96.905464
5,33.037791999999996,-80.148544
5,28.56633067117421,-81.29626393279409
5,44.77719,-93.51158
5,37.72395,-122.401205
5,36.738415,-119.823769
5,41.988034000000006,-79.226344
5,40.305245,-76.95614599999998
5,32.695987,-117.123212
5,41.49064,-87.46255
5,37.55503,-77.40749
5,33.890221000000004,-81.047287
5,33.74227,-117.83357
5,43.600863,-116.577526
5,33.931303,-118.38751
5,40.026062,-122.171768
5,45.360826,-122.761028
5,46.440436,-95.208135
5,38.59505,-90.3265
5,37.333938,-80.01837900000002
5,37.143417,-121.984917
5,27.07909,-82.422922
5,38.188774,-85.783417
5,28.18426,-81.303606
5,37.389351,-120.63166
5,36.489286,-119.806545
5,33.984634,-117.344284
5,33.929373,-118.088245
5,41.527561,-87.74260699999998
5,35.28080999999999,-80.847396
5,35.076023,-89.98309300000004
5,39.207062,-77.273735
5,33.867958,-118.052269
5,39.047984,-94.461608
5,35.571888,-80.558914
5,41.212505,-73.13209499999998
5,39.964058,-75.184433
5,35.043732,-120.57692
5,35.464348,-97.565697
5,37.944752,-120.843773
5,34.284363,-118.863777
5,28.237016,-81.55903599999998
5,32.670666,-114.444099
5,33.855090999999994,-87.337616
5,41.8355,-87.68427
5,33.875011,-118.194003
5,41.769535,-72.668213
5,38.373018,-121.358499
5,32.79137,-96.749962
5,33.51285900000001,-82.033493
5,32.698906,-117.094711
5,46.547367,-122.876762
5,40.311188,-79.677986
5,34.036835,-118.034588
5,30.364111,-82.941902
5,37.56166500000001,-122.276421
5,35.20864500000001,-118.914482
5,33.426784999999995,-112.030304
5,44.49102,-93.875031
5,33.812473,-79.032211
5,47.256226,-122.51442
5,33.938209,-118.300308
5,29.766222238398708,-95.56095957710475
5,37.67064928990521,-121.45425438823004
5,40.08184790592153,-74.76369023287408
5,40.766595,-74.021415
5,33.550659,-84.287971
5,33.928431,-118.252726
5,35.353668,-80.822678
5,28.42038,-81.473793
5,26.697345,-80.06995699999997
5,39.395794,-76.687912
5,41.88818,-88.151085
5,33.91362,-84.35505699999999
5,37.315911,-77.400172
5,32.909103,-96.700485
5,42.736961,-121.839729
5,39.240803,-84.299065
5,29.767481,-95.358261
5,42.984596,-85.66458100000001
5,41.95935,-87.83664
5,33.884853,-118.352715
5,36.044582,-79.7742
5,38.991417,-76.886101
5,33.892643,-118.285866
5,45.403061,-123.12373
5,38.869778,-76.98689300000002
5,43.010345,-83.67938199999998
5,33.687789,-116.034209
5,40.974651,-73.706127
5,40.30188,-76.828743
5,30.252905,-81.515999
5,37.948452,-121.300606
5,33.87429,-117.604378
5,42.443508,-83.248878
5,40.855988,-73.900604
5,33.921048,-117.880351
5,36.11063400000001,-86.7145
5,34.468992,-83.072873
5,35.985997,-119.107407
5,33.486938,-117.142799
5,28.874313,-81.28366899999997
5,34.615591764285014,-81.90021157225657
5,25.940783,-80.30677299999998
5,36.16917,-86.816986
5,38.02955031376825,-104.73141074130665
5,41.466774,-81.768517
5,42.131549,-122.484493
5,38.016081,-78.423457
5,35.893853,-119.053499
5,34.120258,-117.736389
5,30.4568,-97.66713
5,27.842793,-82.736785
5,40.045064,-75.257532
5,33.46602,-112.81578
5,34.62859,-82.39121999999998
5,40.07490900000001,-75.529984
5,41.6173,-111.932378
5,34.07204,-117.79097
5,35.24008900000001,-80.973038
5,34.038058,-118.170179
5,39.27124,-76.65035999999998
5,40.83734000000001,-73.88006999999998
5,41.371765,-83.863663
5,47.190452813877144,-114.88674759810024
5,33.881635,-117.267824
5,37.4757,-121.932526
5,37.916321,-122.099922
5,39.29533,-84.48494699999998
5,32.312202,-86.34944200000002
5,41.790321,-88.012642
5,43.366489,-123.329681
5,37.738522,-121.670181
5,27.893785,-82.33799
5,33.174896999999994,-117.211299
5,37.69021,-122.07367
5,33.805893,-118.14267
5,41.76019,-71.47991
5,30.634459999999997,-91.109779
5,34.646346,-84.98128299999998
5,30.44030200000001,-91.208923
5,26.084339,-80.16931899999999
5,34.033511,-118.221915
5,41.215894,-77.18093
5,47.65685300000001,-122.313255
5,37.331673,-77.442412
5,30.404079,-91.059349
5,32.652042,-117.097054
5,32.782561,-96.767909
5,25.891254,-80.186559
5,39.82447,-104.96561
5,35.807701,-78.624634
5,32.853308,-117.122491
5,39.14258,-121.070847
5,28.330513,-82.552338
5,33.878475,-117.657646
5,34.01561379416458,-117.457913159764
5,37.552776,-77.443588
5,36.007961,-86.665878
5,40.987140999999994,-73.841827
5,33.378845,-111.841858
5,30.894239,-84.21198299999998
5,41.38510107974345,-79.84883666000438
5,29.802933000000003,-95.491127
5,40.180382,-82.864983
5,38.612793,-121.401478
5,25.721375,-80.382805
5,42.946218,-83.724314
5,38.482811,-121.811501
5,25.925276,-80.276627
5,33.871413000000004,-117.738052
5,34.706417,-83.07328000000003
5,44.988564,-93.288654
5,30.498436,-83.879712
5,38.868965,-76.8442
5,33.13282,-117.10537
5,43.219809999999995,-86.259674
5,27.531184999999997,-82.50864399999998
5,32.063254,-86.30261800000002
5,40.119419,-75.166489
5,37.025168,-76.332747
5,41.278984,-95.966072
5,33.903576,-78.859825
5,33.863663,-111.472939
5,36.213169,-95.868828
5,36.428951,-121.68322
5,34.135891,-117.399918
5,39.954411,-75.141603
5,43.144512,-123.383935
5,33.92601,-118.104362
5,34.068881,-118.042177
5,34.126408000000005,-117.91603899999998
5,35.24588,-80.847
5,34.321461,-118.497382
5,33.466206,-117.669693
5,38.25468400000001,-85.720039
5,35.289249,-80.731522
5,30.36644,-81.42613
5,28.494684000000003,-81.374924
5,32.9454,-86.633034
5,38.54414000000001,-90.43221
5,45.684208,-92.989944
5,34.664902000000005,-79.521683
5,44.522758,-88.079712
5,44.499746560838226,-117.37032294217408
5,41.569686,-87.297275
5,39.110424,-94.564972
5,28.163245,-82.399183
5,44.47614312150729,-93.92204403832474
5,39.865868,-105.240158
5,40.122424,-75.41013199999998
5,26.136631,-80.16950200000002
5,33.987605,-81.17320600000002
5,37.740066,-122.407899
5,47.368214,-122.293671
5,41.819,-87.73767
5,39.823807,-86.256165
5,28.894171000000004,-81.277618
5,35.153048999999996,-80.87988299999998
5,33.69936,-84.576881
5,33.431673,-112.04188
5,37.034286,-76.346939
5,40.715733,-73.826256
5,34.419806,-118.435596
5,34.064190999999994,-118.250261
5,38.315006,-85.581932
5,33.92503,-118.326576
5,34.120082000000004,-117.782836
5,33.76391,-80.96112
5,30.364996,-81.668877
5,36.138378,-119.134216
5,34.514565000000005,-120.219604
5,41.63105,-71.24141
5,34.07291,-118.466553
5,32.221160999999995,-110.857651
5,38.01411,-121.87699
5,34.018452,-118.279337
5,45.651749,-122.851662
5,42.64684000000001,-73.71110999999998
5,34.030285,-117.702518
5,37.964577,-121.927788
5,33.563351000000004,-117.180969
5,34.212646,-118.349106
5,36.648301,-119.89861
5,38.83466,-77.44905
5,40.446518,-79.881454
5,42.340431,-123.319992
5,40.450312,-104.992199
5,38.638512,-90.480881
5,42.965847,-83.808121
5,43.249722,-77.61484499999997
5,40.412544,-109.695656
5,34.212063,-118.348564
5,34.233270000000005,-112.11133999999998
5,34.802496999999995,-82.526558
5,35.435268,-97.507896
5,40.69725,-73.813789
5,41.88768,-87.983963
5,38.913574,-94.396833
5,32.785932,-97.321208
5,39.44210800000001,-76.348764
5,28.193425,-82.505398
5,33.533046999999996,-86.798454
5,40.163353,-76.15158100000002
5,42.607143,-71.326637
5,39.651657,-77.923851
5,47.656811,-122.340797
5,33.753541,-84.495651
5,33.612298,-117.426662
5,38.987839,-76.981178
5,34.72925,-114.32143
5,32.317875,-90.158621
5,25.748089,-80.307929
5,40.844882,-73.90534
5,38.926449,-121.368477
5,33.420208,-86.694511
5,34.800259000000004,-82.206917
5,29.496576,-98.400558
5,25.845248,-80.263795
5,33.861354999999996,-118.284798
5,38.596013,-121.401416
5,45.23837,-123.06206
5,32.677289,-86.51016700000002
5,41.837879,-123.188423
5,38.41870665531912,-121.8943297857194
5,42.417019,-123.124718
5,28.553203000000003,-81.368605
5,35.464298,-97.601112
5,32.743811,-96.815575
5,41.569681,-72.65131600000002
5,42.384007,-83.318352
5,26.113547086591176,-80.25052428207276
5,45.600117,-118.503539
5,41.790993,-87.94694
5,34.216133,-80.530006
5,29.54072,-98.421349
5,37.433788,-120.740273
5,40.66596,-73.74108000000003
5,26.94305,-80.351189
5,39.99215,-75.08588
5,39.653141,-121.551567
5,35.04364,-85.148201
5,26.071017,-80.166667
5,34.135929,-117.38726
5,38.594523,-77.31557
5,33.876020000000004,-117.880463
5,32.446500062787784,-93.97783398583422
5,39.412674,-84.55841099999998
5,42.580912,-87.884197
5,27.95593,-82.46595
5,40.463341,-86.050797
5,43.02045,-76.14099
5,37.540797999999995,-77.433861
5,33.431121999999995,-112.16925
5,42.978515,-87.915988
5,38.52497,-121.467555
5,28.013959999999997,-82.397758
5,42.38771,-83.43563
5,32.735743,-97.435454
5,37.723503,-121.940369
5,40.700787,-73.960494
5,26.134682,-80.169199
5,33.670845,-111.999687
5,36.081087,-79.476584
5,39.860316999999995,-75.15151999999998
5,43.68795990923075,-116.3342177862342
5,30.395104999999997,-91.085976
5,34.323734,-118.500802
5,45.037501,-93.055769
5,40.79026,-73.1172
5,41.92384000000001,-87.775719
5,37.826944,-122.297521
5,34.120521999999994,-117.872604
5,34.200993,-118.473152
5,30.24552000000001,-92.000366
5,37.155901,-121.655141
5,34.812355,-82.723877
5,44.856224,-117.816654
5,40.502945,-122.33596
5,37.354989,-77.411854
5,37.588181,-122.357405
5,39.582909,-75.732483
5,26.330459,-81.813199
5,33.853786,-117.928364
5,41.976002,-87.939728
5,33.804138,-118.207367
5,43.98439000000001,-123.21868899999998
5,35.791962,-78.543541
5,44.86128,-93.17595
5,38.83601,-76.940263
5,45.200089,-93.029533
5,42.298438,-85.088321
5,36.149744,-86.748046
5,38.664139,-76.87469499999997
5,40.74976,-111.90975
5,32.895837,-96.89856
5,28.00713,-82.50505799999998
5,42.01178,-87.750214
5,33.32996,-80.826988
5,42.903664,-85.78068499999998
5,29.729724,-95.476384
5,36.2703,-119.296621
5,40.71816,-111.88265
5,30.170745,-97.63052
5,34.003772999999995,-118.280922
5,35.10738,-85.34832800000002
5,39.67313,-75.597313
5,37.98303,-77.49256899999997
5,33.864628,-118.28482
5,29.68078,-95.36396
5,30.49725,-85.68158000000003
5,43.598829,-116.519526
5,44.337608,-93.258881
5,35.072884,-90.00985
5,34.136021,-117.375595
5,32.932751,-96.7612
5,40.982811,-74.313103
5,44.97064,-93.25198
5,47.181038,-122.464813
5,40.212097,-75.18585999999998
5,40.689617,-73.57560699999998
5,39.158078,-77.204488
5,35.098579,-81.924522
5,32.83697,-97.04392
5,28.53697,-80.987724
5,33.582539000000004,-111.88269
5,40.086109,-76.41996
5,38.054442,-120.21383
5,33.744976,-84.390343
5,36.62764,-121.587563
5,35.40863,-119.029953
5,34.176949,-118.15963
5,38.895226,-76.837338
5,41.570060999999995,-87.431976
5,41.168636,-112.02041
5,41.114463,-73.388671
5,33.385940999999995,-111.92408799999998
5,32.583903,-117.094293
5,32.833791,-117.118786
5,38.559353,-121.477486
5,40.808945,-115.825233
5,25.689517,-80.365911
5,30.26667,-97.734123
5,30.40753,-86.84616899999996
5,37.779751,-122.407143
5,33.89895,-84.24793000000003
5,34.028042,-118.274508
5,40.85379,-73.963825
5,35.13105,-81.07981099999998
5,34.917124,-81.996163
5,40.89252000000001,-95.79948
5,27.950729,-82.368317
5,27.95623,-82.477058
5,29.848881,-95.473312
5,34.205662,-80.73428
5,43.150816,-77.635343
5,38.624699,-90.203697
5,40.514217,-79.95191700000002
5,41.168598,-87.851341
5,37.961365,-122.05491200000002
5,34.053044,-118.228279
5,41.651873,-87.58169699999998
5,33.69891,-84.265984
5,34.123951,-117.30188
5,33.664028,-87.030182
5,34.040378999999994,-118.05471
5,34.053044,-118.228279
5,26.0838,-80.180802
5,42.26913571337571,-84.54169392545441
5,41.535004377167056,-75.526167153952
5,39.28124,-76.73009
5,32.837051,-96.959251
5,34.063320000000004,-117.278633
5,42.213715,-121.831314
5,41.86747,-87.61896999999998
5,29.784117,-95.519653
5,40.101158,-75.100853
5,38.55417,-121.689551
5,39.748432,-86.264732
5,33.707035999999995,-78.956695
5,37.214911,-93.275601
5,41.53931400000001,-73.771141
5,35.217751,-106.662468
5,35.516438,-78.55796099999998
5,33.681126,-84.398689
5,33.868713,-117.729446
5,38.934291,-94.406129
5,46.717501,-113.291015
5,34.005611,-117.903755
5,47.32225800000001,-122.245087
5,41.927015,-91.676292
5,34.144456,-117.264441
5,34.380093,-118.568787
5,41.03643,-95.81777
5,38.989902,-88.161201
5,40.651493,-74.454674
5,38.290939,-122.03476
5,45.00423,-93.212189
5,33.93882,-118.27968
5,33.390949,-82.027069
5,35.994288,-114.931864
5,38.637651,-77.289209
5,33.80500674231623,-118.08153748455965
5,34.822859,-82.413973
5,34.063789,-118.247589
5,32.90862,-96.89462
5,35.159451000000004,-90.048462
5,29.706495,-95.237774
5,35.42750200000001,-97.570778
5,30.724790999999996,-95.573807
5,30.273077,-97.745949
5,36.919822,-79.38318000000002
5,36.91765665990392,-113.87194991057456
5,39.790611,-84.253799
5,34.085621,-117.544917
5,33.242831,-117.41583
5,29.355468,-82.22165600000002
5,27.80637,-82.732788
5,38.01911,-121.93467
5,33.538383,-112.041428
5,27.893669,-82.728912
5,42.323071,-83.443558
5,33.422371000000005,-111.632668
5,34.757499,-80.691108
5,40.77142,-111.93927
5,37.742176,-121.525635
5,28.054705,-82.454872
5,34.04243,-81.086702
5,27.336483,-82.538605
5,42.17792,-72.2474
5,41.315666,-73.08590699999998
5,37.741287,-121.581245
5,39.696419,-86.269447
5,40.830433,-73.935135
5,34.643661,-82.465843
5,42.525108,-71.08114599999998
5,38.160579,-121.399097
5,42.82871,-78.79057
5,40.132778,-75.193031
5,32.77774,-96.811859
5,39.12827,-104.86392
5,42.054173,-73.98378000000002
5,39.26007,-76.50904
5,40.812271,-73.125114
5,40.861571999999995,-73.91327700000002
5,26.333736,-81.80627700000002
5,35.051609,-89.926041
5,42.379139,-83.23378000000002
5,33.207722,-80.54364
5,42.134372,-123.664281
5,42.959625,-83.692574
5,34.999641,-82.063057
5,35.114655,-80.92411
5,41.137757,-111.799061
5,38.684277,-121.376644
5,33.68803,-84.400452
5,33.445717,-111.856796
5,37.69693,-122.110947
5,40.047595,-75.000252
5,38.661128999999995,-121.379997
5,30.434897999999997,-83.317131
5,34.502575,-82.697243
5,34.077864,-117.865746
5,34.892433000000004,-82.328079
5,41.425102,-81.579185
5,38.249741,-122.069611
5,28.536802,-82.22030600000002
5,38.67579102497732,-104.71134781787528
5,29.21881,-82.03362
5,34.508659,-82.679466
5,32.708645000000004,-117.098251
5,35.088359000000004,-85.215434
5,37.554188,-121.917526
5,38.19203,-90.39578
5,39.647846,-78.770081
5,42.126063,-76.971434
5,28.47253,-81.400803
5,28.410229,-81.471262
5,34.008814,-118.158777
5,38.794881105237984,-76.9987213607931
5,41.55109,-87.311211
5,40.200142,-76.16423
5,25.594286,-80.47847
5,44.894696473861245,-93.40079426720904
5,26.124981,-80.186279
5,32.704411,-117.147102
5,29.764009,-95.37133
5,42.991531,-83.693077
5,36.946846,-80.92009
5,33.874283,-118.202728
5,38.244556,-122.081406
5,47.36964,-122.293526
5,38.803878999999995,-77.163483
5,40.61035,-74.1026
5,38.87033,-77.30082
5,34.068777000000004,-117.861328
5,33.428684000000004,-112.063599
5,29.649803,-95.156471
5,38.15516,-121.67645
5,33.808506,-118.081612
5,37.807933,-122.367463
5,38.505081,-122.649857
5,33.462177000000004,-112.255157
5,37.31794,-121.980484
5,28.485149,-81.44062
5,37.549323,-122.292495
5,38.885014,-77.220901
5,39.065563,-77.469162
5,33.597446679908764,-86.2098562713327
5,40.732352,-73.34659599999998
5,37.677386998950595,-81.11925959548415
5,34.482234999999996,-81.875137
5,27.871734999999997,-82.326691
5,33.232490999999996,-80.446587
5,40.166988,-75.57012900000002
5,25.925205,-80.286229
5,28.575264,-81.310834
5,37.939247,-77.472815
5,35.486019,-97.583344
5,40.199265,-75.11856800000002
5,32.148682,-110.979378
5,25.529505,-80.388368
5,29.677893,-95.42485
5,35.171963,-81.426056
5,34.55081,-82.49253399999998
5,34.419811963870906,-118.43558907452378
5,38.657818,-112.595238
5,35.29155,-80.77073
5,32.88102,-96.897964
5,32.934253000000005,-96.75304
5,47.756004,-122.329689
5,34.436508,-81.894463
5,25.8704102,-80.38806796
5,28.302238,-82.70414699999998
5,33.77202630026926,-117.9091680044274
5,47.240899,-122.348932
5,38.449659,-123.11506
5,36.155598,-86.629776
5,40.088039,-75.129532
5,37.132385,-121.633858
5,33.89986,-80.229897
5,30.433103999999997,-81.57952900000002
5,37.888233,-122.070992
5,34.047058,-117.965111
5,29.70296500000001,-95.277061
5,41.004576,-73.852273
5,42.461308,-83.106026
5,32.94895,-96.82331
5,44.505876,-92.917628
5,34.077007,-117.523689
5,33.437346999999995,-111.721825
5,37.782162,-121.5308
5,43.016773,-83.555626
5,33.76702,-117.922189
5,42.49593,-71.17823800000002
5,42.87207,-85.625343
5,40.808389,-73.927826
5,38.871887,-77.04512
5,37.796658,-122.270332
5,41.83697100000001,-87.675438
5,33.982372,-118.280556
5,30.2364242075432,-97.84622311545444
5,42.811768,-85.981796
5,33.88983,-118.18877
5,25.810012,-80.257747
5,41.083714,-81.57888
5,36.140674,-86.732178
5,36.177536,-80.185387
5,29.703489,-95.604462
5,31.998803999999996,-89.904549
5,25.83548,-80.20618
5,29.055148,-82.656305
5,33.2742,-86.619499
5,34.065711,-118.242281
5,38.24780300000001,-122.629715
5,32.69202,-97.062452
5,36.800715999999994,-78.364861
5,41.817348,-87.74282099999998
5,35.149123,-84.955627
5,40.583679,-122.440353
5,25.778906,-80.37870799999997
5,43.124969,-75.322548
5,38.875473,-76.974037
5,31.712811,-106.340759
5,38.092471999999994,-121.26046
5,36.140747,-86.720398
5,47.154594,-122.292961
5,26.493677,-81.847359
5,43.600865,-116.577534
5,30.260306,-97.749019
5,33.58257651313027,-84.27984595258579
5,42.157349,-71.06884000000002
5,32.802505,-96.831924
5,41.21225,-95.966438
5,39.810749,-86.12158199999998
5,36.090892,-86.734654
5,40.67523837070143,-122.8326094144686
5,33.989235,-118.400274
5,34.17366,-79.379204
5,40.145756,-76.15790600000003
5,34.077793,-117.814013
5,47.624363,-122.334381
5,34.10554289801547,-80.96122384032745
5,27.9935,-80.62675
5,39.993733,-75.19953199999998
5,32.643146,-96.84248
5,37.640091,-122.09062
5,29.95623,-95.524727
5,41.910732,-87.805817
5,39.663036,-86.245575
5,35.80146,-78.583961
5,43.595876,-71.623326
5,26.009743,-80.213165
5,41.150703,-73.248421
5,44.895577,-89.613285
5,37.953495,-121.271439
5,32.791374,-96.749667
5,42.157021,-71.069061
5,45.50682000000001,-122.67098
5,37.631484,-122.084465
5,41.768789,-87.625614
5,34.611622,-118.270988
5,38.94568562,-76.8582809
5,43.11795,-83.892517
5,37.80192,-122.297649
5,29.950598,-95.39946
5,37.949371,-121.237259
5,41.755138635436275,-106.96496128984944
5,42.005496,-122.615328
5,34.531459999999996,-79.562859
5,33.463055,-112.186516
5,35.335297,-80.825089
5,40.43115735034737,-76.49927258455037
5,28.577932,-82.400299
5,25.913221,-80.32486
5,39.571087,-76.13761099999998
5,37.743286,-121.34346
5,27.585114,-82.516335
5,42.043152,-71.24296600000002
5,27.85241246,-82.66414762
5,38.460255,-81.64135
5,35.27450200000001,-80.696732
5,35.299942,-80.93549300000002
5,33.883334999999995,-117.639259
5,40.007161,-120.961977
5,34.314372,-118.48927
5,44.105023,-94.228669
5,29.845589,-95.37767
5,32.842032,-96.590976
5,37.779474,-121.315183
5,35.39162,-97.56557
5,26.680515000000003,-80.20237
5,34.603642,-82.539108
5,34.49850900000001,-117.748181
5,29.95488,-82.414299
5,35.027962,-82.037262
5,33.191185,-80.07325
5,34.038423,-118.22145
5,32.70581,-96.82289
5,39.188122,-121.635101
5,47.23262800000001,-122.435516
5,25.772044,-80.312303
5,41.255282,-111.761223
5,34.153508,-118.464297
5,40.766618,-73.895988
5,40.258572,-74.273872
5,27.791918,-82.335236
5,27.998249,-80.60578199999998
5,33.766033,-84.528023
5,32.542392,-93.832458
5,42.498365,-83.117223
5,37.028572,-119.443306
5,37.817448,-122.296467
5,39.650257,-77.853043
5,33.589149,-80.867531
5,35.014713,-85.251595
5,36.827943,-119.822156
5,30.95456957802317,-87.81913876491635
5,36.067402,-86.63121
5,29.30844500000001,-98.398636
5,47.601704,-122.31678
5,33.948741999999996,-117.300789
5,33.089844,-87.676125
5,40.693001,-89.483643
5,36.987663,-121.963783
5,34.079957,-118.29273700000002
5,38.44112,-82.12724
5,26.388796000000006,-80.101987
5,38.39357972126773,-82.41367220839301
5,33.837224,-117.287603
5,34.570788,-92.593921
5,35.830528,-78.618787
5,33.796963,-118.107826
5,39.780087,-104.940689
5,37.899399,-121.285217
5,37.584156,-122.328293
5,40.854159,-73.965693
5,36.168226,-86.55508499999998
5,47.033688,-112.446682
5,35.037247,-89.795776
5,33.820949,-84.42279599999998
5,42.057865,-88.031441
5,34.120369000000004,-79.60423
5,40.631527,-74.016358
5,30.222675,-97.762459
5,44.340608,-94.805799
5,33.896782,-117.484062
5,35.053878999999995,-118.993112
5,39.375,-76.74564699999998
5,28.48613,-81.439934
5,38.790785,-77.515126
5,33.939278,-118.097717
5,34.107426000000004,-118.47961399999998
5,46.16688,-123.81083
5,33.30195,-117.46864
5,42.927715,-85.67712399999998
5,39.15847,-76.700951
5,33.866611,-117.999184
5,31.734052,-106.311572
5,28.552775,-81.542149
5,35.21394,-80.830933
5,33.462092999999996,-112.049942
5,41.545048,-72.784279
5,28.48638900000001,-81.283821
5,36.291671,-120.267301
5,28.975638,-81.98123100000002
5,35.354593,-120.78456
5,41.285076,-96.042213
5,38.965,-77.181046
5,42.485916,-83.43873599999998
5,35.615862607786106,-119.77557778301346
5,38.970326,-123.11655
5,32.850922,-96.75293
5,34.002041,-117.8349
5,32.969013000000004,-80.00559200000002
5,30.158006,-89.849385
5,38.241535,-122.269127
5,27.996305,-82.38559000000002
5,33.82575,-118.24584
5,29.657635,-95.387009
5,39.790813,-76.733482
5,41.37043,-96.110237
5,25.768571,-80.369064
5,45.74733,-94.989166
5,39.30809,-84.56234
5,34.456059,-118.61615
5,34.558941,-82.68988
5,40.015789,-76.925354
5,39.98402,-76.726646
5,33.865635,-118.099678
5,39.98149,-76.70854
5,25.747537,-80.337062
5,39.325084999999994,-76.63346899999998
5,28.553766,-81.38256
5,34.901033,-82.13709399999998
5,42.887341,-83.599113
5,41.955456,-71.304367
5,25.926422,-80.140827
5,41.074050664705865,-76.96554779969706
5,32.708791999999995,-117.11996299999998
5,35.36338,-97.512169
5,37.69038,-122.107475
5,38.251231,-122.475908
5,39.05978,-84.417702
5,33.960919,-117.315177
5,38.92105,-79.52255
5,37.66937100000001,-122.101639
5,39.91072800000001,-76.70053100000001
5,34.025290000000005,-117.72726000000002
5,43.177608,-83.76861600000002
5,30.431076,-91.05324
5,32.71987080558433,-117.11757302228396
5,42.119965,-86.390121
5,35.688625,-119.330643
5,35.049510999999995,-89.843811
5,29.815128,-95.563324
5,38.792835,-77.155602
5,41.916618,-88.113159
5,34.074425,-118.134467
5,26.117693,-80.324715
5,38.787144,-84.60678100000001
5,38.953102,-76.909408
5,26.939299,-80.155876
5,35.39210100000001,-97.502571
5,35.03572,-90.79512
5,33.785814,-117.884617
5,40.847633,-73.934977
5,34.889751000000004,-82.416809
5,32.977102,-86.686066
5,45.754456,-122.877792
5,26.492752000000007,-81.80765500000003
5,34.136356,-117.364975
5,35.208832,-118.878128
5,33.591575,-86.875395
5,32.792656,-96.624413
5,35.108074,-90.075455
5,34.966384999999995,-82.440887
5,38.242729,-85.710922
5,33.596315999999995,-112.116768
5,33.189209000000005,-87.270271
5,37.583088,-122.050171
5,39.771729,-84.191139
5,25.59672,-80.373901
5,37.48442100000001,-77.396179
5,37.75185,-122.404228
5,29.484119,-98.402908
5,34.4072,-80.20926700000003
5,42.92989,-78.82918000000002
5,33.346119,-82.05323800000002
5,40.762161,-73.756615
5,28.449924,-81.479136
5,36.605022,-120.586502
5,38.43803,-121.397293
5,46.22666,-92.828904
5,36.880379,-119.893082
5,39.765636,-104.940582
5,42.487232,-83.475662
5,34.024601000000004,-118.469238
5,47.250736,-122.257393
5,34.267342,-118.634979
5,34.311249,-81.574669
5,35.020454,-89.89817
5,38.951641,-76.86182600000002
5,32.327133,-86.239166
5,37.094679,-113.567722
5,39.867367,-75.101967
5,35.58218,-97.603821
5,28.712126,-81.514252
5,26.584768,-80.173378
5,33.453823,-82.074402
5,34.056065000000004,-117.546593
5,41.783752,-87.63059200000002
5,40.405614,-74.197673
5,36.074211,-86.92201999999996
5,28.448391,-81.364034
5,25.889454,-80.204769
5,42.705433,-83.307327
5,41.43268,-78.734433
5,29.737438,-95.51712
5,32.675386,-96.757248
5,39.725574,-105.091484
5,33.767945000000005,-117.920267
5,38.6467,-77.28480400000002
5,32.47665,-93.852127
5,36.094418,-86.653364
5,40.0528,-85.657224
5,34.018937,-118.049192
5,37.422127,-77.63460500000002
5,47.630074,-122.165023
5,39.382511,-76.655266
5,43.644154,-95.933083
5,33.909003999999996,-118.180969
5,33.596432,-112.120079
5,34.01250243170732,-118.418508767517
5,35.717541,-119.41935
5,42.39349,-73.82674399999998
5,33.473178999999995,-112.143028
5,36.435188,-121.339973
5,34.15659,-118.44751
5,42.283981,-73.75529499999998
5,34.066513,-117.509984
5,36.23494,-95.690659
5,37.62764,-122.081726
5,36.766594,-77.473831
5,33.873609,-118.24313
5,42.272173,-83.20734300000002
5,27.76568,-82.641678
5,34.030398999999996,-118.142891
5,38.90383,-76.942262
5,33.555329,-112.112569
5,33.975629999999995,-117.361067
5,39.155906,-76.835325
5,40.81601,-112.9174
5,38.384029,-78.905197
5,34.074481,-118.272219
5,34.118520000000004,-117.51715
5,39.111529,-76.876989
5,33.021039,-117.273304
5,34.067305,-117.549859
5,33.958019,-118.368973
5,37.321914,-77.400805
5,33.88015151,-117.56524444
5,34.067417,-117.530622
5,41.794209,-87.63134000000002
5,37.335918,-121.87748
5,37.766239,-122.405258
5,35.571409,-120.560725
5,38.954079,-119.163399
5,39.669121,-105.10968
5,41.071286,-73.896775
5,43.025566,-83.655106
5,37.69026160222201,-122.12313294352472
5,29.62697600000001,-95.173616
5,33.567749,-112.059464
5,37.59558,-122.05859
5,38.543568,-122.720578
5,40.614719,-77.576302
5,29.819031,-95.348343
5,33.753481,-118.015153
5,41.485615,-81.48653399999998
5,26.373136,-80.170969
5,35.660818,-118.021629
5,33.856429999999996,-117.785767
5,37.249577,-121.089569
5,38.800928000000006,-77.02063000000003
5,32.410851,-95.34903
5,34.521999,-118.097473
5,25.871401,-80.173005
5,34.098814000000004,-118.477865
5,37.799159,-122.277241
5,42.749947,-96.211273
5,34.166746,-117.309206
5,40.071724,-76.71932
5,34.082256,-117.698135
5,37.687922,-122.096232
5,41.371433,-71.981689
5,37.53201,-122.00654
5,33.71649384,-84.25731540000002
5,40.808445,-73.944992
5,33.369960999999996,-112.626503
5,37.356795,-121.868906
5,29.790094,-95.277596
5,32.577855,-97.313899
5,34.482071000000005,-81.875069
5,44.966545,-93.272926
5,32.979561,-117.25283799999998
5,44.279440641192046,-105.50324320742844
5,33.362479,-79.938427
5,33.969992,-118.317734
5,26.22519,-80.13627
5,39.885439,-104.98767
5,33.854889,-81.34432199999998
5,39.718478999999995,-111.731178
5,33.959361,-111.40098799999998
5,42.667244,-73.73311600000002
5,30.320884000000003,-81.716297
5,37.682781,-122.129059
5,39.28619000000001,-120.69986000000002
5,33.00412,-96.852013
5,35.39140300000001,-97.441223
5,35.24166500000001,-80.983742
5,29.783972,-95.476662
5,43.044552,-87.9506
5,33.880114,-118.34726299999998
5,33.50951,-112.16879
5,45.90782,-123.72141
5,30.457533,-81.63580300000002
5,29.784481,-95.264954
5,32.763355,-96.807304
5,26.547441,-81.790604
5,33.49926,-112.134247
5,33.633396000000005,-81.787704
5,34.100407000000004,-117.538826
5,36.701925,-77.239912
5,34.395679,-81.57634
5,35.798645,-78.693962
5,34.027451,-118.274498
5,37.619544,-120.994325
5,30.288151,-81.984543
5,25.656426,-80.413329
5,35.0709,-85.320633
5,41.10254000000001,-74.167047
5,37.161865,-121.988547
5,34.011978000000006,-78.776802
5,27.961821,-82.285851
5,38.61436,-76.6124
5,42.315135999999995,-83.169579
5,30.732126,-86.141874
5,38.714382,-121.392265
5,34.273575,-118.589409
5,26.482071,-81.785088
5,42.346153,-71.06094399999998
5,39.861042,-75.147293
5,36.18636,-82.941224
5,38.936914,-76.92129399999997
5,32.196095,-110.938971
5,37.773006,-121.177032
5,33.774757,-118.086456
5,37.660385,-122.104042
5,41.901909,-88.23822
5,41.69508,-87.59682
5,30.275635,-92.049171
5,41.783833,-87.630516
5,40.845146,-73.917938
5,43.174753,-75.322265
5,39.34512019138649,-76.50948643647901
5,33.762023,-117.472419
5,38.666823,-121.27225
5,47.15959,-122.46577
5,37.175667,-76.549026
5,40.86274,-73.841766
5,28.430981,-80.80336
5,34.028252,-118.229256
5,30.802248,-88.104332
5,35.772912,-78.6395
5,30.714540000000003,-86.688675
5,37.5103,-77.47465
5,34.156696000000004,-117.334778
5,34.173164,-118.535973
5,33.37981,-82.027962
5,34.067631,-117.573603
5,34.037015000000004,-118.28963600000002
5,39.935958,-77.033752
5,35.860477,-78.424736
5,29.938168,-90.040885
5,33.930640999999994,-80.436607
5,40.005291,-75.075692
5,35.042590999999994,-81.68875899999998
5,35.125118,-89.729843
5,32.719139,-80.348587
5,45.339892,-123.150765
5,25.796963,-80.321442
5,39.976501,-76.694443
5,34.017849,-79.531311
5,33.878391,-118.142632
5,34.088909,-117.706978
5,35.220268,-80.81085999999998
5,33.914033,-117.443488
5,25.95092,-80.43058
5,38.465678,-78.97138000000002
5,40.839052,-73.933252
5,33.904548999999996,-118.064407
5,36.984359999999995,-121.383949
5,34.03655,-118.15644
5,29.641661,-95.431587
5,38.67034,-104.70679
5,38.150974,-122.449371
5,34.733028999999995,-118.250471
5,45.637334,-109.220005
5,41.926973,-88.037719
5,36.1305,-86.72765
5,40.769279,-73.948669
5,41.251553,-76.93457
5,38.98379600000001,-77.160891
5,33.91426,-118.099295
5,36.048344,-78.811109
5,34.231891999999995,-79.981522
5,41.08791,-73.45706700000002
5,26.547446,-81.87163199999998
5,33.7407,-117.834312
5,25.472758,-80.447024
5,32.17738,-110.944374
5,35.956989,-119.2861
5,34.267845,-119.271553
5,42.02637100000001,-87.80233
5,39.460429,-74.545407
5,29.981833,-95.341606
5,33.523762,-112.047493
5,27.298746,-82.448219
5,35.751919,-78.694664
5,34.362155200000004,-118.50534797
5,37.829079,-122.293854
5,38.000946,-122.037857
5,43.052883,-77.64701099999998
5,32.162855,-110.798596
5,27.446119,-82.508282
5,38.422039,-122.958672
5,36.561829,-119.790962
5,38.713293,-121.364567
5,44.13938,-92.52653
5,40.035134,-86.473299
5,37.97114000000001,-122.047672
5,35.179279,-80.884293
5,39.74886774997832,-84.22727465589415
5,33.574718,-112.186218
5,29.843395,-95.333672
5,33.900337,-117.472839
5,29.777575,-96.009155
5,35.172145,-80.852314
5,33.873234000000004,-118.06015
5,33.732214,-85.239423
5,33.90968,-118.046769
5,25.808326,-80.26389300000002
5,42.592258,-71.280586
5,41.191338,-74.181565
5,30.7038,-86.570824
5,43.036046,-78.983982
5,35.287905,-92.680575
5,37.462642,-122.139596
5,37.490456,-77.564994
5,28.557838,-81.45314599999998
5,34.024537,-117.740711
5,33.359509,-82.109596
5,37.901939,-121.254776
5,38.947141,-76.826291
5,41.577309,-87.58168
5,34.029957,-118.218521
5,47.076654,-122.69094
5,30.407313,-91.102133
5,41.39793276767064,-79.83145594558795
5,46.147474,-123.40416299999998
5,33.191399,-79.940613
5,37.905377,-121.183887
5,34.036652000000004,-118.285858
5,28.187851,-82.741623
5,32.816429,-96.628481
5,36.965163,-76.515022
5,34.833378,-82.445839
5,29.72772,-95.539154
5,34.923538,-120.382874
5,42.394665,-71.01056700000002
5,28.653378000000004,-81.307803
5,27.10857,-80.26061999999997
5,39.854225,-75.367925
5,41.036846,-73.675552
5,37.317127,-121.94104
5,37.70186,-121.90237
5,34.98080134375105,-78.84963870010925
5,36.092525,-95.945717
5,29.708599,-95.316658
5,40.495342,-79.9095
5,42.23822,-71.02365
5,41.33252978305181,-78.5177743431162
5,32.82848,-117.16661
5,30.701586,-86.743324
5,34.018044,-117.524384
5,33.996403,-117.364777
5,34.048769,-117.749868
5,33.872192,-117.686768
5,44.65876,-123.952171
5,42.921707,-83.68016800000002
5,41.87673,-72.267376
5,28.346953999999997,-81.648613
5,35.078291,-89.961237
5,39.795028,-76.363098
5,42.664749,-71.193962
5,37.819184,-122.34986200000002
5,37.998371,-121.818024
5,33.831631,-118.255664
5,39.386234,-74.513562
5,39.639999,-84.23159799999998
5,34.147545,-83.652939
5,41.707752,-72.645172
5,33.912006,-79.822548
5,43.105511,-83.65673100000002
5,38.980919,-121.414948
5,37.80771,-122.36764
5,32.661165999999994,-96.721602
5,39.764775,-84.199341
5,45.03745,-93.01455
5,44.97257000000001,-93.29446
5,41.19743,-112.040108
5,42.194263,-71.077866
5,38.540436,-77.348241
5,29.68298,-95.569771
5,32.11537,-111.21665
5,29.937440999999996,-95.483231
5,30.455944,-97.602066
5,33.781305,-117.879533
5,37.396542,-120.630783
5,34.638329,-79.656769
5,39.55667138080808,-85.78550934750659
5,37.592059000000006,-79.380053
5,41.51502,-81.44846
5,38.474347,-121.417758
5,29.750168,-95.468285
5,31.0358,-104.85032
5,32.9081,-96.898087
5,42.364049,-87.990163
5,30.458166,-91.169243
5,44.946411,-93.100669
5,34.047153,-117.992706
5,41.192638,-95.97702
5,25.855157,-80.209376
5,42.884044,-78.76831800000002
5,33.514728999999996,-112.112434
5,35.001736,-80.855705
5,32.453331,-80.732529
5,29.940792,-95.407066
5,38.314331,-122.694382
5,42.1804,-121.80127
5,38.012291,-121.866089
5,34.820259,-82.43495899999998
5,42.972006,-86.063351
5,39.870682,-104.901512
5,38.886537,-121.23568
5,36.817248,-121.635752
5,40.73576,-74.088951
5,40.133246,-122.124376
5,38.25539000000001,-122.342484
5,35.035931,-90.098923
5,36.325851,-86.92556
5,33.946195,-117.297335
5,38.020869,-121.954423
5,36.97617,-120.078583
5,41.948681,-75.607433
5,32.873705,-96.881597
5,34.12827,-117.50597
5,30.459919,-81.674645
5,25.765331,-80.30399399999997
5,25.846146,-80.240804
5,33.67544,-117.84075
5,38.007533,-120.302661
5,41.765797,-87.62595400000002
5,35.201389,-78.671013
5,38.935299,-105.008324
5,35.080785,-85.24359799999998
5,37.240656,-93.279335
5,32.880409,-83.769562
5,32.751759,-96.89167
5,33.682259,-84.411125
5,30.534505,-87.08734799999998
5,44.473454,-117.340477
5,39.086459999999995,-76.55394
5,40.781689,-73.928146
5,41.954723,-73.754997
5,27.388302000000003,-82.448509
5,38.887276,-77.413437
5,40.18298,-75.116112
5,33.409931,-86.97084
5,36.881107,-76.210735
5,43.013809,-83.634682
5,36.076723,-120.998051
5,34.026309999999995,-117.722545
5,34.13662,-117.477272
5,37.68135,-77.45129
5,27.446512,-82.493039
5,25.924985,-80.27993000000002
5,39.295063,-76.61689
5,39.880712,-75.246649
5,46.830693,-104.219259
5,41.877571,-87.9188
5,35.865108,-78.63793299999998
5,33.82558,-84.34756
5,45.159298,-93.163216
5,45.507191,-122.718674
5,34.909664,-111.641036
5,29.872041999999997,-95.262558
5,30.43944500000001,-91.194656
5,30.28467,-97.519722
5,34.303421,-118.479546
5,33.93652,-117.290359
5,39.885185,-104.882027
5,39.465203,-122.136682
5,30.43653,-81.655563
5,37.55503,-77.40749
5,45.565475,-123.105881
5,36.784698,-76.333168
5,41.67870300000001,-87.661713
5,34.545711,-117.300181
5,29.728109000000003,-95.473503
5,35.887505,-78.844868
5,32.72793889030109,-117.11250901166385
5,29.98875300000001,-95.423858
5,39.310373,-76.50189499999998
5,41.186344,-73.87311899999997
5,39.134684,-94.568005
5,34.017982,-117.472214
5,32.924622,-96.785385
5,41.823238,-87.723907
5,25.626145,-80.41645
5,25.702782,-80.16046999999998
5,29.66934,-95.262016
5,34.320875,-118.495832
5,29.944974,-90.089961
5,34.721668,-81.415863
5,30.404519,-91.09747
5,33.640898465949824,-84.40039515455054
5,40.792934,-73.82396700000002
5,38.89233,-112.413033
5,41.797419,-77.04414200000002
5,39.967537,-75.1893
5,30.167254999999997,-81.540367
5,39.093359,-121.546926
5,34.926421999999995,-120.417992
5,37.651707,-121.896117
5,38.928797,-77.51701800000002
5,34.030212,-117.678138
5,33.522419,-117.163132
5,37.386392,-119.737322
5,41.22303,-95.99739
5,34.466904,-118.32638500000002
5,34.012219,-118.418573
5,43.192872,-124.225295
5,33.835618,-118.287481
5,39.54581,-85.460926
5,34.920891,-81.992271
5,29.946428000000004,-90.080597
5,33.869341,-117.754349
5,47.305252,-121.305954
5,38.690598,-121.576637
5,42.917715,-77.695312
5,25.515341,-80.4076
5,33.969921,-117.895279
5,43.034089,-88.033245
5,39.917645,-121.736329
5,32.593486,-97.319404
5,37.45222800000001,-121.92049
5,42.027027,-71.257225
5,35.968258,-87.31368
5,35.148140000000005,-81.573578
5,33.94983,-118.09201000000002
5,41.99086,-88.04095500000004
5,34.143291,-117.335472
5,33.792027000000004,-84.391769
5,35.739992,-78.627553
5,35.43512,-97.565552
5,32.83988,-97.32908
5,38.01046,-122.230175
5,40.132149,-76.032257
5,32.635222999999996,-97.321487
5,37.630527,-114.508499
5,37.281773,-121.808525
5,37.005775,-76.436142
5,36.677845,-119.79981200000002
5,37.552735,-122.5123
5,39.267925,-76.560272
5,42.30304,-83.11558000000002
5,38.613808,-121.423943
5,36.575676,-121.912994
5,33.840462,-117.249687
5,40.543892,-74.272987
5,38.242344,-77.148291
5,41.493279,-81.677109
5,40.134007,-75.03286700000002
5,32.98315,-96.712372
5,35.86797100000001,-78.581978
5,33.41107,-111.99025
5,26.542968,-81.83934
5,43.020579999999995,-73.790802
5,39.95854600000001,-83.075012
5,33.575325,-80.81959499999998
5,40.72428,-111.92468
5,40.847408,-73.9254
5,39.719627,-86.082474
5,34.017982,-117.472214
5,29.519643,-98.47964
5,37.522372999999995,-121.98763999999998
5,35.399956,-94.366183
5,29.690726,-95.537683
5,33.931412,-79.413368
5,41.55193448046898,-73.0441367622707
5,39.29926515,-76.53047204
5,29.722103000000004,-95.512321
5,33.67814,-117.846954
5,36.833229,-76.28511800000003
5,32.68832800000001,-117.163582
5,40.66974520663896,-73.9971792694378
5,34.116014242009555,-117.82393813077056
5,36.323597,-119.60096
5,40.876291,-73.870648
5,37.638046,-122.404922
5,39.20248,-76.62532
5,38.811466,-94.822419
5,45.593837,-118.61035
5,37.966637,-122.048973
5,25.855368,-80.20938699999998
5,34.072015,-118.108022
5,36.43024563771996,-119.95017886104608
5,34.171413,-80.971649
5,42.017178,-87.665451
5,37.354989,-77.411854
5,38.898990999999995,-76.97659300000002
5,40.735243,-73.919352
5,37.74189000000001,-121.57531000000002
5,34.029590999999996,-118.008392
5,38.140125,-122.23153700000002
5,37.737132,-120.923115
5,34.067414,-117.427969
5,44.830696,-122.823532
5,29.965163,-95.552488
5,33.440777000000004,-82.117958
5,38.70824,-90.890777
5,40.582190999999995,-85.672508
5,32.79509,-96.694661
5,39.749371,-76.950142
5,36.59309,-79.53656
5,28.197373,-81.706324
5,45.480991,-122.57899
5,41.3549,-81.08004
5,26.010802,-80.174525
5,43.93153,-91.87422
5,33.994209000000005,-117.356247
5,35.23925999999999,-80.96755
5,32.775269,-96.809967
5,39.798798,-84.189705
5,37.362774,-121.887871
5,37.520718,-77.428963
5,30.508514,-91.172462
5,35.133331,-84.935959
5,43.699657,-123.275269
5,40.858613,-111.904828
5,45.54404854752758,-122.23853230418092
5,48.238621,-122.240616
5,40.861943,-73.912738
5,34.03973,-118.064857
5,33.930855,-118.178709
5,25.65615,-80.417012
5,35.012856,-81.958076
5,41.231369,-77.019432
5,39.339004754832565,-77.05854535066098
5,32.722693,-117.160176
5,30.788349,-83.505493
5,43.143097,-77.736023
5,32.78239,-97.320856
5,37.362171,-121.046039
5,38.587339,-121.353841
5,26.325151,-80.116821
5,33.826038,-118.248324
5,32.756015999999995,-96.617462
5,30.51168322548623,-88.2869803901277
5,44.471825,-93.292389
5,37.992836,-85.70445500000002
5,25.854094,-80.322693
5,38.514998,-90.377973
5,38.638081,-121.328078
5,33.122536,-97.034393
5,34.340145,-118.519516
5,35.393777,-82.503716
5,33.386058,-111.684719
5,38.829755,-77.32396
5,38.183651,-121.806183
5,32.54562,-93.973465
5,33.104252,-96.787842
5,35.613111,-81.091229
5,34.081492,-81.070932
5,38.834366,-77.218048
5,45.664962,-94.764043
5,39.761623,-104.902847
5,33.103493,-117.310776
5,30.55184,-91.175087
5,37.62402,-77.553314
5,44.966633,-93.27417
5,27.803222,-82.744135
5,32.16885,-110.943314
5,36.633476,-119.989098
5,33.415890999999995,-117.158203
5,39.94254469852474,-75.14293312990597
5,36.625198,-121.583862
5,29.980719,-90.057968
5,33.910222999999995,-84.220343
5,27.793538,-82.334979
5,41.601112,-87.583641
5,43.191971,-83.754349
5,39.427357,-77.487183
5,45.46865800000001,-122.582993
5,34.070206,-117.864616
5,25.763151,-80.302214
5,35.698514,-82.638101
5,40.39152,-111.83502
5,42.491673,-88.99342299999998
5,43.226906,-123.360912
5,37.549675,-77.28621700000002
5,30.344040000000003,-97.697144
5,34.107426000000004,-118.47961399999998
5,37.332439,-121.844795
5,38.173592,-120.659012
5,33.956556,-84.51642700000002
5,37.384819,-77.452438
5,34.0485,-84.56173000000003
5,37.05695986730071,-121.02119564952363
5,34.067849,-117.40948600000002
5,34.039989,-117.154137
5,28.063277000000006,-80.693623
5,40.84883,-73.93863
5,41.354622,-74.284615
5,33.652649,-112.255013
5,25.712548,-80.382427
5,26.08148932444534,-80.14074683151178
5,33.296428999999996,-111.94577
5,34.017162,-118.175362
5,36.117529,-78.929211
5,26.333428,-81.806251
5,39.711239,-104.866188
5,45.080196,-93.176888
5,37.364021,-121.901695
5,34.360638,-117.434616
5,39.815262,-75.765388
5,33.270309000000005,-117.439262
5,33.174331,-117.210325
5,34.159012,-80.910202
5,41.736378,-87.62458000000002
5,32.889194,-96.491165
5,33.839596,-81.103687
5,29.696309999999997,-95.28894
5,42.331463,-83.08731800000002
5,29.971665,-90.04300500000002
5,32.83408,-96.897217
5,32.811211,-96.849602
5,33.620311,-81.117954
5,30.500272999999996,-97.685303
5,40.065262,-82.976959
5,39.77243,-104.809738
5,37.440016,-78.858194
5,38.243259,-85.621872
5,40.667641,-111.948441
5,37.746044,-121.584045
5,33.615761,-84.398178
5,44.174969,-93.951851
5,41.726345,-87.62428299999998
5,29.453096,-98.630058
5,37.627209,-120.996704
5,42.912651,-85.628036
5,47.315102,-122.296608
5,25.688253,-80.323848
5,37.089764,-80.573685
5,47.612801,-122.330566
5,34.066309999999994,-117.121573
5,41.660339,-87.588982
5,29.705444,-95.493103
5,35.435177,-97.569771
5,29.736291,-95.604027
5,34.02864,-118.21611
5,37.259254,-77.399086
5,30.519274,-87.27295699999998
5,47.46777,-122.217903
5,37.61652,-77.44423
5,30.247025,-97.888346
5,38.563847,-121.636669
5,43.034908,-83.507195
5,25.942879,-80.187675
5,39.238308,-76.64135
5,38.385635,-120.738892
5,28.59063,-81.37906
5,33.970718,-117.375351
5,36.45773292,-119.29541945
5,33.543434000000005,-84.27037800000002
5,38.72059,-90.31395
5,39.262466,-76.706264
5,37.34155300000001,-121.853714
5,32.84187,-117.02447
5,34.97065,-81.857964
5,38.973621,-76.979462
5,29.69323,-95.29081
5,33.842453000000006,-117.830452
5,42.04341,-88.37628000000002
5,42.164211,-71.177086
5,34.045381,-117.310832
5,32.705135,-96.832069
5,40.505161,-111.891792
5,39.297432,-76.50296800000002
5,32.326503,-90.325753
5,38.091488,-122.229912
5,45.46924,-122.8003
5,35.814995,-96.458549
5,25.867542,-80.208443
5,42.971317,-83.68190799999998
5,35.110724,-119.054745
5,38.549198,-122.720398
5,33.681637,-112.229485
5,40.854159,-73.965693
5,28.553140999999997,-81.376892
5,42.895987,-74.483793
5,40.861801,-74.339699
5,34.559639000000004,-111.904762
5,42.208474874295185,-84.98264908750063
5,28.231939,-82.676971
5,38.792497,-77.041736
5,41.192905,-111.979263
5,35.76778293,-78.51526379999999
5,34.004498,-117.400497
5,42.97045900000001,-75.33149
5,30.455017,-83.76217700000002
5,33.17297101,-87.45311379
5,45.769531,-120.090767
5,33.88414,-118.02911
5,39.8046,-86.05416
5,32.690376,-96.632736
5,43.027922,-78.978829
5,39.263835,-104.894448
5,35.10712,-106.69998
5,35.435238,-97.654022
5,39.77249264698137,-86.03029847104055
5,34.033681,-118.1699
5,34.036196999999994,-117.322163
5,39.780006,-86.269958
5,37.825237,-122.305832
5,41.504581,-81.66780899999998
5,41.544717,-73.072776
5,33.93179,-118.10137
5,25.942296,-80.30827
5,42.640701,-71.231239
5,42.041153,-87.76346600000002
5,33.987590000000004,-118.13742
5,38.51598,-90.54896
5,40.320076,-82.843086
5,45.25238,-93.55508
5,28.197522,-80.708873
5,29.965006,-90.123301
5,40.07164,-75.301819
5,30.50079,-97.581711
5,33.797787,-118.29747
5,33.65207791312384,-117.90884613934556
5,38.465473,-77.407997
5,34.161091,-118.469627
5,34.4925,-118.19505
5,37.145508,-121.98497
5,34.053478000000005,-118.232307
5,35.305687,-80.599998
5,33.881840000000004,-118.19171
5,34.220490000000005,-118.35739
5,33.565014,-84.320396
5,34.0302,-117.68057
5,28.465441,-81.598122
5,32.840396999999996,-97.239525
5,34.028046,-118.219368
5,30.39732,-91.108177
5,33.165977000000005,-84.040077
5,28.20812,-82.185074
5,32.758823,-96.822424
5,45.07444,-93.32008
5,48.078331,-122.184944
5,35.014480999999996,-82.22116899999997
5,38.551579,-122.650543
5,33.974728000000006,-118.234627
5,41.070314,-73.485938
5,39.9346,-82.96441
5,33.902678,-117.464255
5,34.07543,-117.54505
5,32.888031,-117.112717
5,36.633381,-119.483963
5,27.840783,-82.381592
5,41.957761,-77.10736700000002
5,30.47302100000001,-91.110527
5,39.621373,-76.078691
5,44.975999,-93.507031
5,39.716538,-75.154881
5,38.012341,-121.773827
5,34.050277,-118.214107
5,44.506943,-92.91877
5,33.761282,-78.886524
5,38.165077,-122.577904
5,39.717079,-86.148972
5,39.801998,-105.076492
5,39.869008,-75.329789
5,42.008129,-88.203804
5,32.7907,-96.792548
5,38.13595,-105.46374
5,38.783206,-119.5894
5,41.73976,-72.62993
5,35.616058,-119.689774
5,33.967743,-117.849632
5,29.759428000000003,-95.361694
5,43.877029,-94.429138
5,34.21682,-80.592674
5,40.748924,-74.176741
5,29.655609,-95.263992
5,44.054936,-121.268703
5,45.343451,-118.237338
5,34.025729999999996,-118.275223
5,38.003868,-122.042107
5,25.946123,-80.163703
5,33.866577,-117.764813
5,40.06364,-118.64864
5,42.753407,-73.76985400000002
5,33.250381,-79.733627
5,26.679218,-80.166565
5,42.937949,-78.696936
5,38.85372,-77.07408000000002
5,42.294624,-71.479576
5,42.267483472622544,-113.14365506118229
5,39.946222,-78.021162
5,36.670378,-121.635957
5,37.373634,-121.927773
5,43.832401,-123.029861
5,32.63263,-96.82335
5,32.840006,-97.329498
5,46.62942051865277,-120.5140864843344
5,41.80368,-87.927231
5,38.817105,-77.44419599999998
5,34.03535,-118.328909
5,41.984295,-87.868065
5,43.045712,-87.926346
5,34.040397999999996,-118.016487
5,34.101690000000005,-118.31674
5,33.854106,-117.919787
5,38.857098,-76.90441899999998
5,39.980549,-111.354172
5,39.099838,-76.889427
5,35.150234000000005,-85.24807
5,41.612215,-72.678947
5,38.61166,-121.40154
5,26.50675,-81.51775
5,35.169628,-80.904701
5,34.804192,-82.997505
5,35.734153000000006,-78.640571
5,34.234821000000004,-118.290932
5,32.70375,-96.66302
5,30.42262,-91.13505
5,47.357849,-122.296249
5,36.180443,-86.800438
5,41.909534,-71.450737
5,40.73112,-84.00273100000003
5,33.978406190710174,-117.33826518002824
5,33.498261,-112.219559
5,40.712853,-93.845424
5,41.654137,-72.77068
5,40.825386,-73.20314
5,35.085281,-106.636856
5,43.709679,-93.319936
5,36.049333,-86.665687
5,47.539036,-122.334763
5,33.740733,-84.23037
5,40.04848122577644,-75.56659340822426
5,38.737010999999995,-120.710907
5,27.521511,-80.451012
5,47.181038,-122.464813
5,34.027458,-118.27449
5,34.877087,-120.405937
5,41.892784000000006,-87.648315
5,26.596333,-81.718898
5,38.56583,-121.33638
5,34.15633,-79.872726
5,40.139881,-76.382713
5,33.678002,-117.758685
5,33.870696,-117.744859
5,40.027408,-76.303688
5,40.235928,-76.901062
5,31.674065,-106.253166
5,33.802820000000004,-118.12519
5,33.356312,-82.08339699999998
5,43.93944382646589,-117.36354231778448
5,34.97065,-81.857964
5,47.408166,-122.291835
5,44.951838,-93.347944
5,33.611073,-112.11647
5,40.365276,-112.038475
5,38.99958,-76.995271
5,37.321243,-121.834052
5,35.419609,-119.021263
5,34.120451,-117.731674
5,37.724897,-121.252155
5,34.160069,-118.46962
5,44.874447,-93.04245
5,28.52314,-82.28862
5,35.032146000000004,-80.968962
5,28.549336,-81.397389
5,30.655167,-87.91597
5,39.591543,-107.179971
5,25.91873288142243,-80.2103984352102
5,40.406033,-79.912186
5,39.846346,-123.701207
5,39.00562,-93.88433
5,33.43906,-80.006897
5,33.904756,-118.105133
5,30.260647,-97.674393
5,34.036636,-118.161842
5,30.295321,-87.442509
5,39.0502,-76.84212
5,34.023637,-118.277025
5,33.589417,-80.35675
5,40.7109,-74.17544000000002
5,25.763159,-80.301901
5,33.100248,-117.30835
5,41.92933201769862,-91.6819488997856
5,43.057976,-77.471329
5,29.77716565,-95.38423419
5,25.872779,-80.234256
5,37.746288,-121.725639
5,47.312889,-122.345428
5,34.00421,-79.202015
5,44.877078999999995,-94.712067
5,40.50428,-111.891174
5,38.989259,-76.148424
5,42.690521,-71.20623
5,40.71780800000001,-73.826355
5,40.643101,-74.677048
5,33.462685,-112.220184
5,43.04159,-77.46219
5,44.301769,-123.13887
5,34.085115,-80.190957
5,28.358834,-80.700112
5,37.300739,-78.828499
5,39.52422,-119.862045
5,36.131692,-86.76843000000002
5,33.537853000000005,-112.228996
5,34.470779,-81.911201
5,29.65835,-82.417259
5,39.447665,-77.38569
5,34.104462,-86.51889
5,40.71944000000001,-74.23394
5,39.72557800000001,-105.017548
5,32.824492,-117.145353
5,38.601098,-90.214926
5,33.759228,-117.861328
5,43.02531,-87.92173000000003
5,39.323437,-77.357155
5,33.802586,-118.118439
5,38.710369,-121.075474
5,41.17463400000001,-115.82961
5,29.897968,-95.412216
6,29.950621,-95.272263
6,32.789776,-117.113228
6,37.833148,-122.482342
6,34.906631,-82.16330699999997
6,36.00402800000001,-76.960892
6,41.596958,-81.48806
6,41.94625900000001,-88.02195
6,34.180805,-118.16921200000002
6,35.282978,-80.771141
6,40.782818,-73.943871
6,25.896038,-80.296021
6,38.84094,-76.72753
6,41.86971,-87.917034
6,44.999519,-92.984718
6,25.667141,-80.36965699999998
6,42.921753,-85.635997
6,39.553102,-122.003
6,30.187227000000004,-95.249908
6,28.230286,-82.685165
6,28.494169,-82.5439
6,35.172352000000004,-81.844452
6,34.133792,-118.275485
6,44.96318,-93.8548
6,40.139156,-83.038452
6,36.086037,-86.699966
6,35.17208,-80.85123
6,38.564129,-121.378922
6,45.177528,-95.28782
6,35.29007,-80.763428
6,27.269038,-82.456355
6,40.735624,-73.914611
6,30.442348,-91.007439
6,39.63138,-75.93669799999998
6,45.218483,-93.029213
6,41.100025,-73.9534
6,34.156884000000005,-118.379247
6,33.889091,-117.88073
6,46.847015,-92.512459
6,25.942879,-80.187675
6,37.294598,-121.938858
6,32.986346999999995,-96.99337
6,34.005219,-117.39346299999998
6,40.041155,-75.251409
6,39.92446500000001,-76.95845
6,45.34515,-122.490097
6,27.493447065222288,-82.48486876448399
6,34.0304,-117.681564
6,30.287661,-82.123421
6,40.002772,-74.20146
6,29.418627,-98.480515
6,33.617191,-117.710543
6,35.08017,-89.955597
6,37.55458400000001,-77.405823
6,25.555359,-80.39222099999998
6,37.689262,-122.105995
6,26.137323,-80.16877
6,32.90097,-96.726047
6,34.402046,-118.456139
6,34.040203000000005,-118.017159
6,35.005882,-82.215637
6,33.903068303900234,-84.24128651578788
6,33.494595000000004,-79.087685
6,39.273422,-76.6287
6,32.765949,-96.895599
6,36.145153,-86.74942
6,32.05402,-81.141479
6,39.024381,-77.011217
6,33.514689000000004,-117.15809099999998
6,41.98158144930848,-93.0586946006152
6,27.960487,-82.70882399999998
6,40.0536,-82.324364
6,34.028938000000004,-80.668983
6,41.5129,-73.68358
6,42.943905,-83.731812
6,33.873940000000005,-118.2319
6,33.582731,-79.93329399999998
6,36.060783,-95.859482
6,30.365211,-97.695804
6,41.870609,-87.8871
6,28.647329,-81.505074
6,42.244232,-71.02951
6,29.532875,-98.495903
6,36.984877,-120.087171
6,40.909279,-73.786473
6,42.780472,-83.533073
6,40.391369,-105.428223
6,32.113385,-84.464148
6,39.06619600000001,-84.52080500000002
6,37.27904,-121.80681
6,34.011435999999996,-81.148201
6,35.018631,-81.209328
6,26.259996,-80.13323199999998
6,34.111996000000005,-118.265465
6,36.149342,-86.803459
6,25.882641076918212,-80.25865673980589
6,32.736366,-96.919632
6,39.099647999999995,-76.890022
6,43.188221,-77.854179
6,45.126525,-93.349725
6,30.23312,-92.014069
6,25.656969,-80.386765
6,41.205257,-95.996162
6,39.01708,-77.10181999999998
6,29.863655,-81.344101
6,33.780243,-80.985123
6,28.242571,-81.32701899999998
6,26.566389,-81.67830699999998
6,40.125294,-74.837898
6,34.170915,-118.574226
6,40.79887,-73.468071
6,33.85999,-117.987127
6,34.911339,-82.42614
6,42.340363,-71.261955
6,39.926872,-86.029762
6,48.18751500000001,-122.202255
6,40.289965867804106,-79.01801705322735
6,43.179218,-77.650803
6,36.576488,-121.49414099999998
6,33.893256,-118.045783
6,41.659306,-85.70575
6,33.161873,-97.07357
6,38.40860900000001,-121.483543
6,36.05804085714313,-79.107903241734
6,34.199546999999995,-118.338226
6,33.576747999999995,-117.537857
6,34.202961,-79.53411899999998
6,34.215488,-82.081673
6,39.74382,-105.109581
6,37.825638,-122.304092
6,41.638668,-87.718369
6,38.552141,-121.415754
6,41.97286,-87.74793000000003
6,33.982822,-117.367075
6,41.281494,-95.952263
6,38.83618900000001,-77.447701
6,39.249752,-85.356474
6,38.145806,-122.216611
6,39.158112,-76.82737
6,36.237827,-86.785866
6,41.466,-87.32337
6,30.199532,-81.743767
6,39.902088,-82.898178
6,30.62789,-97.864807
6,44.85907,-93.35548
6,25.867117,-80.322662
6,47.104229,-122.590958
6,38.987848,-120.888167
6,36.051272999999995,-80.360138
6,38.477886,-121.50753
6,34.480656,-83.58721899999998
6,35.284138,-81.189018
6,41.94327,-87.71621
6,35.718175,-78.654865
6,33.451405,-112.108086
6,34.433943,-118.384437
6,36.187042,-86.631035
6,32.79858,-96.681084
6,33.963051,-82.39188399999998
6,35.05328,-89.99131
6,35.05226,-89.95168000000002
6,44.711493,-89.65812199999998
6,44.622801,-94.3761
6,42.430344,-71.10311899999998
6,30.082214,-95.190353
6,37.395873,-122.292634
6,28.895168,-82.100655
6,34.029255,-117.715557
6,42.604641,-121.929098
6,38.93234,-92.29362
6,38.945431,-76.85817
6,37.519516,-77.516144
6,41.181969,-73.84895300000002
6,30.428246,-91.107422
6,38.316311,-122.483124
6,35.25833499999999,-80.794762
6,28.50614,-81.33917199999998
6,45.044666,-93.105782
6,40.845699,-73.931747
6,30.344753000000004,-97.581284
6,30.24994,-81.54128
6,40.372143,-79.917107
6,29.448908000000007,-95.077342
6,33.775612,-84.237442
6,40.695813,-73.964566
6,38.524568,-121.471651
6,33.976298,-117.54867
6,27.89389000000001,-82.71255
6,26.61717800000001,-81.68253299999998
6,39.908749,-86.204643
6,30.440872,-97.66819
6,36.205545,-119.233359
6,41.42463,-81.55923
6,39.135751,-94.819065
6,37.613037,-122.394531
6,33.376244,-86.82498199999998
6,37.346392,-121.858364
6,36.144424,-86.695183
6,35.25947,-80.79496400000002
6,37.826111,-122.300659
6,39.103367,-94.577217
6,38.223403999999995,-85.57886500000002
6,42.487762,-83.04538000000002
6,39.813313,-84.22779799999998
6,37.582054,-121.321841
6,35.227141,-80.851387
6,25.623637,-80.382118
6,27.324976,-82.431946
6,33.83041,-118.287743
6,29.814141,-95.357854
6,37.66896,-122.1094
6,38.938225,-104.601044
6,45.947521,-94.871597
6,40.11091,-82.99181
6,33.46197,-112.02595
6,38.63208,-90.29187
6,39.153549,-84.254692
6,45.662621,-118.806015
6,37.400574,-122.03569
6,48.251022,-114.143036
6,37.93020129,-122.38502383
6,36.194927,-86.743149
6,32.968578,-96.920036
6,41.565269,-87.743629
6,32.724579,-96.758293
6,34.202961,-79.72068
6,34.221127,-81.679321
6,37.82506,-122.31199
6,40.031422,-76.29960600000003
6,42.981285,-88.036583
6,34.014866,-118.168999
6,37.242946999999994,-121.803543
6,41.975929,-88.080322
6,28.586895,-81.286377
6,41.077533,-74.04995600000002
6,33.928087949591024,-118.1032741064162
6,29.81192,-95.474442
6,32.913006,-96.873245
6,40.66733,-73.7711
6,26.839661,-80.10174599999998
6,37.812116,-122.477625
6,26.042061,-80.199158
6,38.363556,-122.712561
6,33.774848999999996,-118.086327
6,44.34795,-93.29331
6,27.269512,-82.448784
6,33.99777,-117.3682
6,41.946804,-88.207993
6,33.181564,-117.32692
6,39.495983,-77.567986
6,40.72049000000001,-111.90546
6,41.965709999999994,-71.02810699999998
6,29.64401,-95.57599
6,35.001305,-85.21084599999998
6,32.647675,-96.864227
6,36.294998,-82.488426
6,25.854021,-80.322517
6,47.609741,-122.337837
6,37.201415,-76.570302
6,43.17975,-87.91879
6,25.915694,-80.32516700000002
6,40.989498,-73.677086
6,32.388386,-95.315183
6,38.791714,-77.175446
6,33.597038,-111.953079
6,40.700986,-73.99459
6,30.239861,-97.688087
6,37.131458,-121.633308
6,30.1957,-83.06381999999998
6,30.444384000000003,-91.154625
6,42.320972,-123.288666
6,37.75510300000001,-122.00353
6,42.521005,-123.365703
6,37.609838,-118.39254
6,35.26828,-80.853996
6,39.545551,-119.78798700000002
6,41.299702,-81.516724
6,45.490659,-122.674709
6,39.36639,-104.865463
6,47.358845,-122.296074
6,33.90437,-118.184719
6,40.00598,-74.85459
6,36.994492,-76.438461
6,40.130741,-75.375031
6,37.742702,-121.529022
6,35.058819,-81.946373
6,37.547708,-122.319466
6,45.216694,-93.593491
6,36.999254,-76.43885300000002
6,35.155266999999995,-80.795699
6,34.242824,-118.472883
6,33.830403999999994,-117.248758
6,38.71024,-90.2833
6,32.278110999999996,-110.87722
6,38.150974,-122.449379
6,39.052743,-76.627523
6,40.156174,-75.485039
6,37.77304,-122.40657
6,30.514656,-91.161591
6,37.931908,-122.086761
6,34.854519,-82.78875699999998
6,26.671509000000004,-81.731964
6,39.639188,-75.791106
6,30.164565000000003,-83.59521
6,26.121315,-80.18618000000002
6,42.587925,-83.050072
6,43.26671,-88.1828
6,29.394897,-98.478013
6,25.80162,-80.242012
6,42.318290999999995,-71.077843
6,29.686537,-95.587524
6,39.08669,-104.86124
6,34.39255,-118.47277
6,33.563147,-117.648396
6,32.780776,-96.802424
6,39.642235,-105.005554
6,37.6296007631415,-77.37006783448521
6,45.853334,-111.336368
6,40.141071,-75.116508
6,28.635253,-81.453414
6,28.630995,-81.387535
6,32.648308,-96.777023
6,30.22555,-92.000839
6,26.285359999999997,-80.13587199999998
6,43.128037,-70.837828
6,38.03251,-78.86029
6,38.664842,-120.93225
6,34.83083,-82.50412800000002
6,35.122754,-78.75247399999998
6,43.383389,-121.730414
6,42.231812,-71.159592
6,40.482285,-78.202228
6,30.621349,-97.689659
6,35.133773088287676,-89.86750960307184
6,44.25423,-95.755058
6,25.810471,-80.206138
6,42.086693,-88.335205
6,30.00499000000001,-95.291092
6,33.91664,-117.43883999999998
6,34.055387,-118.216523
6,39.185938,-94.518662
6,40.228214,-75.659775
6,40.536755,-85.87269599999998
6,28.444691,-82.485825
6,29.8214,-95.392532
6,42.902653,-73.786118
6,30.06443,-81.870918
6,34.139790000000005,-118.365364
6,30.614031,-87.322121
6,29.589355,-98.29768
6,28.485745,-81.409193
6,37.63872027,-120.84768891
6,35.849697,-78.581693
6,38.321186,-78.308403
6,29.399159,-98.53106
6,35.374851,-119.651129
6,39.414505,-84.582741
6,45.326219,-95.630485
6,35.127727,-90.023698
6,41.624111,-81.46006
6,37.895374,-122.113724
6,39.141422,-104.861718
6,32.273579,-110.978073
6,30.01857,-95.112617
6,42.516582,-71.0896
6,33.48761,-82.073051
6,41.386475,-73.60025999999998
6,31.141109000000004,-87.127922
6,37.866705,-122.303865
6,35.354659999999996,-97.489342
6,42.704474,-73.70693399999998
6,37.511909,-77.4076
6,35.180038,-80.81440699999997
6,39.747419,-86.14054
6,33.261466999999996,-84.095192
6,37.033422,-76.342668
6,40.776012,-74.04085500000002
6,33.840328,-84.313011
6,32.71143,-111.493027
6,34.036765,-118.317757
6,44.429064,-117.315566
6,29.774583000000003,-95.257029
6,33.671059,-112.036201
6,44.190907,-94.077607
6,34.023402000000004,-117.811666
6,42.386456,-82.952934
6,33.602669,-112.28994
6,35.27533,-80.793518
6,40.845661,-73.048126
6,40.202071999999994,-75.255402
6,40.606554,-74.08301800000002
6,35.779881,-78.613495
6,40.246799,-75.292427
6,34.2958295343671,-117.45540261212608
6,25.670803,-80.365776
6,35.844833,-78.569305
6,40.193462,-74.86455500000002
6,33.48356,-80.915803
6,38.042709,-122.241486
6,45.591668,-122.503486
6,27.98312,-82.38140899999998
6,29.688961,-95.567107
6,34.913113,-82.012558
6,40.626949,-74.304375
6,39.97347,-83.08211
6,32.760563,-117.196274
6,26.331566,-81.750252
6,32.768964000000004,-96.822796
6,41.269989,-95.934433
6,40.155094,-79.77604699999998
6,40.001205,-75.820513
6,39.828175,-86.261436
6,25.964199,-80.16585500000002
6,37.45765,-77.55001800000002
6,42.782829,-85.940437
6,34.021774,-117.550514
6,34.072422,-117.926685
6,30.257598,-81.602777
6,30.383891,-97.673608
6,39.664478,-86.142776
6,44.879574,-122.912329
6,42.912819,-85.5364
6,29.400391,-98.511978
6,35.464314,-97.618896
6,32.19621,-81.19079
6,30.09977,-97.754868
6,33.650826,-111.897026
6,34.037156,-118.301343
6,38.854095,-77.219879
6,47.04726577,-122.9949367
6,37.873955,-121.724762
6,40.731972,-73.871063
6,42.145748,-88.513153
6,27.51408,-82.563179
6,36.155445,-86.761688
6,33.927434000000005,-117.880289
6,32.272273999999996,-110.935219
6,32.839352000000005,-97.177872
6,30.212560999999997,-97.712219
6,30.105431,-91.99057
6,41.395297,-81.652923
6,37.915633,-122.31752
6,42.87228941896976,-78.7898790832577
6,42.943985,-77.693298
6,38.38682100000001,-121.352794
6,37.776272,-122.16421499999998
6,34.121606,-117.696744
6,38.160709,-121.261742
6,39.934141,-75.082705
6,40.725814,-77.905286
6,35.572319,-80.558296
6,39.74012000000001,-104.825203
6,25.670913,-80.415251
6,27.968388,-82.401611
6,35.07196,-106.532471
6,34.02558,-118.20587
6,39.14989829044747,-121.80476546229455
6,38.114971,-85.70109599999998
6,36.076485,-79.95856500000002
6,40.83079,-73.85202
6,40.082851,-75.170799
6,35.028048,-107.336174
6,45.226253,-93.027961
6,43.593568,-116.377903
6,39.081322,-84.522018
6,34.661011,-79.55935699999998
6,43.611872,-70.365468
6,39.816296,-84.13041700000002
6,32.367756,-86.314697
6,31.63904,-87.83363299999998
6,34.077472,-117.475578
6,40.836418,-73.873695
6,29.936585,-95.649645
6,32.839698999999996,-97.276772
6,45.911445,-112.35328
6,42.430946,-123.047535
6,33.480259000000004,-112.041557
6,43.657936,-93.728081
6,37.178891,-113.11933799999998
6,33.825932,-118.241447
6,36.457588,-119.277603
6,38.124874,-85.614685
6,39.74353,-84.204994
6,25.926041,-80.155937
6,45.470276,-122.688095
6,33.937964,-118.09816
6,41.044868,-73.76485699999998
6,37.074202,-120.147074
6,38.81929994,-77.13023543
6,38.639547,-121.355474
6,25.785942,-80.255882
6,34.089008,-117.994385
6,33.51368,-112.112442
6,35.125535,-80.917274
6,41.483582,-81.61350999999998
6,39.184852838329384,-78.1362569328397
6,34.876839000000004,-82.134804
6,39.733461,-86.137007
6,30.3876,-91.173279
6,30.411869,-86.722061
6,36.150417,-86.866753
6,42.215079,-87.818398
6,40.84957100000001,-73.942291
6,31.326904,-92.458977
6,33.97379,-118.426616
6,35.24197,-89.99324
6,33.860504,-81.202652
6,42.960636,-85.67514
6,38.755424,-90.458542
6,37.634487,-121.394699
6,39.674141,-86.018608
6,28.753651,-81.27580999999998
6,45.09156,-93.188011
6,37.518265,-77.426239
6,39.319589,-76.985244
6,45.575539,-95.25502
6,33.880789,-117.613242
6,35.265089,-119.222167
6,47.23555,-122.293999
6,41.98595,-87.861336
6,41.682301,-72.942261
6,35.918555,-83.956508
6,43.249756,-89.37718199999998
6,41.540186,-72.81819300000002
6,33.377762,-112.047348
6,39.831565999999995,-86.10276
6,37.207493,-121.719543
6,33.929806,-117.415695
6,36.697662,-121.660384
6,32.66782,-80.650719
6,34.35929,-118.55393
6,37.719635,-121.535606
6,26.499289,-80.079125
6,30.02379,-95.42921
6,38.632189,-90.262459
6,28.436769,-81.349136
6,28.657789,-82.147079
6,41.206059,-111.970802
6,30.51487,-91.026321
6,40.799377,-73.488625
6,26.607071,-80.070053
6,33.931552,-118.39602
6,43.173846999999995,-77.650879
6,47.806538,-122.306546
6,41.383224,-73.582382
6,40.65304,-112.02465
6,44.97019,-93.40071
6,40.759106,-74.20826
6,33.462906,-112.136292
6,39.91989,-86.10661
6,45.404229,-94.042968
6,40.777229,-73.92477
6,30.537284999999997,-88.239891
6,38.390232324417155,-85.76136946637267
6,39.666451,-75.46324200000002
6,45.03793,-95.04348
6,40.95295,-74.789474
6,38.27779,-121.305
6,35.107925,-80.978661
6,45.123981,-93.049583
6,39.64529,-104.873169
6,38.322525,-122.025635
6,42.4877,-83.21249
6,37.429279,-120.774551
6,39.154897,-111.771012
6,33.0227,-80.333051
6,30.154678000000004,-93.638283
6,35.270969,-80.855812
6,40.855698,-73.871719
6,32.79404,-96.81446
6,39.664345,-121.764633
6,40.155339,-75.467873
6,30.237064,-93.257591
6,41.116261,-74.11216
6,40.047543,-75.000198
6,32.670513,-96.970558
6,40.699622999999995,-111.902473
6,40.479637,-104.991844
6,38.96269,-76.86719000000002
6,33.861106,-84.247765
6,34.89151,-82.077209
6,35.666026,-78.799472
6,36.284538,-86.807686
6,36.753128,-119.694908
6,29.70566,-95.2743
6,32.648018,-96.883987
6,32.676225,-97.182537
6,36.236172,-86.816879
6,40.071767,-75.28501700000002
6,25.932329,-80.293591
6,42.33088,-83.03895
6,35.050323,-85.269295
6,33.418781,-82.078781
6,40.319354,-112.10246
6,41.333449,-79.258717
6,36.162271,-86.77438000000002
6,40.66433,-73.696449
6,46.711038,-92.270309
6,39.335373,-85.771164
6,32.417320000000004,-111.154617
6,43.06292,-83.557541
6,46.611288,-92.553387
6,30.517586,-81.634987
6,39.024048,-121.54718
6,39.900221,-104.988178
6,37.074799,-121.570503
6,45.407263,-122.74416
6,25.447798,-80.482033
6,38.63854600000001,-90.447144
6,39.89254,-74.212036
6,34.886608,-82.067291
6,38.57492,-121.55036
6,41.231972,-95.85141
6,30.223236,-97.681236
6,39.725457,-105.088208
6,32.894829,-96.89859
6,44.489859,-121.19329
6,35.134621,-80.939346
6,28.023006,-82.245407
6,35.108082,-89.96970400000002
6,32.85694,-96.88835
6,37.69359,-122.056401
6,35.131737,-80.91298
6,28.379554,-81.376446
6,29.696329,-95.23851
6,35.015751,-81.929985
6,38.51598,-90.54896
6,33.67276,-111.989502
6,32.755767999999996,-97.319099
6,30.020935,-95.42881
6,25.98003,-80.350273
6,37.320621,-120.559097
6,45.133801,-93.235146
6,30.23501,-97.861481
6,29.710245,-95.652783
6,25.799495,-80.240002
6,41.995079,-73.875603
6,37.649293,-77.901504
6,27.893644,-82.728943
6,41.58876,-73.907692
6,27.790848,-82.357206
6,32.835196999999994,-96.632233
6,36.051456,-86.702713
6,41.264046,-73.683937
6,46.146278,-95.936638
6,41.260689,-95.938438
6,35.464161,-97.556709
6,36.141407,-86.666466
6,43.15744,-77.539291
6,30.437140999999997,-89.077538
6,39.697239,-105.081612
6,29.621395,-95.601563
6,42.984447,-85.677177
6,43.196243,-77.576782
6,30.338389000000006,-81.539277
6,36.17706,-95.965325
6,39.800163,-104.933174
6,26.494272,-81.93180699999998
6,34.230522,-79.798828
6,40.94376,-74.834473
6,38.286098,-122.039085
6,38.659452,-77.278424
6,25.79474,-80.262904
6,30.6488,-91.105293
6,36.16641,-115.232895
6,43.50971102693792,-83.93444180448563
6,32.925279,-96.791829
6,39.943226,-75.192787
6,32.889927,-97.081596
6,38.876595,-77.27669499999998
6,30.002847999999997,-90.035301
6,34.140848,-118.277763
6,34.225324,-118.362124
6,40.85951686,-73.87229562
6,38.773768,-76.06031999999998
6,35.788668,-78.645287
6,33.53849,-112.172856
6,37.701916,-121.909279
6,37.539219,-121.924881
6,26.398697,-81.810726
6,41.30294,-95.956543
6,39.79834,-76.980919
6,30.64107700000001,-90.98027
6,33.506851,-86.83629599999998
6,42.515697,-71.664009
6,32.684715000000004,-96.620163
6,42.240227,-87.901466
6,38.620218,-121.419672
6,34.13763400000001,-118.362938
6,32.780567,-96.772217
6,27.83922,-82.703979
6,28.05493,-82.362053
6,32.759991,-96.783379
6,32.824444,-96.881424
6,29.987236,-90.074047
6,36.132011,-86.857651
6,26.33177,-80.15358
6,34.164494,-118.469681
6,37.897154,-121.284017
6,36.264098,-86.724264
6,29.808582,-95.328491
6,38.50019,-121.435185
6,32.79575,-96.6922
6,40.023472,-75.032921
6,34.224940000000004,-118.47327
6,33.188441999999995,-117.237953
6,40.742486,-74.14922800000002
6,41.96927,-71.29547
6,35.335289,-80.82510400000002
6,47.213581,-122.342041
6,25.942125,-80.350746
6,30.79295,-87.417099
6,34.111252,-80.948311
6,30.42938,-97.637939
6,33.867426,-117.543546
6,32.676239,-96.602325
6,40.446619,-78.803398
6,34.648842,-118.376671
6,35.46011,-97.58419
6,40.42104000000001,-80.000587
6,28.357374,-81.49695200000002
6,38.692718,-77.22640899999998
6,34.2244184,-118.41078401
6,39.710094,-104.87068899999998
6,42.974556,-85.597122
6,30.347771,-97.712685
6,43.040649,-87.924911
6,28.278786,-81.343262
6,38.709978,-77.221652
6,35.378685,-120.6346
6,38.76894,-76.994879
6,34.116258,-117.363422
6,40.97047,-111.895248
6,39.161251,-121.151016
6,38.113443,-103.031836
6,40.897372,-74.199104
6,32.481827,-93.75518
6,32.836696999999994,-96.778793
6,37.58146,-77.46936
6,33.949738,-118.170547
6,34.410732,-119.55307
6,39.096241,-94.587186
6,34.053154,-118.18474
6,43.118183,-76.142441
6,34.715988,-82.58886
6,40.90314030627773,-74.09506916964486
6,45.068659,-93.263478
6,34.973488,-81.756507
6,41.741402,-74.064674
6,34.066196000000005,-117.479172
6,26.26255,-80.133926
6,42.688946,-114.518433
6,42.428669,-87.903938
6,28.701498,-81.233501
6,34.280998,-80.020493
6,40.541767,-74.16906
6,38.190182,-85.76992800000002
6,41.476662,-93.780029
6,29.975515,-97.874181
6,41.86375,-88.194801
6,25.964096,-80.16555799999998
6,37.163756,-79.945983
6,32.407055,-93.7817
6,31.017356,-87.658875
6,27.935471000000003,-80.60494200000002
6,38.435554,-82.169145
6,34.046077000000004,-118.187058
6,33.49084000000001,-112.04362
6,33.747983000000005,-117.87656
6,37.23931500000001,-93.237852
6,41.976543,-87.74681899999999
6,30.337193,-81.669197
6,38.787845,-77.325204
6,30.164566,-81.746802
6,34.11355,-118.33642
6,36.707443,-119.673027
6,39.081249,-84.490288
6,41.81013,-88.05958000000003
6,35.78994,-78.586815
6,33.0293119,-96.70864463
6,41.48032,-81.693077
6,38.46682,-122.727699
6,33.917049,-118.07988
6,30.328327,-97.652748
6,34.051312,-118.261109
6,40.572357,-75.53936
6,34.546871,-82.69722
6,25.90807,-80.38282
6,43.288223,-91.754736
6,33.41003,-82.026749
6,33.668087,-112.186646
6,42.664047,-71.194122
6,29.610884,-95.26001
6,47.241328,-122.385386
6,33.927831,-117.288604
6,34.038994,-118.439912
6,33.925201,-117.880287
6,40.452038,-80.17270699999997
6,39.88113,-91.328888
6,38.087273,-122.232076
6,34.19762,-81.06147800000002
6,25.950808,-80.181442
6,39.26914,-121.057306
6,30.296141,-91.11673
6,38.852977,-76.98458199999997
6,33.839436,-118.263359
6,41.58475900000001,-93.751755
6,39.163193,-84.50853000000002
6,45.150967,-122.79579
6,46.09641,-122.97443
6,33.747421,-84.386589
6,38.220753,-122.132172
6,33.848824,-84.431076
6,28.80378,-82.564308
6,41.158081,-96.139626
6,26.581758,-81.713837
6,32.78009,-96.812279
6,39.959965,-75.179583
6,36.3853,-119.35006
6,25.688389,-80.440384
6,34.073051,-80.97824399999998
6,40.744605,-73.733518
6,37.34477,-121.85681
6,37.003677,-79.772198
6,34.030529,-117.650617
6,47.659882,-122.322067
6,39.266106,-76.595734
6,38.414157,-81.551309
6,40.02964138965592,-74.25750374758596
6,44.77863192536936,-93.28822731927256
6,47.198738,-122.250351
6,40.855717,-73.971664
6,44.54135298707703,-95.0555241103408
6,33.737122,-117.823021
6,35.168789000000004,-89.90218399999998
6,43.324144,-124.206358
6,43.250782,-88.181923
6,37.891695,-121.112129
6,33.506565,-80.816864
6,34.120459999999994,-117.73135
6,26.097719,-80.374367
6,36.096779,-86.654572
6,34.120487,-117.907539
6,32.925975,-80.042357
6,46.253651,-123.923088
6,29.533253,-98.487587
6,40.674381,-73.801598
6,36.077133,-87.020485
6,37.36237,-121.83532
6,47.60782,-122.33034
6,44.24764,-121.02482
6,42.415475,-88.073077
6,42.487922999999995,-83.045898
6,38.927494,-77.21276
6,41.479227,-81.69288
6,40.7276,-74.02104
6,29.515929999999997,-98.425972
6,42.839588,-83.846733
6,28.433783,-82.602165
6,39.654381,-105.025208
6,33.911575,-84.35752099999998
6,25.98899,-80.16585
6,33.829145000000004,-118.20831
6,34.214832,-118.351936
6,45.0797,-93.053014
6,25.5257,-80.397611
6,41.51293,-74.202751
6,32.996426,-117.083328
6,39.935863,-76.692093
6,43.060467,-87.93515
6,38.287655,-90.403503
6,35.209461,-90.03272199999998
6,37.517429,-77.272453
6,47.463394,-122.293068
6,33.775009000000004,-118.084534
6,28.138504,-81.511292
6,26.667389,-81.889831
6,34.176281,-93.074265
6,35.815289,-78.626244
6,43.22065,-77.62841800000002
6,41.640133,-88.08049799999998
6,34.282109000000005,-118.761209
6,34.13556,-118.000812
6,32.90007,-96.717941
6,36.903194,-76.243797
6,28.607540000000004,-81.45166800000001
6,41.799568,-88.09105699999998
6,46.10669,-123.206723
6,39.467750787546784,-76.83766007386761
6,30.422447,-84.62246999999998
6,44.377674,-92.048348
6,42.323063,-88.164715
6,40.487911,-85.59593199999998
6,33.629807,-80.598
6,40.753559,-73.744415
6,39.674953,-104.828537
6,36.113682,-95.896523
6,47.78357000000001,-122.1442
6,34.019447,-117.988225
6,41.31098400000001,-74.122226
6,39.120746999999994,-77.19806700000002
6,33.916878000000004,-118.080009
6,38.80383,-76.90705
6,40.931561,-73.762399
6,27.80847,-82.634499
6,32.899857,-96.717979
6,45.835476,-93.431404
6,33.065388,-96.690407
6,34.13556,-118.000812
6,34.055556,-118.237005
6,29.579979,-98.596085
6,29.54911400000001,-98.374153
6,39.29005980472903,-108.2251060003842
6,29.850281,-95.564331
6,34.018788,-117.98731200000002
6,37.772985,-122.438667
6,35.311928,-80.758347
6,43.208240999999994,-77.614571
6,38.606735,-121.475632
6,43.014622,-83.517548
6,27.766462,-82.67942
6,45.655757188579294,-110.94660401291397
6,38.456635,-121.410431
6,32.798008,-96.792877
6,30.23184,-97.617172
6,41.845982,-87.983078
6,32.923031,-97.078346
6,36.904395,-121.747912
6,33.966806,-84.52504300000003
6,33.462043,-112.13931200000002
6,33.07188,-81.476349
6,30.387018,-97.648544
6,33.854317,-117.790825
6,41.660683,-87.58917199999998
6,39.128977,-121.486492
6,34.054387,-118.212244
6,40.994553,-111.904867
6,34.052609999999994,-118.44967
6,29.833307,-95.49086
6,40.337444,-79.80879200000003
6,33.539173,-112.112297
6,35.21969,-80.82506
6,40.704006,-111.90373999999998
6,34.033955,-118.026909
6,40.656601,-73.930908
6,38.994099,-76.99251600000002
6,40.037665999999994,-85.72200000000002
6,42.987648,-87.887596
6,40.46177744846123,-74.2808926101957
6,38.236061,-121.051086
6,36.054626,-86.67400400000002
6,41.421501,-81.710945
6,47.863869,-122.246849
6,44.782222999999995,-93.288376
6,40.73405800000001,-73.86451
6,38.35712313633749,-81.63207650145706
6,28.188027,-82.731673
6,29.966436,-95.419109
6,40.367992,-79.779785
6,41.810790999999995,-87.58908100000002
6,28.39460900000001,-81.693977
6,34.521978000000004,-118.097385
6,41.197512,-79.302025
6,30.1075,-97.694702
6,29.520054,-98.573273
6,34.019576,-118.050335
6,37.749439,-121.730797
6,34.502205,-118.118629
6,39.06522,-77.46898
6,44.434299,-92.28521
6,41.870575,-87.887039
6,28.327440000000006,-81.550119
6,38.422172,-82.392679
6,39.965019,-76.244659
6,39.672798,-105.095398
6,33.06557536,-117.06918597
6,37.896488,-121.670652
6,34.296890000000005,-118.161308
6,29.773794,-95.247398
6,25.870404,-80.338976
6,29.715639000000003,-95.58989
6,33.960915,-117.313721
6,28.110479,-81.83206899999998
6,30.248291,-81.59369699999998
6,33.986782,-78.835836
6,41.519409,-74.021004
6,27.813881,-82.770241
6,34.074275,-117.295647
6,42.618469,-71.289429
6,28.548537,-81.447429
6,42.874542,-78.78834499999998
6,39.739998,-104.713478
6,33.864989,-118.047872
6,33.240898,-84.35700200000002
6,40.811848,-93.827187
6,32.839256,-97.321266
6,37.628124,-122.121002
6,40.704559,-73.427544
6,41.716866,-88.007217
6,33.669151,-112.082878
6,41.59589,-93.624664
6,38.50297,-90.33361
6,33.824265000000004,-118.206894
6,39.365352,-76.964546
6,37.780064,-122.17205
6,34.030663,-117.61186200000002
6,32.45649,-93.780022
6,39.644787,-78.787926
6,37.94175300000001,-122.059906
6,33.752514,-84.231735
6,41.550987,-87.79300699999996
6,40.83541,-73.88211
6,33.824425,-118.200851
6,38.499675,-77.38046899999998
6,35.658814,-78.791637
6,29.790134,-95.352104
6,33.9832,-117.263557
6,40.70459247,-74.06462073
6,43.921036,-93.083504
6,37.6866,-78.946135
6,30.33672,-81.669235
6,25.89548,-80.209766
6,33.480483,-112.012917
6,40.95245300000001,-74.139514
6,38.083138,-122.114243
6,34.066322,-117.99073
6,42.553108,-82.87146800000002
6,33.41075900000001,-111.978378
6,38.775787,-90.339417
6,36.055375,-86.674786
6,25.697564,-80.16282199999998
6,40.772936,-73.920693
6,30.390751,-91.160759
6,36.454503,-119.491542
6,45.272671,-93.00683
6,32.778267,-117.118317
6,39.529739,-106.2164
6,43.125702,-77.589691
6,34.265515,-118.472296
6,36.312259999999995,-86.67282900000002
6,37.355305,-121.830765
6,33.408691,-111.639954
6,40.63673,-89.50784300000002
6,37.583088,-122.050171
6,27.91531,-82.78994
6,41.974868,-88.22268199999998
6,45.069256,-93.400993
6,34.072508,-117.936357
6,32.880268,-96.838493
6,38.281815,-104.605278
6,33.386459,-111.753983
6,40.05999,-82.96183
6,34.002347,-117.949218
6,33.93224,-118.28082
6,34.772579,-120.428856
6,34.017175,-118.05396100000002
6,42.264626,-83.27034
6,33.884083000000004,-117.637878
6,30.714848999999997,-86.569748
6,40.124329,-75.408142
6,39.9319,-111.08919
6,29.734726,-95.346046
6,40.45528,-86.127083
6,32.867104,-96.907867
6,41.660538,-87.588875
6,40.698933,-73.519287
6,33.07246,-112.037704
6,32.2914,-110.949601
6,42.368755,-71.063408
6,40.519992112920185,-80.05832791290254
6,41.463203,-124.036178
6,40.675838,-111.901474
6,35.000614,-85.101835
6,34.883068,-120.432449
6,26.547203000000003,-81.795151
6,39.555439,-104.870201
6,34.067876,-118.256309
6,28.052414,-82.353851
6,38.270662,-122.667987
6,40.652443,-116.285959
6,28.326240999999996,-81.40370899999998
6,40.62081,-111.8906
6,32.75927,-96.769798
6,40.916302,-73.848511
6,25.778431,-80.419487
6,45.559994,-122.563187
6,27.96453300000001,-82.425636
6,40.228741,-75.35363000000002
6,45.333960999999995,-92.921799
6,41.957367,-87.879745
6,42.976135,-83.554558
6,43.10583,-75.24550500000002
6,33.83948,-84.48706999999997
6,42.334221,-87.871651
6,34.026253000000004,-117.333504
6,33.960696999999996,-84.06079100000002
6,34.289742,-119.156403
6,40.76335200000001,-73.95373000000002
6,38.655041,-77.25237
6,37.465199,-77.461884
6,38.883446,-77.012804
6,33.341460999999995,-112.145302
6,41.48589000000001,-88.64641
6,33.853817,-117.928726
6,29.777272999999997,-95.427498
6,34.143491,-117.256422
6,33.838697,-118.088091
6,32.627606,-96.696842
6,44.208984,-117.147403
6,37.695297,-122.08297
6,37.770049,-122.406975
6,33.98912,-79.793503
6,33.87608,-118.12872
6,33.386509000000004,-111.581223
6,39.310387,-76.50259399999999
6,42.478367,-83.428123
6,33.230255,-84.265778
6,32.68705,-117.092216
6,34.844879,-82.30963100000002
6,36.218059,-119.421072
6,33.816509,-81.452187
6,36.23785,-86.75752299999998
6,37.128322999999995,-93.23175
6,38.539042,-122.507963
6,38.465149,-77.407257
6,35.168259,-80.822563
6,39.37919497471152,-77.40740418397232
6,34.419769,-119.684554
6,31.740917,-83.655526
6,44.685164,-111.21437
6,33.964366,-118.370088
6,39.814404,-84.253899
6,30.22216,-92.129639
6,45.51916,-122.47718
6,35.39286,-97.26487
6,34.211201,-80.530602
6,28.449909,-81.446136
6,43.035931,-77.738663
6,40.561015999999995,-75.454102
6,41.57767,-87.540157
6,41.685304,-88.067438
6,27.566531896459733,-81.62072539290608
6,29.99872,-95.768845
6,27.712956,-82.396938
6,29.352699,-81.963043
6,41.56744000000001,-87.31875600000002
6,37.86798,-122.501961
6,42.553341,-82.871391
6,40.101589,-75.70513199999998
6,33.703495000000004,-84.169975
6,39.00508,-77.08106
6,28.639884999999996,-81.443619
6,40.160536,-74.654544
6,39.700965999999994,-104.829155
6,34.498946999999994,-118.626282
6,37.00005412084102,-118.23328614178546
6,35.097306,-90.611087
6,40.738252,-73.796244
6,37.605614,-121.87266499999998
6,33.792381,-118.101992
6,25.812012,-80.137947
6,32.277054,-90.174637
6,27.268183,-82.464486
6,38.850185,-77.789009
6,26.696825,-81.900719
6,39.883501,-74.739633
6,39.841725,-104.9839
6,37.958698,-122.052597
6,29.793688,-95.339722
6,33.777401,-80.29231999999998
6,39.609005,-106.450996
6,25.80949,-80.321496
6,30.46657,-91.164726
6,40.7607,-111.8911
6,34.165508,-118.492355
6,33.884037,-117.639069
6,29.58511,-95.38653
6,34.93005395,-82.29331613
6,28.248966,-81.62709100000002
6,43.544815,-93.355482
6,33.808440999999995,-84.09642
6,39.173962,-84.27639
6,33.680458,-79.003754
6,30.27596500000001,-92.04953
6,42.379433,-83.033684
6,35.875938,-78.540314
6,27.849726,-82.670357
6,35.220928,-80.851196
6,38.51306500000001,-90.371544
6,28.57795,-81.45148499999998
6,41.51502,-81.44846
6,36.966522,-76.29454
6,33.878155,-117.880493
6,34.154205,-118.287813
6,36.356369,-82.363281
6,42.992374,-83.73290300000002
6,34.116063,-118.238855
6,39.068844,-76.907361
6,43.69186520555643,-93.31953406289426
6,32.839287,-97.186279
6,29.660549,-95.35865
6,33.87146,-117.70199
6,33.759899,-84.37906600000002
6,47.422722,-122.297607
6,42.810799,-83.80629
6,39.085838,-77.173248
6,39.774601,-86.20519300000002
6,33.92852,-118.239164
6,33.994334,-117.883969
6,44.511379,-87.997551
6,34.158588,-81.10440799999998
6,40.438686,-79.74781800000002
6,48.076875,-123.766391
6,41.873731,-87.80392900000002
6,37.04981400000001,-120.963336
6,40.305569,-75.61799599999998
6,28.007481,-82.56871
6,40.753559,-73.744415
6,34.60915,-118.149948
6,37.93073773366008,-104.8194086546668
6,28.172609,-82.393097
6,34.11224,-79.594963
6,36.33191400000001,-119.30224
6,38.999641,-76.995354
6,42.814873,-78.793076
6,37.285042,-121.809529
6,41.52985,-73.808708
6,39.947075,-76.80933399999998
6,32.179974,-90.259541
6,40.822624,-77.867485
6,29.259411,-82.116051
6,25.484238,-80.428566
6,29.58509,-98.63733
6,34.71468,-82.547173
6,39.984879,-76.732536
6,36.205708,-95.851631
6,45.006744,-93.40052
6,41.733513,-87.966461
6,34.036903,-118.316505
6,32.920119,-83.513139
6,36.243905,-86.722752
6,38.57075572,-90.44066548
6,34.440767,-117.607453
6,45.47475,-122.788019
6,33.504021,-117.293279
6,35.096637,-80.859667
6,37.394661,-121.136115
6,37.07983,-80.666359
6,43.089512,-88.007339
6,34.97238993628037,-78.86566758118215
6,38.827847,-77.455587
6,35.25833499999999,-80.794762
6,37.287907,-120.46296
6,28.670669,-81.509454
6,32.95406,-96.822052
6,34.065490000000004,-117.54478
6,41.55054000000001,-73.05844
6,38.903965,-77.04879
6,42.384048,-83.066689
6,42.94949,-85.51059000000002
6,38.720366,-77.125597
6,39.829128,-84.91280400000002
6,36.83568,-76.154044
6,37.390369,-77.73934200000002
6,42.315533,-88.111298
6,38.619041,-90.186516
6,32.654413,-117.105475
6,42.569469,-71.425774
6,37.771915,-122.423416
6,42.320576,-88.00457
6,29.938459,-95.381508
6,28.237040000000004,-82.67041800000001
6,39.876059999999995,-83.002113
6,42.497836,-83.535885
6,39.38863,-76.72664
6,39.627789,-106.420624
6,32.813221,-96.628008
6,40.742851,-73.839478
6,33.928833000000004,-118.294027
6,39.960251,-75.18109100000002
6,33.902702000000005,-117.463846
6,35.354401,-119.187401
6,32.775658,-96.779121
6,30.096161,-82.57534
6,40.6671,-73.7804
6,35.952758,-86.55166
6,47.165131,-122.483711
6,38.538242,-121.473648
6,45.645329,-123.136322
6,40.80127,-73.929916
6,38.865571,-77.053934
6,35.06451,-89.846069
6,34.503559,-110.451469
6,40.07045,-76.171173
6,38.432871,-122.716153
6,37.229351,-77.39563000000003
6,34.079244,-117.62591299999998
6,35.522701,-97.540504
6,44.05997,-121.29268
6,33.882156,-118.191635
6,33.969153999999996,-80.04171
6,38.939819,-94.540024
6,25.780594,-80.32054000000002
6,39.87201,-75.10172
6,40.349987,-76.42581899999998
6,40.64166,-73.87698
6,36.18008,-86.81105
6,34.05851,-118.177681
6,37.995327,-122.28978700000002
6,37.00593,-121.51095
6,42.457253,-71.02395600000001
6,39.72546,-105.025352
6,34.003265,-118.411209
6,37.046424,-121.259696
6,28.472382,-81.417496
6,36.184711,-86.676689
6,34.740501,-82.438484
6,37.651657,-122.098671
6,41.819618,-113.405846
6,32.720558000000004,-96.827477
6,33.78722,-83.958298
6,38.189159,-121.26432
6,33.409706,-82.091576
6,37.783006,-122.239649
6,39.870964,-82.855354
6,33.83337,-117.2471
6,28.507847,-82.170364
6,38.023916,-121.983439
6,33.992335,-117.354373
6,38.635674,-90.415443
6,30.4377,-91.045532
6,37.65111,-122.40673
6,34.89278,-82.23346
6,35.91251,-78.781921
6,38.64954,-121.971321
6,29.70622100000001,-95.294502
6,38.211890999999994,-120.764389
6,37.34365800000001,-121.855721
6,36.108349,-95.88665
6,42.33928,-71.06421999999998
6,40.824181,-73.874161
6,38.28514000000001,-122.686825
6,42.934551,-85.671951
6,38.56348,-121.341286
6,29.776033,-95.563232
6,34.043306,-118.1692
6,37.677124,-122.470108
6,35.85509099999999,-78.58107
6,41.203663,-95.949091
6,32.737743,-97.224953
6,38.029246,-121.193127
6,40.808268,-86.346006
6,47.664951,-122.317421
6,40.490944,-79.8869
6,41.51585,-81.615433
6,35.026058,-81.63278199999998
6,37.549618,-77.392761
6,35.737535,-79.824748
6,33.939162,-117.1916
6,38.960831,-76.655067
6,29.729324,-81.855041
6,33.46133,-112.10216
6,33.434502,-81.899048
6,30.40515,-97.66403
6,41.157879,-96.145363
6,35.055109262299275,-118.9671814436008
6,32.925049,-79.897697
6,40.01805424671164,-75.35843253099746
6,36.101665,-96.127747
6,36.50877,-82.264618
6,39.942501,-83.097504
6,47.37564,-122.29221
6,32.664262,-97.242621
6,32.111682,-81.356996
6,41.66608,-84.36026
6,40.835956,-73.870364
6,40.841771,-111.915203
6,30.37603,-81.761169
6,30.454719,-90.957872
6,32.681092,-117.086497
6,35.21743,-114.02837
6,42.15554,-87.87447
6,37.626759,-120.99661299999998
6,33.348091,-86.632118
6,38.656441,-77.279388
6,39.99091029148106,-85.91481327969593
6,34.269870000000004,-118.48756000000002
6,33.772919,-117.74299
6,35.272881,-80.845062
6,44.93020892121825,-93.45274329140922
6,37.090995,-122.139581
6,43.528225,-96.647611
6,37.681087,-122.124294
6,41.87536,-87.6799
6,33.04385,-117.163757
6,34.30200934,-118.47859025
6,41.70715300000001,-88.031192
6,38.73938,-76.86283900000002
6,29.018324,-81.224098
6,40.717538,-73.4022
6,34.864723,-82.24395
6,28.955465000000004,-81.258262
6,33.992447,-81.519417
6,29.620747,-95.445953
6,29.034853,-82.16020999999998
6,38.011535,-120.595352
6,28.61164,-81.449022
6,27.770973,-82.679428
6,39.040501,-119.947731
6,39.664455,-86.147293
6,35.258457,-81.047951
6,39.964058,-75.184433
6,36.98981,-122.02177
6,34.276177000000004,-118.385814
6,40.647067,-74.015077
6,40.16914000000001,-76.134171
6,38.428752,-105.813187
6,32.93987,-96.7461
6,33.625347,-112.11475
6,25.786,-80.25809
6,40.69023728351264,-112.26440548843256
6,25.73329,-80.31105
6,36.220031,-86.774774
6,35.348461,-97.600471
6,33.92738,-118.25831
6,34.58206,-79.140394
6,33.91642,-118.2876
6,33.86091500000001,-118.313984
6,42.358833,-83.075897
6,28.09352,-82.74035699999997
6,34.164911,-118.382809
6,34.22961,-79.661827
6,42.00639,-87.74858
6,38.854343,-77.388855
6,30.558689,-91.173759
6,33.856840000000005,-80.11508
6,30.196739,-81.556152
6,29.902712,-95.311691
6,38.67937,-121.192117
6,42.748489,-73.710678
6,34.190338,-82.238777
6,38.77126,-90.28436
6,35.811372,-78.565873
6,34.631446999999994,-86.885048
6,32.744541,-117.109978
6,34.914612,-81.865501
6,34.201260999999995,-118.473583
6,34.001326,-118.409675
6,44.889732,-93.349998
6,42.37043,-87.88154
6,36.083366,-86.689026
6,33.722718,-117.975023
6,39.909817,-76.706581
6,38.804715,-77.022261
6,35.298031,-80.915611
6,34.035126,-117.394386
6,43.974515,-92.429943
6,35.434582,-80.843773
6,40.457264,-79.934044
6,32.70126,-117.094795
6,33.044266,-80.076309
6,39.252922,-84.444061
6,45.260338,-93.015121
6,40.239589,-74.087013
6,35.085541,-106.746857
6,34.1066,-117.881488
6,40.423797,-80.10602800000002
6,40.575676,-112.061691
6,39.180209999999995,-94.583199
6,42.989079,-83.661079
6,36.516865,-119.394783
6,34.19924,-118.33798
6,40.84665,-73.92532299999998
6,34.791592,-82.660347
6,34.242748,-119.190849
6,40.77792,-73.94297900000002
6,33.465835999999996,-112.10994
6,44.299183,-88.27271999999998
6,36.173458,-86.801277
6,32.71666,-117.120163
6,33.975773,-81.178436
6,40.32582100000001,-75.449448
6,33.313132524331515,-93.28447222665172
6,42.348598,-123.557823
6,40.67779,-73.8032
6,36.10101,-115.14978
6,34.261585,-119.229988
6,34.11901,-83.75802
6,33.35623,-111.89454
6,32.896,-96.898163
6,38.714378,-121.487556
6,39.777699,-84.16220899999998
6,35.227764,-80.850864
6,40.74274000000001,-73.83763
6,45.067642,-93.247421
6,41.090225,-114.710297
6,41.50986500000001,-74.074226
6,29.644171000000004,-95.493057
6,34.27806258,-118.50693583
6,25.958745,-80.182181
6,30.17153900000001,-91.980164
6,33.072472,-109.377441
6,33.82008,-84.17041800000001
6,30.344061,-97.70504
6,32.751228000000005,-96.80928
6,35.856236,-78.64443299999998
6,32.801804,-117.155518
6,33.931252,-84.5233
6,40.215305,-75.54406
6,38.665039,-121.537994
6,39.609394,-104.893471
6,34.078201,-118.287693
6,39.789452,-84.36689
6,40.044041,-74.834694
6,40.90865,-74.57432
6,43.59626,-116.354912
6,41.036476,-73.816154
6,34.634769,-86.860291
6,28.727553000000004,-81.373649
6,26.940438,-82.019173
6,36.227428,-86.776016
6,43.594631,-116.453629
6,36.778637,-77.77810600000002
6,35.117332,-80.957573
6,35.512169,-97.48893
6,27.88656,-82.127274
6,40.719214,-73.406882
6,34.054878,-118.257164
6,33.826038,-118.248324
6,32.118905,-110.772775
6,47.560463,-122.322044
6,34.221369,-118.473314
6,34.877784999999996,-82.319275
6,38.972439,-123.102753
6,35.84862899999999,-119.071251
6,44.860192,-93.29814
6,32.70274000000001,-96.82516
6,37.621445,-122.077301
6,41.630875,-83.527283
6,38.010459999999995,-122.230171
6,40.805937051578496,-73.90907406771704
6,35.222771,-80.855186
6,36.072163,-86.636253
6,40.741521119877135,-76.30010247194147
6,41.371895,-81.820786
6,30.00613,-95.2677
6,35.812294,-83.431209
6,36.968929,-121.973289
6,26.331566,-81.750252
6,32.896023,-96.898071
6,42.359024,-71.147636
6,44.977123,-93.202766
6,41.824966,-73.772141
6,37.754182,-121.574892
6,39.162494,-94.559726
6,33.850857,-79.838959
6,32.274731,-90.208633
6,41.934608,-88.05423
6,38.84558300000001,-77.080078
6,39.928188,-76.855942
6,28.519335,-82.55524399999999
6,29.980915000000003,-90.113807
6,46.071735,-94.324959
6,37.339455,-121.852043
6,42.32314,-88.16242
6,33.754379,-84.3787
6,38.561136,-121.483174
6,34.115052,-117.896413
6,40.49904,-74.30004
6,32.877522,-80.741417
6,40.251606,-76.87152900000002
6,39.855865,-82.9002
6,43.205141,-71.53192
6,41.56945,-93.703217
6,41.655487,-88.12481700000002
6,40.264037,-80.170613
6,30.419086,-91.0869
6,38.80544,-77.21318000000002
6,34.83313,-82.297012
6,38.579581,-77.324007
6,33.455166,-111.839523
6,43.003101,-77.66925
6,41.84758400000001,-87.617851
6,28.465563,-81.38458299999998
6,35.316154,-80.77154499999997
6,45.587152,-118.639936
6,37.74077,-121.584461
6,38.77733,-90.38889
6,33.987961,-118.281349
6,39.018169641308695,-76.92664504014526
6,35.35262700000001,-119.041939
6,33.039177,-80.143784
6,32.717197,-114.6129
6,38.11253,-85.699852
6,37.495567,-121.952126
6,41.53875,-73.77153
6,25.76861,-80.367676
6,28.022440000000003,-82.350372
6,32.355179,-110.518578
6,44.04619,-123.02205
6,36.78217292,-76.39346479999998
6,40.252454,-74.08183100000002
6,35.187859,-80.96888
6,38.657742,-121.363472
6,43.331402,-73.67004200000002
6,33.734421000000005,-112.003624
6,40.129822,-75.524811
6,34.047708,-118.447121
6,42.412331,-71.028976
6,34.196054,-118.402853
6,32.706309999999995,-117.14772
6,41.525143,-90.513367
6,40.740097,-73.84540600000003
6,36.05122100000001,-119.196716
6,33.858771999999995,-118.034294
6,33.941233000000004,-118.031219
6,28.127682,-82.696938
6,36.53265,-119.845268
6,40.570281,-111.97705
6,35.579547999999996,-80.853088
6,35.082321,-81.706451
6,40.115616,-75.34729
6,30.52305,-91.124893
6,39.58593,-77.639648
6,34.218639,-80.238853
6,37.304077,-122.035667
6,40.082329,-75.161385
6,40.705917,-112.254893
6,36.988646,-121.80705
6,41.93962,-87.70819
6,34.394966,-118.927185
6,38.999025,-76.398175
6,40.134353999999995,-75.44693000000002
6,43.06445,-85.57991
6,33.764461,-78.97314899999998
6,40.73961139,-73.84676099
6,32.960506,-87.825272
6,39.55373168,-77.11482882
6,40.69864000000001,-73.51446
6,36.033297999999995,-86.583122
6,33.537949,-112.220451
6,36.151375,-86.794263
6,30.50890900000001,-85.411713
6,30.45374751,-97.4701345
6,39.87265,-86.203949
6,39.792248,-105.060738
6,36.112114190883105,-86.72308087307584
6,33.933479,-79.84832800000002
6,40.114288,-75.05119300000001
6,40.663665,-78.075691
6,33.911874,-118.159908
6,28.092461,-82.73944399999998
6,40.224491,-74.429642
6,34.006481,-117.909523
6,32.996014,-96.8601
6,35.215614,-80.923088
6,41.11535,-74.10847
6,40.696064,-112.261383
6,33.870638,-118.005809
6,41.953049,-87.645081
6,42.222038,-71.03270699999999
6,38.730377,-90.333359
6,32.880588,-97.099388
6,42.899761,-85.782066
6,29.754019,-95.264984
6,37.790161,-120.866379
6,34.034171,-118.178575
6,33.386476,-111.781691
6,32.709790000000005,-96.67846
6,29.785091,-95.683472
6,33.928538,-118.251975
6,40.11174000000001,-83.02555799999998
6,41.089893,-111.991493
6,26.714944,-81.828982
6,46.905091,-92.381042
6,37.735279,-122.191917
6,34.064693,-118.002464
6,40.80889000000001,-111.92393
6,40.897372,-74.199104
6,39.895415,-75.193249
6,40.946983,-78.237143
6,32.667972999999996,-97.223366
6,47.555191,-122.28997
6,42.264626,-83.27034
6,33.704456,-84.404021
6,33.326492,-79.316429
6,41.67679,-72.86158
6,40.828385,-73.84033000000002
6,29.380204,-98.512809
6,32.198291999999995,-110.927834
6,25.548031,-80.372078
6,37.723395,-121.94029
6,33.676636,-117.843507
6,33.897354,-117.479184
6,32.659734,-117.075553
6,39.138125,-94.56722
6,37.467098,-122.209091
6,38.148571,-121.261426
6,28.186234999999996,-82.38707
6,34.466685999999996,-118.329811
6,27.43624091,-82.45974183
6,33.904509999999995,-117.45989
6,38.513077,-90.371429
6,28.486908000000003,-81.417427
6,37.115174,-77.554396
6,29.719922,-95.323504
6,34.06752,-117.555771
6,25.832685,-80.206253
6,39.60927,-86.07189
6,30.397751,-87.400299
6,32.512363,-93.742538
6,42.839592,-83.84671800000002
6,40.859924,-73.91515
6,33.970996,-79.134795
6,45.074459,-93.286858
6,34.13575,-118.007357
6,33.98901,-117.549454
6,33.00378,-96.699226
6,42.979336,-88.03872700000002
6,42.023022,-88.28318
6,37.609306,-120.847656
6,33.134765,-94.009563
6,27.26927,-82.497612
6,29.675964,-95.542091
6,35.81787199999999,-78.689332
6,38.820068,-76.89265400000002
6,37.617908,-122.152847
6,39.753125,-84.181022
6,32.48508095725781,-82.90037512739706
6,37.666859,-122.137138
6,43.107849,-89.08267099999998
6,40.845345,-73.91350600000001
6,39.747710999999995,-75.55980699999998
6,34.054352,-118.225761
6,36.842411,-121.457703
6,30.533965999999996,-87.087921
6,32.936265,-80.038962
6,34.983345,-107.171379
6,39.270954,-84.350945
6,40.553841,-74.317871
6,25.70458,-80.317863
6,37.70107,-121.81282
6,37.568193,-121.896334
6,42.489758,-73.677544
6,34.276859,-118.452881
6,37.3708,-121.913139
6,32.485569,-93.774132
6,45.39234,-93.561389
6,40.910175,-74.666931
6,39.153503,-76.646439
6,41.058544,-73.512253
6,38.923557,-77.504295
6,37.108059,-76.495941
6,34.077377,-117.200508
6,33.825171999999995,-118.202348
6,38.16151499730033,-122.57329344691004
6,39.580936,-75.072128
6,40.594589,-75.189522
6,37.741723,-121.574194
6,39.468781,-75.186913
6,37.992931,-120.273323
6,32.747814,-96.918785
6,36.756537,-119.839929
6,25.844389000000003,-80.206929
6,33.872749,-118.202385
6,40.117883,-75.351178
6,33.567688000000004,-86.724464
6,39.192041,-76.711617
6,41.739536,-87.62451899999998
6,40.44433236102845,-74.42656874621187
6,39.657326,-77.846786
6,40.5993,-75.559708
6,30.715384000000004,-86.638512
6,29.320079999999997,-98.503181
6,41.853573,-87.635468
6,25.67126155,-80.40008426
6,38.188995,-85.73320799999998
6,35.18,-89.85627
6,34.274312,-93.635316
6,33.778721000000004,-84.390709
6,37.852398,-122.029068
6,26.547749,-81.600441
6,32.887955,-79.929283
6,25.659227,-80.432245
6,33.944357000000004,-84.146625
6,36.246143,-120.315125
6,29.99173,-90.05415
6,26.612051725260677,-81.80281519850823
6,36.149574,-86.7729
6,33.876453000000005,-118.102364
6,34.473249,-120.21791
6,32.737341,-97.224958
6,30.700339078756805,-86.57133221584999
6,41.694263,-87.659653
6,42.396389,-87.929364
6,27.7616894243824,-82.6666796203486
6,30.14488,-91.991669
6,33.929657,-118.225639
6,29.29084000000001,-98.547867
6,35.307705,-80.75232700000002
6,38.901331,-77.046642
6,35.421879,-119.061
6,42.221951,-83.412727
6,32.879417,-80.71623199999998
6,38.78448,-94.92349
6,32.816979,-96.811569
6,45.121361,-93.308693
6,38.74268,-76.992622
6,32.993503999999994,-117.213707
6,35.796059,-78.651421
6,35.754333,-78.694229
6,26.264201,-80.129806
6,28.57807,-81.430801
6,40.43602,-79.922859
6,40.90007185916471,-74.02752041781412
6,38.42765,-122.341156
6,41.003376,-73.650532
6,37.49617695790531,-121.06743693294015
6,28.856358,-82.089874
6,38.74335900000001,-90.391777
6,41.184459999999994,-96.025703
6,36.113682,-95.896523
6,41.308003663819754,-73.03293585742458
6,34.117988347844516,-119.08614277782875
6,40.00919,-75.58088000000002
6,33.8078,-118.08161
6,40.524124,-80.068901
6,29.796881,-95.327751
6,42.560329,-88.977097
6,37.306686,-121.819954
6,35.2244,-80.865578
6,29.643837,-95.387222
6,35.933417999999996,-86.818619
6,29.721793,-95.326843
6,26.617289000000003,-81.677876
6,42.965706,-83.80720500000002
6,42.083397,-73.973083
6,36.148476,-86.77636
6,34.027451,-118.274498
6,37.54734000000001,-77.38069200000002
6,37.734145,-118.969468
6,40.800495,-74.074875
6,35.75748400000001,-78.61412800000002
6,26.121622,-80.168571
6,41.405144,-81.648323
6,45.645899,-121.920501
6,39.77684,-104.87748700000002
6,41.12059235553207,-112.01970219558706
6,39.18858,-76.683228
6,32.807163,-96.793358
6,35.982422,-78.890297
6,34.92844,-81.866837
6,30.914419,-89.172958
6,32.860989000000004,-96.855103
6,39.028145,-84.544525
6,34.024646999999995,-117.750961
6,39.74398,-105.053238
6,27.598844,-82.539416
6,32.891210317454856,-97.08177208854158
6,40.277531,-79.87683100000002
6,37.447899,-77.32488000000002
6,28.633165,-81.415031
6,27.947798,-82.53137199999998
6,32.837971,-97.492439
6,39.8993,-104.98796000000002
6,44.04995,-123.118134
6,32.81348,-117.22131
6,46.696262,-92.3629
6,45.89010800000001,-123.629784
6,40.164757,-75.12473299999998
6,35.503574,-80.86621099999998
6,45.204121,-93.375618
6,38.843105,-77.082893
6,41.178139,-96.102623
6,47.655029,-117.261414
6,40.437599,-79.86400400000002
6,38.63150238972363,-75.74559330904128
6,29.938256,-90.02768
6,34.051361,-118.213912
6,33.617714,-84.39836899999997
6,33.684115999999996,-84.407883
6,29.785763,-95.340042
6,39.52422,-121.507172
6,29.801249,-95.450119
6,33.913841,-79.8688
6,32.704983,-96.933914
6,32.763393,-96.665482
6,27.878925,-82.711937
6,29.813259,-95.403793
6,34.171654,-80.971581
6,29.586907,-95.184205
6,29.82507,-95.56364
6,41.817322,-87.743401
6,40.928211,-74.59095
6,35.151451,-90.04079399999998
6,40.089592,-75.148354
6,40.758148,-73.854401
6,36.163222999999995,-95.883629
6,39.412647,-104.867966
6,36.814957,-120.015579
6,25.777796,-80.321945
6,33.02309,-80.201698
6,33.385639000000005,-111.943741
6,40.273418,-111.684586
6,34.362198,-118.555321
6,36.670177,-121.638466
6,39.963867,-76.728432
6,33.483909999999995,-112.11646299999998
6,25.893096,-80.209338
6,39.752869,-86.25018299999998
6,33.008749,-111.749559
6,40.082371,-75.40911899999998
6,30.267139,-97.735847
6,28.32432,-82.51574699999998
6,41.42318845,-81.82268499999998
6,25.927303,-80.221649
6,39.633564,-84.17662800000002
6,39.958031,-75.163872
6,36.69545,-119.762726
6,34.023876,-118.241905
6,32.705441,-97.024704
6,37.81551,-122.283974
6,35.71779,-78.58378
6,33.93660664542228,-98.57531189871511
6,33.181725,-117.326996
6,27.87898400000001,-82.65892
6,33.908504,-84.42977900000002
6,25.598624,-80.35336099999998
6,28.843821,-81.310683
6,38.371163,-122.515864
6,28.607571000000004,-81.207596
6,37.348528,-121.860314
6,28.612717,-81.43229699999998
6,41.457985,-73.234352
6,39.07,-76.638297
6,25.76413,-80.32054000000002
6,28.027655,-82.738167
6,34.931277,-82.327446
6,39.609715,-105.15242
6,39.957001,-105.16478700000002
6,40.17952,-75.27783199999998
6,42.909706,-85.627528
6,38.220093,-122.234245
6,45.060654,-93.152748
6,32.776291,-96.785645
6,25.79335570323089,-80.32152771911467
6,32.925018,-96.7631
6,37.80814,-122.36721
6,38.83260900000001,-121.1682
6,33.857621,-118.299227
6,40.726035,-73.903086
6,32.777634,-96.783478
6,31.24712348,-81.49963975
6,45.068661,-93.263481
6,41.57770900000001,-87.558228
6,33.807301,-87.399597
6,34.791313,-82.417221
6,34.0578,-81.01244399999999
6,41.725196999999994,-72.614799
6,39.783461,-105.03921
6,35.877129,-83.76825
6,41.542398,-72.62670899999998
6,35.068665,-89.985855
6,32.919034,-96.42131
6,34.814259,-82.33738699999998
6,40.256161,-76.550629
6,42.2059,-85.89446
6,47.624105,-122.334374
6,32.74102,-97.019905
6,26.559198,-81.661812
6,40.637899,-77.106247
6,40.02388,-75.57589
6,34.029447,-118.225694
6,37.52927,-77.364983
6,41.769695,-124.189461
6,40.1489,-80.0305
6,34.153744,-118.325821
6,33.475311,-86.626862
6,32.8896,-97.08066
6,38.898052,-77.06948100000002
6,42.455803,-86.23516500000002
6,25.884161,-80.35014
6,32.670815000000005,-96.970253
6,39.018902,-94.499298
6,36.203251,-121.12828799999998
6,38.631134,-90.253326
6,40.72543,-111.896124
6,36.75769,-76.249229
6,36.141797,-86.733467
6,32.907627000000005,-96.898117
6,41.55325,-72.839968
6,33.522597999999995,-117.163017
6,37.544507,-77.553661
6,25.503998994705658,-80.4172503944377
6,34.274403,-118.376511
6,34.019169,-117.987877
6,32.728294,-96.85701
6,38.070747,-122.125679
6,41.572426,-87.282611
6,38.375729,-121.92481200000002
6,39.79694,-85.990532
6,42.42456,-123.16376
6,32.771095,-96.811737
6,33.138254,-117.140442
6,40.187691,-75.13448299999997
6,33.825982,-84.424123
6,41.054944,-78.711176
6,33.790413,-118.099365
6,34.336418,-118.508171
6,28.437369,-81.404388
6,45.56229,-123.105766
6,28.049084000000004,-82.709305
6,41.00007,-73.653591
6,33.48827,-117.663872
6,40.067549,-75.146682
6,35.466457,-97.500153
6,40.198887,-74.66346
6,34.236183000000004,-117.424784
6,30.478140000000003,-86.408958
6,32.997044,-96.855606
6,47.79681,-122.21835
6,36.07960900000001,-86.953568
6,28.034952,-82.12700600000002
6,38.03251,-78.86029
6,25.80545,-80.32104
6,34.792709,-86.577538
6,28.541067,-81.285614
6,30.687099,-85.720093
6,30.351431,-89.446175
6,40.674824,-73.733429
6,39.885223,-104.987511
6,42.702091,-83.28578900000002
6,38.62999,-90.141
6,42.42460300000001,-123.1147
6,40.886608,-73.155579
6,43.611634,-83.947509
6,33.757453999999996,-84.691383
6,43.339645,-77.809898
6,38.571529,-121.59288
6,33.386215,-111.8228
6,34.079102,-79.761368
6,38.766659,-111.348259
6,36.793888807121306,-119.80862259807678
6,39.964287,-82.982925
6,35.267165999999996,-119.109711
6,37.87164600000001,-122.504335
6,43.005951,-83.48786199999998
6,37.674955,-122.115387
6,47.546043,-122.285576
6,27.284097,-82.518305
6,34.296215000000004,-117.45523
6,40.45270900000001,-79.97403
6,33.012943,-80.08874200000002
6,45.5353,-122.68621
6,45.197189,-93.558235
6,34.483371999999996,-82.604156
6,44.510395,-124.079388
6,40.59269000000001,-80.09592099999998
6,32.748725,-96.765602
6,40.348829,-74.617067
6,42.583931,-71.157738
6,29.267305,-82.193344
6,32.85593,-96.648865
6,34.819523,-82.275536
6,46.169369,-123.739846
6,40.303876,-120.52558
6,25.583662,-80.366644
6,41.398151,-73.600891
6,40.124776,-79.959777
6,40.701637,-73.99140200000002
6,29.713184,-95.001762
6,40.157803,-74.407576
6,40.63339600000001,-74.015869
6,44.633620977188905,-122.86543965281072
6,43.119049,-83.76080300000002
6,43.062622,-88.053169
6,42.360813,-83.054199
6,40.760616,-73.956879
6,39.96764,-83.06081400000002
6,40.755451,-73.35588800000002
6,26.060482,-80.21514
6,40.842361,-111.915527
6,37.980289,-84.52845
6,40.630027055546606,-111.87003493255676
6,35.753318,-78.635547
6,38.486312,-77.39085899999998
6,34.065104999999996,-117.806503
6,42.175449,-87.991989
6,35.020351,-89.87960799999998
6,33.667957,-112.220299
6,34.446391999999996,-83.12354300000001
6,33.194469,-117.124294
6,39.527493,-119.78373
6,40.980661,-73.747989
6,47.279469,-122.164299
6,30.591459000000004,-87.174973
6,34.106819,-117.92215
6,28.811581,-81.322762
6,45.48934600000001,-122.676138
6,42.520763,-83.047318
6,25.574647,-80.396936
6,42.868343,-85.680116
6,43.25433,-75.700073
6,32.737559999999995,-88.098564
6,29.54875,-98.382301
6,34.06552,-117.31965
6,28.613740999999997,-81.476189
6,42.885796,-83.697174
6,26.144707,-80.441902
6,40.414806,-80.083403
6,34.426731,-117.400017
6,42.045158,-88.221672
6,47.681648,-117.280028
6,36.801075,-120.014465
6,34.804245,-82.668221
6,42.386353,-83.020195
6,34.98815,-81.96712
6,34.509388,-118.112122
6,36.206554,-86.77624499999996
6,42.337340999999995,-83.124863
6,45.608089,-122.863533
6,38.879097,-77.25301999999998
6,42.638973,-87.952477
6,43.05928,-86.13295
6,45.04982800000001,-93.059189
6,36.839634,-76.196434
6,36.50732100000001,-87.195621
6,40.934093,-73.856339
6,41.40005,-81.50775
6,32.863949,-86.621277
6,43.11776,-83.912323
6,25.595461,-80.378807
6,41.744343,-87.849533
6,29.774685,-95.300007
6,25.970592,-80.205969
6,32.03653,-85.125404
6,44.975819,-93.287514
6,40.529064,-84.16938
6,35.196017,-80.851316
6,29.00774,-82.569443
6,39.304458,-84.465338
6,39.870607,-104.987693
6,41.024705,-76.414026
6,38.837536,-104.830437
6,33.970364000000004,-118.081554
6,34.35975,-117.43536
6,35.967986,-86.56651
6,33.56797,-112.06521
6,33.38042378,-84.79961514
6,41.975368,-88.222794
6,40.155922,-76.343506
6,41.800091,-72.297463
6,41.427755,-85.586391
6,33.71750236,-117.79239535
6,42.118118,-70.968811
6,30.19451,-97.623459
6,32.75031924232125,-113.66198658888976
6,33.897884000000005,-117.274902
6,32.766102000000004,-96.776489
6,38.467304,-77.405991
6,33.392723,-111.967415
6,26.588896,-80.123138
6,25.96318,-80.16284
6,37.3609,-121.91617
6,40.353001,-111.773949
6,32.778766999999995,-117.112297
6,39.222843,-76.720161
6,45.635663,-118.680247
6,44.137089,-123.058228
6,32.79347,-96.72633
6,34.067322999999995,-117.554317
6,30.355021,-83.097862
6,40.855018,-73.969553
6,26.203491,-80.143852
6,33.995976,-117.872961
6,42.624393,-71.176514
6,37.75940900000001,-122.406015
6,35.418892,-97.52581
6,29.832664,-95.513344
6,42.91423,-86.08144399999998
6,25.897431,-80.236482
6,38.801762,-76.777153
6,33.069302,-117.06968700000002
6,38.71461400000001,-121.377072
6,38.805725,-90.854645
6,40.73004127,-74.03966546
6,40.844879,-73.926109
6,32.83978,-97.30954
6,40.887005,-76.4036
6,25.847607,-80.313942
6,39.895297,-86.05367199999998
6,37.1326839922088,-121.63072228373704
6,32.956142,-117.220834
6,38.576098,-121.565101
6,35.134453,-80.93925899999998
6,36.106881,-94.176215
6,33.18205,-87.366798
6,33.137484,-97.046872
6,38.484722,-90.3564
6,37.342602,-121.926056
6,47.42853,-122.22096
6,42.377497,-87.906049
6,28.048997999999997,-82.738579
6,40.89667100000001,-73.880585
6,35.419659,-97.441299
6,35.403671,-78.541168
6,41.751125,-88.012718
6,35.006458,-89.98988299999998
6,28.021601,-82.334938
6,39.870152,-75.355591
6,35.020527,-89.898331
6,37.741333,-121.580864
6,44.864147,-93.350197
6,30.63043,-84.896846
6,40.877288,-79.39613100000003
6,39.98032,-82.958412
6,36.155598,-86.629776
6,38.985188,-77.158592
6,32.901444,-96.457467
6,35.088989,-80.874397
6,43.004795,-88.03795600000002
6,45.4739677903868,-122.56576180399624
6,34.293579,-118.83783
6,41.50196,-87.31965
6,45.50111,-122.653709
6,41.352234,-73.663673
6,29.775378999999997,-95.644028
6,41.543466,-73.024822
6,33.859857,-117.536484
6,30.483147,-97.894203
6,32.969479,-80.006737
6,28.480696,-81.297684
6,47.563428,-122.33939
6,38.489384,-122.679543
6,34.980148,-81.975594
6,41.134233,-73.29374
6,39.191607,-121.005861
6,37.443535,-122.117249
6,36.06559,-86.680153
6,34.025719,-118.450974
6,34.86184000952309,-82.25145220717309
6,33.60638400000001,-81.84387199999998
6,37.640949,-121.405357
6,33.566353,-116.980881
6,25.848932,-80.207596
6,42.264046,-88.17896999999998
6,34.079256,-79.837765
6,32.63512,-97.064192
6,43.088602,-88.05806700000002
6,40.87485,-73.97409
6,37.498047,-122.130035
6,37.48875200000001,-121.943603
6,40.669428,-74.177214
6,34.011821999999995,-112.789543
6,35.102528,-80.708412
6,32.778679,-97.061378
6,36.317329,-120.103386
6,38.015079,-121.995277
6,37.11927,-121.62603
6,29.659403,-95.476517
6,27.932281,-82.575951
6,35.835381,-78.303925
6,43.881905,-83.96601899999997
6,42.466159999999995,-88.01715899999998
6,35.163048,-80.96943900000002
6,32.601006,-80.760757
6,40.630306005284154,-111.85786843246528
6,42.489609,-72.960762
6,33.519592,-117.619766
6,38.74614,-121.268852
6,34.192703,-118.328716
6,39.100239,-75.95719100000002
6,38.60785,-121.352389
6,48.794797,-105.377353
6,32.83424,-86.648376
6,33.54455351813533,-83.08602690657099
6,30.32057,-97.753464
6,25.885851,-80.210763
6,40.411354,-74.448669
6,42.34603,-83.09664000000002
6,33.823370000000004,-84.15635
6,30.409719,-84.980766
6,42.91254,-85.58341999999998
6,45.91853,-119.32151
6,34.614052,-80.691704
6,35.143188,-89.944717
6,32.729073,-117.106155
6,33.85608,-118.02469
6,42.988395,-88.038205
6,29.599392,-95.198114
6,34.639587,-86.847588
6,32.965794,-96.91787
6,38.575019,-77.980314
6,32.806581,-96.62702
6,30.216873,-84.67347
6,36.987766,-121.941849
6,41.565534,-93.703562
6,34.07848,-118.2286
6,34.278183,-118.502144
6,34.780319,-82.375801
6,33.421909,-80.679016
6,38.494846,-121.450203
6,34.081415,-117.700698
6,43.446971999999995,-71.62670899999998
6,34.171301,-118.387819
6,27.209637,-80.333786
6,33.3561766146023,-117.53052592221484
6,26.259996,-80.13323199999998
6,39.780186,-104.939674
6,40.754356,-73.898643
6,40.785172,-111.949112
6,38.685725927168434,-121.33297562541324
6,25.967094,-80.14780400000002
6,29.75752,-95.36955
6,30.16696,-97.737152
6,40.587868,-111.985944
6,47.54478,-122.33414
6,40.725916,-74.227103
6,40.995804,-72.339035
6,32.898509999999995,-96.71481
6,40.72931170444141,-73.87869000399648
6,38.79333,-120.91334
6,25.631073,-80.381599
6,45.13415,-93.23544
6,40.247383,-76.42997700000002
6,27.372118,-82.53085300000002
6,32.694,-97.23979
6,38.262569,-85.721664
6,33.901691,-84.473511
6,30.210609,-92.099579
6,45.050201,-93.058769
6,43.059376,-83.928436
6,40.850067,-73.944817
6,30.425645000000006,-84.535962
6,40.791119,-73.23541999999998
6,33.022415,-96.934456
6,40.758167,-73.854416
6,39.263763,-123.561432
6,47.4851,-122.194733
6,41.578915,-87.29637199999998
6,40.595789,-122.234952
6,29.875601,-95.41201
6,34.508410999999995,-86.60276800000004
6,33.790578000000004,-118.282171
6,32.883392,-80.019562
6,37.396159999999995,-121.907608
6,29.724632,-95.59198
6,41.116219,-74.11216
6,40.610994,-80.09472
6,33.847788,-118.205304
6,42.560322,-71.297089
6,43.01359,-76.07011
6,34.062607,-118.248901
6,36.163063,-81.235152
6,33.839085,-117.834108
6,41.87419000000001,-87.71627
6,36.204498,-86.747452
6,33.4588,-84.45763000000002
6,33.438109999999995,-81.812111
6,33.538585999999995,-112.09539
6,36.088156,-86.70152399999998
6,32.991665999999995,-80.086869
6,37.896973,-122.079391
6,29.658113,-95.37632
6,38.524895,-121.467789
6,42.202412,-71.080917
6,32.801208,-96.921738
6,33.997245,-117.83954
6,33.12848,-117.100474
6,33.932466,-117.879391
6,41.714523,-87.64312
6,33.821548,-84.359383
6,39.679981,-75.477242
6,42.917095,-83.501717
6,34.395386,-113.211229
6,32.77898,-96.782036
6,44.88269,-93.16343
6,40.01093,-75.207091
6,41.684364,-87.60176
6,36.284615,-86.807762
6,34.796075,-118.850925
6,42.208229,-71.140648
6,32.308319,-110.89266200000002
6,40.090183,-82.83602900000002
6,38.693795,-76.87203199999998
6,26.007216,-80.167018
6,40.147732,-76.046188
6,33.56282,-112.116013
6,36.191921,-86.74481999999998
6,45.188592,-93.543037
6,35.182984000000005,-80.887299
6,42.24048,-87.94459
6,38.794357,-76.99855
6,38.704441,-120.93483700000002
6,39.012165,-94.782631
6,30.6488,-91.105293
6,30.516411,-97.687721
6,41.085734,-73.664147
6,41.090641,-73.862213
6,38.856907,-94.813805
6,34.066990000000004,-117.803535
6,42.222679,-71.740257
6,28.401562,-81.42499000000002
6,40.60986,-75.52944000000002
6,37.59489600000001,-122.368425
6,30.419796,-91.150103
6,39.014305,-76.491104
6,33.564411,-112.256592
6,36.131091999999995,-86.726822
6,37.844074,-122.297615
6,32.791843,-96.737556
6,39.725478887368546,-105.07954001376592
6,35.066685,-80.952143
6,33.633221,-84.303986
6,38.944318,-121.097889
6,33.946706,-118.368299
6,36.14461,-115.20825
6,35.163742,-80.815125
6,25.91006398,-80.21007657
6,37.932522,-122.403534
6,36.327254,-119.343961
6,42.599059999999994,-73.784874
6,32.767517,-96.835632
6,27.116545,-81.999636
6,37.854364,-122.22013
6,33.920189,-84.317574
6,37.362038,-121.903572
6,41.574024,-87.50946
6,34.15574,-118.15811
6,30.204281,-92.013443
6,38.85817700000001,-77.84359
6,33.5228,-112.26918
6,32.813673,-96.807792
6,40.763582,-73.72676
6,33.826980999999996,-84.09655
6,28.38975,-82.658028
6,33.473942,-112.503471
6,32.997299,-79.931702
6,29.79178,-95.267853
6,33.441299,-82.121361
6,39.689411,-104.992088
6,33.899966,-84.26956
6,40.771768,-74.156456
6,38.819901,-94.513046
6,34.226563,-118.387825
6,34.3428,-79.533951
6,34.109123,-118.332614
6,34.154388,-118.384232
6,33.941254,-117.270546
6,35.390709,-119.252068
6,37.51938,-77.51614000000002
6,44.1372,-123.591986
6,41.031071,-111.908806
6,39.756538,-76.954193
6,42.071991,-88.315269
6,38.57594,-121.187365
6,40.361172,-111.735771
6,40.16285300000001,-75.294415
6,37.14705900000001,-93.277839
6,45.080214,-93.053046
6,35.283997,-80.772079
6,33.450477,-79.127589
6,39.081951,-94.49041
6,34.036388,-118.032804
6,38.911193,-77.21755300000002
6,30.349209,-97.538452
6,38.539425,-90.484001
6,30.385296000000004,-97.743462
6,28.530058,-81.275322
6,37.844521,-122.29771399999998
6,29.455233000000003,-95.081789
6,43.13068,-77.679413
6,36.174862,-86.766098
6,29.600624,-95.464584
6,36.169811,-86.809151
6,39.889584,-82.88297299999998
6,34.015745,-118.281069
6,37.07562,-121.577878
6,36.74075300000001,-119.814598
6,40.437599,-79.86400400000002
6,34.16002,-84.112178
6,37.97376036625874,-81.28984808883052
6,40.00853,-75.280396
6,26.166954,-80.15933199999998
6,34.134636,-117.336441
6,38.84737,-77.42849
6,38.632188,-121.520189
6,28.02314,-82.244713
6,27.75194,-82.69561800000002
6,28.633877,-81.45253000000002
6,42.11025,-87.868608
6,43.476959,-75.318321
6,33.774315,-84.56839000000002
6,34.80413,-91.89152
6,39.772869,-104.940643
6,37.548233,-77.432053
6,37.516285,-122.329041
6,30.496737,-88.334061
6,36.744999,-121.740227
6,27.981244325504388,-82.31870055159415
6,43.864262,-95.114952
6,43.115563,-71.44189
6,45.023277,-93.284523
6,25.840238,-80.24971
6,42.856327,-83.71575899999998
6,41.94381,-88.119766
6,38.291725,-121.264374
6,38.934447,-76.91799499999998
6,29.84812,-95.323807
6,34.324444,-117.48206
6,28.3755075930196,-81.41784310302059
6,25.77775,-80.321732
6,41.089211,-112.027801
6,42.367111,-71.05851700000002
6,30.394147,-91.084237
6,26.350828000000003,-80.117874
6,47.331352,-122.155548
6,38.857377,-77.37143499999998
6,35.394161,-97.567017
6,33.288906,-117.225571
6,43.476959,-75.318321
6,35.388866,-97.405838
6,39.20503,-76.62262
6,32.780755,-96.767042
6,43.136959,-77.647972
6,34.023144,-117.811676
6,42.368526,-71.063148
6,28.93461,-82.396294
6,29.93221879,-95.37949204
6,42.385468,-83.275871
6,32.791351,-96.791771
6,30.657190000000003,-87.909378
6,28.59672,-81.17014300000002
6,40.077202,-75.30301700000003
6,34.03345,-118.14574
6,33.423,-112.238678
6,33.875553000000004,-118.193213
6,33.521209999999996,-86.825912
6,44.95216,-93.06969
6,40.697567,-73.779076
6,26.26664,-80.485001
6,36.86647,-119.684027
6,26.616896,-81.714752
6,33.773251,-118.039406
6,42.269131,-88.033722
6,32.791392,-96.81365
6,37.286102,-79.96927600000002
6,40.017691,-75.172556
6,30.476971,-97.764503
6,30.18247,-97.775772
6,29.996615999999996,-95.42527
6,33.84185,-87.21172299999998
6,35.741156,-78.633659
6,40.847559,-73.91246600000002
6,32.791195,-96.737396
6,41.890514,-87.962158
6,32.664909,-117.109856
6,36.14850300000001,-86.766512
6,40.33374,-79.803223
6,34.085572,-117.689718
6,29.674491999999997,-95.56089
6,34.060608,-118.173485
6,35.059358,-80.77235999999998
6,37.983421,-122.297188
6,35.140419,-80.975594
6,35.68457,-78.833893
6,32.391766,-86.32572900000002
6,43.686515,-116.353995
6,36.96706,-76.29364
6,36.082279,-86.762108
6,39.762932,-104.791008
6,37.642899,-121.887268
6,38.9411795137456,-109.81636404938784
6,38.91779065,-76.93224549
6,45.246693,-93.501975
6,25.733297,-80.327477
6,37.608219,-121.00132
6,31.922390000000004,-106.439875
6,38.696445,-121.765205
6,39.763779,-86.234512
6,37.547981,-77.438339
6,38.208434999999994,-85.668991
6,40.891708,-73.816109
6,35.46228,-97.49656
6,35.747616,-78.591461
6,33.743621999999995,-84.382591
6,34.029392,-118.220428
6,41.808655,-87.66497
6,25.872697,-80.208898
6,43.180939,-77.634827
6,44.918785,-93.275063
6,35.072453,-80.74968
6,40.665888,-73.80175200000002
6,29.898232,-95.414833
6,34.349295,-118.540299
6,35.382891,-90.279293
6,34.156673,-118.416689
6,35.72282,-78.584061
6,36.21513,-86.597687
6,40.066622,-74.965631
6,30.81192,-85.209991
6,38.02203400000001,-121.960197
6,35.18246,-80.80615999999998
6,36.970524,-121.873421
6,37.101212,-93.78891
6,25.494031,-80.41824799999998
6,29.737046000000007,-95.54253
6,39.211281,-84.584312
6,37.52171158772696,-77.96435952149406
6,38.49047,-121.51429
6,33.92485,-81.07637
6,27.868465000000004,-82.62197900000002
6,38.652817,-121.07058
6,28.385778,-81.506672
6,45.30949,-94.948166
6,40.945953,-75.108994
6,32.767387,-96.873695
6,39.04655800000001,-94.67804
6,41.497840999999994,-81.605103
6,43.1852,-77.58760799999997
6,34.087408,-117.670074
6,26.71493,-81.821648
6,44.464366,-119.486939
6,34.088397,-118.305073
6,30.352411,-89.920525
6,35.739399,-78.56868
6,33.187691,-79.99945100000002
6,33.465069,-112.255257
6,36.3256,-86.706017
6,37.167542,-93.277046
6,33.149158,-79.624207
6,25.899412,-80.219376
6,47.60593,-122.32863
6,39.807388,-86.166382
6,34.36518,-118.50363
6,39.936874,-82.878723
6,29.432051,-98.566917
6,30.34932,-97.52999
6,34.013339,-118.05656100000002
6,37.812973,-122.36233500000002
6,36.074984,-79.766649
6,42.663045,-73.725351
6,32.857791999999996,-79.981087
6,33.200798,-87.525299
6,46.561617,-112.885399
6,41.483677,-73.05023
6,29.89870100000001,-95.412247
6,32.676274,-96.696614
6,34.928453999999995,-89.99373100000003
6,32.940659000000004,-80.050613
6,40.63074500000001,-75.470192
6,40.049551,-75.346786
6,47.15927,-122.30153
6,41.662712,-87.738159
6,33.861469,-117.258743
6,29.79208,-95.262398
6,33.21653,-79.966301
6,34.139809,-118.36535
6,25.926325,-80.24675
6,38.19265,-85.706062
6,32.834747,-112.133324
6,40.721172,-73.395859
6,27.989794,-82.24408000000003
6,36.046378999999995,-86.65464
6,40.62386,-74.01967900000002
6,37.443539,-77.440765
6,42.160722,-88.049702
6,38.771317,-77.535088
6,42.896999,-83.490387
6,33.165248999999996,-87.547287
6,39.88460900000001,-104.98822
6,39.237961,-120.031532
6,41.74654,-87.845055
6,25.880955,-80.18672600000002
6,28.549641,-81.74916800000003
6,34.075089,-117.749588
6,34.324921999999994,-119.097203
6,38.72364163380277,-77.49628186188937
6,33.942408,-118.227716
6,32.766403000000004,-96.909581
6,32.669411,-96.769821
6,40.264571999999994,-79.87867
6,38.443871,-85.806442
6,35.46424099999999,-97.530121
6,34.0201,-118.189445
6,38.839622,-76.866943
6,33.256027,-111.884613
6,42.297352,-84.996574
6,29.78461,-95.61736
6,40.639985,-74.290094
6,40.802933,-73.324306
6,36.175693,-86.766511
6,35.609146,-97.518799
6,33.744702000000004,-84.334115
6,34.787731,-80.83676899999998
6,40.263034999999995,-75.319328
6,28.538101,-81.458063
6,38.707443,-121.309792
6,34.452484000000005,-83.35903
6,43.049404,-88.039307
6,37.74146,-121.57978
6,38.9253,-76.85406
6,43.666126,-94.272987
6,43.61953,-116.351359
6,40.121288,-76.036369
6,42.269501,-88.073738
6,28.022982,-82.24479699999998
6,29.717709999999997,-95.538979
6,36.10060900000001,-95.833183
6,34.028477,-84.575714
6,37.72994600000001,-122.439507
6,41.713387,-71.472565
6,34.067539000000004,-80.89988699999998
6,47.534569,-122.164139
6,38.504508,-122.767015
6,35.868598999999996,-87.969414
6,32.652744,-117.102021
6,25.657228,-80.388002
6,40.654251,-74.00811800000002
6,40.757088,-74.207306
6,44.951733,-93.126419
6,44.829887,-93.29364
6,43.022388,-85.669724
6,34.54282,-83.03647600000002
6,35.266586,-80.881927
6,42.886463,-85.491249
6,37.501236,-122.241646
6,33.66327881796997,-117.79522776547527
6,32.913272,-96.872637
6,32.92305,-97.061172
6,29.686297999999997,-95.279015
6,39.57989,-75.66003
6,36.311893,-121.888019
6,38.90699744205996,-123.23311686457043
6,36.827793,-76.28538499999998
6,39.11496,-76.55948599999998
6,29.76342,-95.213211
6,26.007813,-80.34072900000002
6,44.670615999999995,-93.639572
6,27.994871000000003,-82.545458
6,28.56553,-81.19524
6,32.754265000000004,-96.771507
6,43.123569,-77.64460799999998
6,32.844034,-96.634743
6,30.31333900000001,-83.023499
6,39.361431,-77.017432
6,35.684742,-118.217912
6,33.866285999999995,-117.717149
6,35.258812,-80.68447900000002
6,28.259816,-81.590603
6,38.702332,-121.331734
6,40.727491,-74.345219
6,40.75777,-73.73823
6,35.900402,-78.606903
6,38.155185,-121.676428
6,41.906288,-71.04233599999998
6,44.874783,-93.143532
6,34.165508,-118.492355
6,34.098068,-118.314629
6,41.83728,-87.67533900000002
6,36.78824,-121.729033
6,39.737309,-75.551132
6,29.848609999999997,-95.302132
6,35.46250900000001,-97.556152
6,39.933811,-83.624901
6,40.116192,-75.339539
6,43.171095,-77.612112
6,39.325179,-120.193665
6,38.113314,-122.229948
6,28.036390542850317,-82.50342965086696
6,32.714290999999996,-96.685532
6,44.69781500000001,-93.288536
6,34.96623158438221,-80.98338961562641
6,39.869009256172795,-75.10068297350358
6,30.199216,-97.632231
6,40.03773,-76.033233
6,41.78967,-87.63064
6,47.65337,-117.196587
6,30.349419,-97.536749
6,30.726345,-81.663511
6,30.123598,-90.683098
6,29.700492,-95.556747
6,30.266199,-97.73616
6,30.335539,-81.761505
6,38.64298224430731,-122.87211298883976
6,27.942096999999997,-82.32914
6,35.971743,-86.569017
6,39.968963,-76.614632
6,41.472469,-81.69386300000002
6,39.07618,-84.5195
6,27.099121000000004,-82.203346
6,43.031185,-83.70367399999998
6,39.266098,-76.59719100000002
6,38.220764,-122.132156
6,35.783524,-78.700386
6,33.998544,-118.176139
6,38.442373,-90.379794
6,41.05909000000001,-88.002625
6,26.089537,-80.21257
6,34.995411,-82.062218
6,36.73673400000001,-119.85723
6,26.203188,-80.144447
6,44.949371,-93.104752
6,33.743649,-84.388878
6,40.83482,-73.86608000000003
6,41.468067,-81.756538
6,38.101464,-121.260318
6,44.554979,-123.008677
6,28.527889,-81.467552
6,33.360271000000004,-111.893883
6,43.20797,-77.65392299999998
6,34.932209,-81.058159
6,39.645832,-75.79735600000002
6,42.518985,-83.616137
6,33.914048,-118.183135
6,41.045448,-96.139137
6,29.607611,-95.31781
6,41.588711,-73.058419
6,25.571159,-80.372299
6,32.755962,-96.468056
6,34.181182,-79.691354
6,37.826736,-122.287415
6,33.465736,-112.10988600000002
6,33.462128,-112.065079
6,42.560993,-71.32151
6,32.320059,-93.983974
6,39.945705,-82.438502
6,37.636028,-121.556976
6,34.066002000000005,-117.201256
6,33.963052000000005,-118.230211
6,35.296112,-80.79334300000002
6,32.760612,-96.774277
6,35.263657,-81.08876
6,34.019711,-118.173531
6,32.81958,-96.635815
6,40.797926,-111.949204
6,36.07268,-86.691689
6,25.832685,-80.206253
6,32.699669,-96.646927
6,29.728724,-95.460564
6,34.06645,-118.01802
6,37.030781,-76.37886800000003
6,38.1674,-79.00798
6,38.639116,-121.345967
6,36.324406,-86.868408
6,38.49144,-121.514694
6,38.87968,-77.22116
6,41.01057,-73.85184
6,34.011344,-117.070946
6,33.852249,-84.368759
6,37.299524,-120.490426
6,29.663155,-98.169846
6,40.621918,-89.46374499999996
6,34.891331,-81.943748
6,34.11388,-80.858925
6,33.011957,-80.113651
6,30.154615000000003,-92.050194
6,26.057327,-80.16233299999998
6,38.63055,-121.3283
6,30.175956,-81.55901300000002
6,41.37971,-71.9036
6,34.068878000000005,-117.839455
6,35.86391300000001,-80.408002
6,37.50779,-77.262146
6,25.893737,-80.209677
6,26.62092,-81.749573
6,29.406571999999997,-98.574181
6,35.898281,-78.556488
6,40.693417,-89.586189
6,39.740139,-104.940681
6,34.01623,-117.916533
6,47.693081,-117.395157
6,45.539370775005615,-122.45051264704487
6,40.453824,-76.141888
6,33.741424,-117.432384
6,33.596207,-112.20273600000002
6,47.642796,-92.563423
6,25.900063,-80.324455
6,39.108891,-76.824333
6,40.445402,-79.84855
6,41.424107,-81.528961
6,30.510099,-97.748016
6,33.80703,-79.014977
6,44.96253,-92.76897
6,42.996121644768735,-77.37450957261382
6,37.711571,-122.127396
6,39.418427,-76.633957
6,32.700188,-117.094704
6,40.524918,-80.070175
6,35.125809000000004,-89.678352
6,36.086696999999994,-86.697845
6,32.766515000000005,-96.910167
6,39.761024,-123.540268
6,37.97069000000001,-122.32042
6,42.37751,-87.84816
6,32.838328999999995,-96.661217
6,33.61469,-117.70779
6,41.258701,-95.946877
6,42.77207,-124.49692
6,41.748268,-88.040657
6,25.77932,-80.31781
6,38.029714,-122.25585900000002
6,42.32502,-71.069168
6,33.99601,-118.145531
6,33.933609999999994,-84.16329
6,34.984928000000004,-82.396393
6,35.078747,-90.057045
6,40.077948,-111.731268
6,42.28038,-83.44162
6,41.803921,-88.202789
6,41.232433,-95.880196
6,37.296021,-120.379051
6,37.489845,-121.917751
6,35.420871999999996,-97.487946
6,40.896632,-74.222814
6,37.92224,-120.84391200000002
6,35.18582199999999,-80.746941
6,33.912961,-118.179892
6,47.658001,-117.41111
6,35.278931,-89.969139
6,38.442116,-122.721268
6,40.192661,-74.59072900000002
6,40.70644,-74.0024
6,33.437529999999995,-112.10825
6,34.037049,-118.379142
6,33.48608,-112.191429
6,32.743252000000005,-97.319771
6,40.724841,-74.133256
6,32.687745,-97.06239
6,40.43916,-79.86165
6,33.839703,-118.088691
6,41.08383900000001,-81.503227
6,45.465013,-122.63838
6,31.23489600000001,-85.45525400000002
6,37.535801,-122.51786
6,39.564411,-105.03343999999998
6,42.34687,-71.05811
6,39.55331,-119.56691
6,29.199679999999997,-82.437363
6,38.759815,-90.094193
6,26.10511,-80.309502
6,40.35678505878278,-74.60741400683114
6,30.429623,-88.894745
6,45.226253,-93.027961
6,44.783994,-93.41983
6,37.015825,-120.124801
6,34.400859999999994,-118.83226
6,36.842735,-76.286012
6,39.531361,-106.21578999999998
6,34.05885,-118.24531
6,35.6236,-97.638557
6,29.597713,-95.38681
6,32.78086500000001,-96.771858
6,36.205894,-86.768564
6,41.9412,-87.72721899999998
6,36.20950300000001,-86.76061999999996
6,40.26387800000001,-80.165947
6,39.8651,-75.10615
6,28.265184,-81.346863
6,36.042095,-86.72043599999998
6,43.19247100000001,-88.023758
6,39.698528,-104.903542
6,29.637032,-98.456474
6,29.682313,-95.423779
6,35.742199,-78.577003
6,38.70602,-121.33656299999998
6,29.97676,-90.086204
6,38.423318,-78.880028
6,32.843489,-79.980577
6,36.24276,-86.75235699999998
6,39.30583,-76.53064
6,41.40005,-81.50775
6,42.419708,-71.103928
6,32.766872,-96.873795
6,34.157642,-118.370293
6,42.98312,-83.69579300000002
6,33.447399,-82.031639
6,38.532784,-121.768723
6,36.159859,-86.849007
6,38.140492,-122.221211
6,42.319939,-87.895226
6,37.532017,-77.36125899999998
6,42.311742,-122.98635
6,39.059303,-94.490387
6,42.961273,-85.67684200000002
6,34.493773,-118.280087
6,30.190847,-97.770752
6,39.658421,-104.84301
6,29.435793,-98.389755
6,38.505512,-90.677261
6,35.111115000000005,-85.048836
6,37.642899,-121.887268
6,45.505795,-122.76523600000002
6,37.015589,-76.453717
6,30.44555,-97.832116
6,34.116826,-118.481701
6,32.918152,-80.114464
6,33.631893,-84.40995799999997
6,39.802322,-77.02268199999997
6,36.014706,-86.72600600000001
6,39.89551,-74.93898
7,31.720755,-106.305183
7,33.94920229895616,-80.9954273696852
7,26.106886,-80.281998
7,42.447281,-83.00029
7,37.43324161,-121.91915631
7,36.076935,-87.01904300000002
7,34.031004,-118.433207
7,38.861889,-77.345108
7,43.012117,-78.335712
7,42.927078,-85.62146
7,34.26767,-118.484756
7,30.690163,-91.147911
7,44.666966,-117.618352
7,30.407802,-91.008597
7,40.638228999999995,-75.273048
7,42.307860999999995,-71.164001
7,34.039219,-81.09446
7,38.830826,-77.007683
7,34.374235,-117.679742
7,39.0907609460874,-104.77076411197294
7,29.94561400000001,-95.662071
7,35.301235,-80.855675
7,39.870556,-104.981567
7,32.714176,-117.125908
7,32.757751,-96.917168
7,37.253716,-80.179903
7,35.580055,-97.531387
7,35.121262,-80.76550300000002
7,35.610058,-97.638527
7,40.771115,-73.833975
7,30.256695,-81.401993
7,30.381383000000003,-97.606143
7,32.385031,-90.146138
7,34.068498,-81.017607
7,35.798546,-78.562859
7,37.701384999999995,-121.769829
7,36.074226,-86.921921
7,40.087154,-82.975288
7,35.815483,-78.738167
7,45.53864,-94.20938
7,42.263451,-71.56663499999998
7,35.34455900000001,-80.967941
7,40.73431400000001,-73.922318
7,40.25105300000001,-75.311134
7,34.046147999999995,-118.269335
7,38.747367,-76.992187
7,35.7747,-78.63675699999997
7,35.2655,-80.874716
7,40.933185,-75.026158
7,30.516359,-87.767838
7,27.71312,-82.427116
7,41.581741,-83.873253
7,29.777790000000003,-95.218536
7,38.854874,-76.958122
7,28.261589,-80.68802600000002
7,29.727736,-95.571655
7,28.03264,-82.401649
7,34.872242,-82.22438000000002
7,34.100544,-80.958549
7,32.631771,-85.49668100000002
7,33.729366,-117.985184
7,39.02609,-84.56631
7,40.100821999999994,-75.212761
7,33.553093,-112.116989
7,38.68765300000001,-121.351166
7,38.071761,-120.580838
7,39.787773,-86.12599200000002
7,38.668308,-121.362305
7,41.330812,-72.986437
7,41.76041,-81.04353
7,32.080729999999996,-82.477562
7,36.33706,-78.44074
7,41.235467,-73.703438
7,34.886873,-82.186189
7,39.013388,-77.04609599999998
7,33.771069,-84.34903
7,37.460827,-77.591576
7,38.214577,-122.137939
7,29.869184000000004,-95.412628
7,30.492786,-91.152428
7,35.12845158560214,-92.51268267587416
7,29.807503000000004,-95.301895
7,35.896019,-78.506584
7,37.891549,-122.150062
7,35.159496000000004,-80.98069
7,42.200085,-73.83747199999998
7,43.023891,-83.517853
7,30.424801,-97.626419
7,27.583593,-82.598393
7,25.84577,-80.38168
7,39.65237,-77.91833000000003
7,34.02123,-118.1961
7,34.172009,-118.471597
7,30.248367,-92.000061
7,34.004361,-84.564714
7,39.953667,-83.032402
7,28.03640900000001,-82.072388
7,34.878409999999995,-82.701424
7,34.840959000000005,-81.112573
7,34.745651,-81.03533900000002
7,26.121794,-80.168564
7,40.9848,-73.83863000000002
7,45.490761,-122.79223600000002
7,44.878504,-93.141536
7,41.301441,-73.915947
7,38.2984,-85.899
7,39.824679,-104.965429
7,40.553619,-74.484375
7,35.749512,-78.64888
7,32.8022,-97.156342
7,40.788719,-74.460258
7,39.146084,-84.53775
7,30.456015,-97.666321
7,30.396006,-86.427498
7,39.379025,-76.449669
7,30.324982,-97.958176
7,41.91803,-77.75012199999998
7,27.439964,-82.459749
7,33.84788,-117.856112
7,34.097003,-80.850988
7,41.212646,-96.138802
7,27.429028,-82.530479
7,33.82828,-118.287476
7,45.151073,-122.83141299999998
7,35.176208,-80.797089
7,39.041299,-75.60304599999998
7,41.649418,-93.611305
7,42.972072999999995,-85.993774
7,39.223438,-84.185226
7,40.068489,-76.30764
7,39.566502,-119.487518
7,33.888405,-80.365173
7,35.166726000000004,-120.689626
7,26.632994,-80.068219
7,28.576326,-81.491004
7,35.124413,-106.51561
7,41.691928999999995,-87.671951
7,35.830985999999996,-78.596474
7,37.718876,-121.36161
7,30.476793,-97.765106
7,39.930515,-86.149513
7,39.954995,-75.336639
7,32.940594,-80.050568
7,33.792314000000005,-118.207668
7,33.544708,-86.81987
7,35.925621,-84.057571
7,33.003006,-80.120827
7,39.711021,-105.08152
7,33.887745,-118.103851
7,35.051029,-80.76960799999998
7,33.837074,-84.381424
7,26.620823,-81.760834
7,38.946169,-94.880226
7,35.068096999999995,-81.766532
7,35.449791,-97.463249
7,44.897503,-93.232391
7,32.793678,-97.212444
7,38.580242,-77.323898
7,33.639788,-111.890496
7,26.46316,-80.090408
7,41.883228,-88.065849
7,38.802247,-77.588607
7,45.69086194016604,-94.86955046608507
7,40.916121999999994,-73.997147
7,36.156009999999995,-96.008492
7,39.185429,-94.593178
7,32.757938,-96.69252
7,44.19625900000001,-94.019936
7,33.825026,-84.349257
7,33.03713,-83.92662
7,39.170418,-76.73085
7,40.139057,-75.170532
7,45.425736,-122.568491
7,34.341128999999995,-118.522881
7,41.825226,-87.63059200000002
7,37.558814,-77.420691
7,39.956534999999995,-83.018501
7,32.940624,-80.050591
7,47.274776,-122.379173
7,40.360371,-84.160103
7,32.490952,-93.797249
7,33.93046,-118.21645
7,38.80116820316887,-77.07708477937184
7,35.08767,-80.85295
7,41.870739,-88.219063
7,44.767525,-93.03447
7,42.344559,-87.933563
7,33.820793,-84.168289
7,30.329533,-97.647324
7,36.058601,-86.597717
7,30.29318,-97.725479
7,34.767148,-83.044919
7,25.72588,-80.317757
7,42.81478,-85.66901
7,35.249275,-80.766602
7,36.2182,-86.80351
7,32.778622,-96.916939
7,32.577847,-97.319511
7,34.316691999999996,-117.479752
7,37.617688,-104.759585
7,43.16407,-77.555588
7,30.184687,-81.557968
7,38.48457,-90.443718
7,40.689973,-73.631934
7,35.163998,-80.740662
7,29.954946999999997,-90.090073
7,41.765217,-72.649475
7,39.838661,-84.420509
7,40.667938,-85.493675
7,27.97912,-82.335068
7,29.937440999999996,-95.483231
7,29.777412,-95.428856
7,26.285802,-80.125167
7,37.499706,-77.534203
7,33.34452,-111.97209
7,33.853931,-117.96303600000002
7,39.096901,-84.522301
7,33.012337,-96.795319
7,32.759674,-117.202667
7,45.598109,-122.684542
7,34.07181,-118.12287
7,34.025634527044176,-118.2365906232918
7,47.190189,-122.47683700000002
7,39.03379082661136,-94.30227398827408
7,40.76704,-73.88726
7,42.325108,-83.350372
7,26.651638,-80.112427
7,36.085625,-86.698814
7,41.648628,-87.579491
7,41.847603,-91.666924
7,37.993881,-84.452744
7,36.141975,-86.652412
7,27.757238,-80.945396
7,43.05281281,-87.97198176
7,40.60778,-74.13741
7,39.832329,-86.035637
7,32.93495,-96.75236
7,42.043449,-88.376289
7,41.78893,-72.56396
7,40.188583,-79.70121
7,29.54591,-98.369232
7,38.186749,-120.825676
7,25.897225,-80.24481800000002
7,32.778011,-96.682533
7,41.473785,-81.703102
7,32.911686,-96.880321
7,47.647374,-122.13567
7,36.393647,-121.334083
7,32.629166,-117.095871
7,43.13007,-77.475883
7,34.120072,-117.837304
7,32.768383,-96.665619
7,40.439439,-80.231923
7,36.098316,-95.859779
7,41.94380200000001,-88.193939
7,39.951241,-75.163864
7,32.843907,-96.91338
7,37.577137,-112.864787
7,34.087195,-117.664149
7,26.664471,-81.878342
7,41.292164,-96.143814
7,29.645399,-95.226547
7,32.990238,-96.829109
7,40.70345,-73.48931
7,25.761959,-80.336159
7,43.015755,-85.684021
7,40.109996,-75.344501
7,39.79945,-76.976547
7,32.647675,-96.823143
7,35.844833,-78.569305
7,41.211490999999995,-96.121422
7,36.60821557,-119.66410518
7,40.783242,-73.623419
7,40.130595,-76.08199599999998
7,37.34030900000001,-120.540367
7,45.03366,-92.97821
7,29.609301,-95.285789
7,43.142052,-77.460533
7,33.901752,-118.370316
7,31.133315999999997,-87.430008
7,37.34782,-121.906487
7,29.609365000000004,-95.508186
7,33.56749,-81.926743
7,31.806515,-106.268158
7,33.978634,-117.702309
7,41.859158,-88.040924
7,33.743266999999996,-84.368134
7,32.221160999999995,-110.857651
7,35.386082,-94.42569
7,36.205582,-82.62973000000002
7,40.215209,-74.569621
7,37.603428,-122.064142
7,41.696606,-71.475555
7,34.17111,-118.52184
7,40.027939,-76.22361
7,34.018009,-118.052849
7,47.546341,-122.308426
7,38.743011,-90.378937
7,37.501324,-77.526421
7,33.786842,-84.493027
7,34.241603999999995,-117.284981
7,39.402317,-77.438263
7,40.47156,-74.40903
7,32.371014,-111.066742
7,42.157021,-71.069061
7,29.84143,-82.162204
7,38.669289,-121.308662
7,41.21919000000001,-77.22129
7,40.728367,-73.10153199999998
7,33.629333,-78.962601
7,27.447453999999997,-82.53411899999998
7,42.398159,-83.109512
7,26.674856,-81.81514
7,40.486256,-79.913338
7,33.058731,-80.153038
7,47.431422999999995,-122.271233
7,42.42765,-71.261177
7,35.767742,-78.570625
7,25.777796,-80.321945
7,42.578671,-71.301323
7,42.975655,-83.593773
7,41.379425,-82.011169
7,33.938171999999994,-117.877435
7,41.08472800000001,-81.46704100000002
7,42.308777,-87.877014
7,28.144955,-81.076111
7,28.496871999999996,-81.449013
7,32.7788,-96.782097
7,35.203941,-80.750366
7,33.55117,-112.341675
7,27.853609,-82.27813
7,28.036884000000004,-82.104378
7,38.63096594792065,-121.21703982295408
7,41.904339,-88.036553
7,37.54879,-77.34272800000002
7,44.965481,-93.287987
7,36.333721,-82.422546
7,42.862303,-73.677911
7,33.94355,-117.39247
7,29.871579,-95.408756
7,34.238644,-81.460014
7,40.791774,-74.085992
7,45.19643,-93.339539
7,34.630489000000004,-82.781914
7,35.568562,-97.652138
7,41.88818,-88.151085
7,38.632816,-90.300156
7,27.298106,-82.447841
7,38.02364945,-122.10785508
7,35.161179,-80.811897
7,45.087876,-93.447612
7,45.943733,-108.363602
7,42.296761,-71.046471
7,32.503757,-93.747948
7,39.840305,-86.119789
7,41.624146,-72.69162
7,40.671947,-73.73383299999998
7,33.018284,-96.709084
7,39.219252,-121.023936
7,38.857688,-77.370013
7,39.186642,-77.688668
7,34.813767,-82.336639
7,32.802473,-96.873594
7,26.270851,-80.125258
7,28.551998,-81.475891
7,32.918026,-96.855957
7,40.694408,-74.261337
7,40.820919,-73.88906899999998
7,40.439674,-79.897636
7,39.827168,-105.081474
7,42.285931,-71.042999
7,30.612191,-91.178797
7,35.08783,-80.845123
7,35.930415999999994,-78.584122
7,32.277439,-90.184044
7,33.952137,-84.129898
7,30.406259999999996,-97.642181
7,35.949451,-78.569611
7,30.4091,-97.716103
7,35.53627,-98.648271
7,40.73848,-73.806984
7,29.628033,-95.430885
7,32.758263,-96.809586
7,37.98056,-87.538521
7,32.99865,-80.093887
7,38.353136,-90.393288
7,45.497066,-122.625885
7,32.859596,-97.518486
7,39.83971,-79.03894
7,33.598656,-86.212761
7,29.714671999999997,-95.520149
7,35.249569,-89.92801700000004
7,39.72542,-105.022004
7,37.685002,-113.124809
7,42.939203000000006,-85.67864200000002
7,38.689064,-121.363739
7,30.421131849143876,-87.32883095699628
7,34.117496,-117.846329
7,25.60548,-80.370667
7,39.73050300000001,-86.250237
7,25.890073,-80.190478
7,45.4541,-123.84315
7,33.749043,-118.29101599999998
7,35.653427,-78.84785500000002
7,33.624619,-112.228683
7,28.005726,-82.282227
7,25.900096,-80.151534
7,38.149319,-121.261207
7,45.374531,-122.58754
7,38.951846999999994,-104.807419
7,29.737679999999997,-95.495102
7,37.361057,-77.341011
7,27.447746,-82.575409
7,33.982327000000005,-84.34164399999997
7,40.098659999999995,-75.296883
7,35.02697,-85.172798
7,42.240458,-87.947213
7,26.944847,-82.056723
7,33.36289286597555,-87.00351118999954
7,33.451439,-82.06433100000002
7,30.162657,-97.829399
7,32.879951,-96.786736
7,33.488831,-81.441902
7,40.117279,-75.120239
7,34.124032,-81.21604
7,36.783798,-119.784668
7,37.048183679404026,-76.40297055208012
7,35.016541,-90.042976
7,35.09652,-80.85963000000002
7,40.97908,-74.16017
7,39.960225,-77.57960200000002
7,33.40678,-112.04713
7,29.698114,-95.391083
7,30.291222,-81.63046999999997
7,28.025551,-82.50500500000003
7,33.164828,-97.077913
7,42.027954,-88.33844
7,34.04159904,-81.08825326
7,43.663009,-116.4771
7,45.19684195496942,-93.55741381600588
7,41.390726,-73.477125
7,42.383057,-83.353325
7,43.161423,-77.610641
7,33.262146,-111.841431
7,34.2146,-118.35164
7,36.752911,-119.70228600000002
7,30.213253,-97.75032
7,35.536335,-97.476555
7,36.154018,-86.758438
7,32.949959,-117.243568
7,38.01425099354737,-122.19407200755026
7,28.433701,-82.508453
7,35.132473,-80.955261
7,44.859451,-93.361938
7,41.727189,-72.76549399999998
7,33.597134000000004,-111.995827
7,30.21629,-92.075851
7,35.82542,-78.62152900000002
7,40.199093,-76.810448
7,35.215168,-80.922988
7,41.871178,-87.862305
7,32.91211,-96.73633
7,27.126834,-80.289873
7,39.770951,-104.809531
7,28.547199,-81.223412
7,38.32404,-104.70129
7,34.31861,-92.582543
7,32.388153,-110.964378
7,38.843105,-77.082893
7,42.313679,-71.12191800000002
7,40.134353999999995,-75.44693000000002
7,42.551099,-82.87678299999997
7,35.126736,-80.750648
7,40.835514,-111.915382
7,34.119616,-117.867382
7,35.05769,-81.93689
7,25.774549,-80.319847
7,29.699156,-95.321114
7,39.153659999999995,-105.999222
7,35.15464,-80.923172
7,40.110504,-82.977386
7,40.690738,-82.518149
7,29.942326,-82.111572
7,36.126961,-86.772476
7,38.336208,-122.666832
7,41.970161,-87.720726
7,38.693054,-77.218338
7,39.329047,-77.341475
7,35.772671,-78.62825
7,40.729939,-74.039688
7,32.925911,-96.820702
7,38.79651188831903,-77.19074606858638
7,39.643711,-84.269829
7,34.139961,-117.302623
7,37.33354926091512,-122.0727503293892
7,33.942822,-81.088989
7,40.28837800006729,-112.40012526458548
7,34.289494,-117.451951
7,39.53177,-104.86793
7,36.089947,-95.851055
7,39.748081,-84.13945799999998
7,35.847904,-78.614937
7,25.811501,-80.19859100000002
7,25.799636,-80.320976
7,40.063709,-83.056976
7,40.30922,-104.98087
7,38.185333,-85.540688
7,34.011913,-118.418114
7,26.57258400000001,-80.069473
7,33.965783,-117.377272
7,30.431499,-91.174179
7,38.751825,-77.271302
7,32.691158,-96.908607
7,29.9874,-95.336609
7,34.077971999999995,-81.152649
7,44.86253142,-93.23447585
7,39.752869,-75.557716
7,34.544708,-82.472107
7,39.752018,-84.221848
7,37.454559,-113.228157
7,48.00657800000001,-122.485433
7,39.762817,-104.827752
7,42.819592,-73.767937
7,36.153431,-86.800842
7,47.9925,-122.85173799999998
7,33.83784,-117.8762
7,39.862881,-83.004379
7,29.599085,-95.197655
7,32.717213,-117.117821
7,29.735565,-95.644096
7,40.449108,-111.936497
7,40.72502,-111.77126
7,35.21614,-80.88372
7,34.014912,-118.353592
7,39.778763,-104.863243
7,36.070751,-86.730446
7,44.98255,-93.28764
7,41.625923,-93.619949
7,30.170944,-97.783058
7,47.570137,-122.320305
7,34.673747999999996,-86.7519
7,30.157221000000003,-91.959373
7,29.81744,-95.410217
7,33.453403,-112.0849
7,44.471825,-93.292389
7,43.560262,-116.35443
7,35.399372,-119.044907
7,34.021301,-118.173477
7,43.035594,-87.931248
7,41.46492,-87.32346
7,32.432281,-111.21591200000002
7,45.180069,-93.113121
7,29.810515,-95.335128
7,36.989726,-121.7107
7,43.149265,-77.53981
7,35.240635,-80.836619
7,33.93757,-84.35795
7,33.71387601,-117.96478629
7,36.149254,-86.774712
7,40.99410200000001,-73.65974399999998
7,40.25168,-77.072971
7,40.49889922122718,-80.02169966659534
7,26.564608000000003,-81.852997
7,38.314326,-122.690636
7,25.768407,-80.370976
7,33.970118,-118.081946
7,40.239861,-79.451462
7,39.18558,-84.60859
7,32.83925,-97.2305
7,30.277839,-81.618208
7,33.504940000000005,-117.65873
7,45.104649,-93.460342
7,39.007693,-76.979928
7,39.410912,-104.862381
7,32.790867,-96.755981
7,25.924885,-80.277338
7,41.324856,-73.657799
7,28.62609,-81.758719
7,41.445168,-81.06716899999998
7,41.807888,-88.075928
7,33.864231,-117.993774
7,33.30816,-83.397953
7,34.10175,-117.30202
7,45.56147,-122.500214
7,39.764099,-86.307953
7,39.12444,-84.543851
7,36.051109,-119.393372
7,40.963753,-81.464935
7,45.19747,-93.34054
7,42.322478,-83.163849
7,39.075142,-84.38855
7,30.18511,-97.756584
7,47.05292100000001,-122.28701
7,30.46046376,-91.16636395
7,30.191463,-81.704674
7,27.301552,-82.451604
7,33.27771,-111.75518
7,43.19725,-71.530548
7,34.186646,-118.474262
7,39.747421,-104.846962
7,25.760975,-80.48129300000002
7,42.697238,-78.925781
7,34.188621999999995,-80.579422
7,30.23658,-92.021812
7,48.232245,-122.074777
7,30.18771,-97.598534
7,41.994575,-73.694088
7,33.880864,-117.549701
7,40.800369,-74.187469
7,33.6936,-117.094228
7,40.430653,-79.957886
7,43.599227,-116.512701
7,47.526943,-122.333908
7,40.249735,-77.89538399999998
7,40.13784,-75.21234100000002
7,33.594902000000005,-112.379257
7,38.652582,-76.996742
7,42.962006,-88.01804399999996
7,42.324618,-88.174254
7,28.37177,-81.29812
7,39.485424,-83.94279499999998
7,40.736365,-74.085397
7,40.423325,-80.10588100000002
7,39.95254,-83.01146999999997
7,34.95475,-82.169632
7,40.827351,-73.89386
7,39.134949,-86.582611
7,32.983608000000004,-86.67581899999998
7,36.111649,-86.792603
7,39.130418,-77.205698
7,40.235878,-75.27421600000002
7,33.715790000000005,-84.24882
7,40.217064,-75.24715400000002
7,30.138325,-91.965141
7,39.24057,-76.592087
7,34.221809,-119.101532
7,32.713402,-117.13295
7,35.2689,-80.97594000000002
7,40.540818,-122.351585
7,33.85419,-117.894074
7,37.88196,-78.02859000000002
7,41.871178,-87.862305
7,33.087396000000005,-117.077475
7,39.286449,-84.42791700000002
7,42.63776,-71.794022
7,30.142822,-97.801567
7,34.120714,-117.872639
7,43.22694,-77.644814
7,41.59334000000001,-93.65478
7,39.750351,-104.734802
7,42.948871999999994,-85.674728
7,34.840176,-81.971466
7,42.39532,-82.98926
7,40.081074,-76.350983
7,32.76405,-96.677597
7,39.71816,-82.6752
7,44.97344,-93.38682
7,33.516502,-112.04423
7,39.11525,-84.85140200000002
7,32.883602,-96.756688
7,32.964259999999996,-80.190269
7,38.886856,-76.898163
7,44.64518,-93.295929
7,30.009490000000003,-90.244654
7,34.045727,-81.115463
7,29.77902000000001,-95.237869
7,39.777473,-104.884567
7,33.068711,-117.067657
7,39.022278,-81.613635
7,30.19113,-81.703209
7,39.911911,-86.08139
7,30.401211,-91.009918
7,38.55917,-121.478577
7,35.854819,-78.575503
7,41.25235,-73.931824
7,38.94998,-94.539
7,33.01803,-96.93724
7,45.042507,-93.330772
7,34.983021,-81.972549
7,39.506677,-81.083822
7,25.890272,-80.231087
7,29.583779999999997,-98.383919
7,35.406288,-97.476791
7,40.6792,-75.33748
7,28.532681,-82.538094
7,42.397968,-83.237297
7,33.046871,-80.108238
7,33.083199,-96.683693
7,38.511827,-122.455856
7,37.469189,-77.469307
7,38.88969,-76.959747
7,41.937881,-87.74929
7,28.630995,-81.387535
7,37.510696,-77.472397
7,36.125957,-86.804962
7,37.36093,-120.50338
7,39.051193,-94.638733
7,42.91487100000001,-83.72608199999998
7,39.097385,-84.43032099999998
7,40.500096,-74.300997
7,27.864637,-82.72886700000002
7,32.392083406293914,-86.32611393887363
7,45.750706,-122.65573899999998
7,32.557693,-83.74434699999998
7,33.821659999999994,-118.20704
7,27.712008,-82.385338
7,36.05127,-119.312683
7,26.08891,-80.21072
7,41.394562,-73.606796
7,30.095866,-97.600948
7,30.363131,-91.129813
7,32.34794497474504,-88.18623661952881
7,39.894200563240545,-77.1775710579053
7,29.982296,-90.114113
7,41.59562,-93.61973
7,39.06998991947617,-95.7104980941023
7,30.536716,-87.337912
7,28.599505,-81.54061800000002
7,37.034458,-77.390114
7,27.18989,-82.43762199999998
7,40.743244,-73.837616
7,42.98151,-83.682953
7,41.98228955,-87.79725194
7,30.241468,-97.736671
7,38.008175,-122.030418
7,40.728317,-74.102463
7,27.951594,-82.354563
7,40.324913,-83.071465
7,39.875729,-86.21169300000004
7,35.22897000000001,-80.862572
7,34.151340000000005,-80.91169000000002
7,44.23896,-95.608063
7,41.25269,-73.147551
7,43.056808,-87.92439300000002
7,36.975192,-113.683337
7,38.803123,-90.7332
7,45.035451,-92.938783
7,42.178917,-70.915993
7,39.980301,-82.836197
7,35.141605,-106.595016
7,41.223923,-96.023994
7,39.09631,-94.57506
7,33.655891,-117.293266
7,39.798412,-104.875496
7,33.413021,-82.211563
7,43.604894,-116.312926
7,41.965709999999994,-71.02810699999998
7,35.192104,-89.980489
7,30.44257,-91.099663
7,40.916386,-74.81501
7,40.204121,-104.98008
7,38.557433,-82.005333
7,40.474716,-74.42757399999998
7,44.78893,-93.40673
7,32.83699,-96.97847
7,32.975497999999995,-96.823189
7,35.849869,-78.58054399999997
7,26.723708,-80.091633
7,35.373574,-80.845205
7,38.809242,-76.908727
7,37.708557,-122.163651
7,35.767342,-78.87445799999998
7,40.681862,-73.846687
7,38.889801,-76.926069
7,25.831654,-80.38323100000002
7,31.68812800000001,-106.250946
7,26.589259999999996,-80.137741
7,35.172081,-80.851158
7,42.65897800000001,-78.960594
7,43.066692,-86.220451
7,43.119667,-76.214989
7,42.355202,-71.051872
7,30.5343,-85.39448
7,36.669621,-119.457489
7,38.876982,-77.274613
7,41.873259999999995,-87.617058
7,35.952495,-83.979787
7,33.981556,-84.342285
7,41.767259,-87.904287
7,40.859712,-80.287306
7,32.324211,-95.306267
7,43.129865,-77.47656500000002
7,33.194,-117.15136
7,45.74566483475806,-119.10493969860504
7,39.6395,-84.23136099999998
7,41.302337,-73.921921
7,41.680096,-88.053352
7,29.822155,-95.335167
7,38.555443,-121.440917
7,44.685921,-93.292927
7,28.410428000000003,-81.42633199999999
7,30.450294,-91.155884
7,34.922901,-92.407674
7,35.097721,-106.568863
7,30.635469,-88.089043
7,33.850494,-117.877701
7,40.109455,-84.622864
7,29.701179999999997,-95.270309
7,45.692822,-122.495003
7,39.323437,-77.357155
7,41.297256,-96.02375
7,33.901148,-98.455874
7,41.388988,-82.168091
7,35.089478,-120.53743
7,42.87688136080324,-78.87015223465505
7,40.13246655,-74.71553922
7,34.342888,-79.398476
7,41.795267,-87.58444399999998
7,40.04188,-74.83633
7,34.85648,-82.281693
7,29.87547,-95.3272
7,38.881694,-77.449143
7,45.55123687,-122.56380916
7,44.973668,-93.496312
7,39.670856,-104.791039
7,35.81599832,-78.60231757
7,34.081681,-117.731455
7,32.791649,-96.749649
7,38.879421,-77.252478
7,35.006603000000005,-85.206215
7,30.376181,-91.068451
7,34.752319,-82.661232
7,29.784309000000004,-95.471832
7,39.483681,-76.252197
7,37.793911,-120.951576
7,38.743573,-120.782067
7,35.202498999999996,-80.725975
7,35.69342,-78.56803000000002
7,42.967857,-73.80143000000002
7,46.8831574914604,-113.994065522604
7,40.922279,-111.899841
7,30.474449,-84.62898299999998
7,32.781559,-96.680489
7,47.65659,-117.41803
7,27.996524,-82.56675899999998
7,34.121643,-117.302582
7,26.08275,-80.1685
7,39.92528,-86.26773
7,25.896133,-80.292068
7,32.749645,-96.918686
7,37.552776,-77.443588
7,31.55480504020904,-84.85677838285037
7,32.783852,-96.814262
7,41.608882,-81.48905500000002
7,26.714671999999997,-81.811287
7,26.275539,-80.124367
7,30.04619000000001,-95.183937
7,30.490538,-91.048897
7,33.305355,-111.945702
7,41.01699,-73.72527
7,37.490162,-122.216072
7,41.346176,-73.651749
7,44.783192,-94.192153
7,33.585128999999995,-79.02741999999998
7,45.255104,-92.984062
7,25.684212,-80.449291
7,27.895793,-82.729043
7,32.98344,-96.803086
7,43.637431,-95.973657
7,42.860625,-78.791851
7,45.870205,-111.94633799999998
7,32.86137,-96.756325
7,38.83664,-77.00803
7,36.87019,-76.40097
7,30.328997,-97.654793
7,35.729481,-78.43890400000002
7,33.6267364,-84.41906333
7,30.420361,-87.23342099999998
7,32.7673,-96.840141
7,34.884571,-82.458443
7,43.026339,-88.120496
7,42.266582,-71.564514
7,34.01833,-117.476028
7,35.862644,-78.711937
7,25.474859,-80.44010899999998
7,33.765018,-84.493874
7,35.409851,-80.854874
7,30.268277,-97.751321
7,39.787102,-85.726995
7,26.029153,-80.165261
7,43.135052,-77.47575400000002
7,26.52071,-81.885063
7,36.232835,-93.333417
7,33.774649,-84.57328199999998
7,37.79578,-122.26763
7,34.1436,-118.256363
7,39.027431,-77.126373
7,33.808924,-118.287496
7,25.73848,-80.38419300000002
7,42.202164,-71.079132
7,37.486459,-117.912791
7,41.7352,-87.70214
7,34.829654999999995,-82.703186
7,40.127129,-75.33845500000002
7,30.295736,-92.025215
7,34.858849,-82.26042199999998
7,38.63001,-90.3658
7,40.975483,-111.430725
7,40.504372,-111.891251
7,25.761803,-80.338712
7,38.62947800000001,-90.324313
7,45.029736,-92.961868
7,39.70903,-104.875443
7,28.001879,-82.327538
7,35.020668,-89.936852
7,36.277012,-86.796173
7,28.294115,-80.699791
7,29.71677,-95.289268
7,36.838754,-76.15950500000002
7,30.818592,-83.979424
7,34.948864,-120.40908799999998
7,42.35144,-71.052788
7,38.50297,-90.33361
7,32.792549,-96.625267
7,34.064640000000004,-118.002853
7,34.030186,-117.707169
7,30.182865000000003,-97.687622
7,44.906890999999995,-94.368233
7,40.71826,-112.072634
7,38.51077,-121.362691
7,35.94417,-120.87478
7,34.312678999999996,-82.610901
7,28.916015,-81.27030699999997
7,36.075539,-86.66179699999998
7,43.870296,-93.226276
7,37.07793,-77.587021
7,42.976273,-76.42291999999998
7,37.551078,-122.294131
7,39.69833,-104.90298500000002
7,41.212269,-95.947052
7,38.179691,-85.720299
7,39.021779,-76.42111
7,36.67791,-119.736717
7,48.053181,-122.185173
7,28.672325,-81.41905
7,27.969717,-82.399796
7,45.088345,-93.187935
7,40.159634,-75.408325
7,33.397339,-111.904121
7,30.3692,-91.122772
7,33.890888000000004,-117.371666
7,40.68113,-73.69403
7,38.21904301625147,-85.65594792325183
7,44.014525,-73.705649
7,39.018967,-77.482384
7,32.889788,-97.080433
7,32.359935,-86.239953
7,32.725136,-96.70118
7,26.703072,-81.754285
7,25.75604,-80.32021800000003
7,35.22134000000001,-89.894203
7,30.349209,-97.538452
7,26.57258400000001,-80.069473
7,30.43782,-97.669083
7,29.859446,-95.384674
7,36.979538,-120.082146
7,33.757103,-84.468964
7,34.034931,-118.368523
7,39.85709,-82.82384
7,36.579361,-121.917068
7,34.055927000000004,-117.396408
7,36.164249,-86.81987
7,41.876911,-88.118629
7,45.009471999999995,-93.090836
7,28.553377,-81.10571
7,33.00645,-96.85321
7,41.28751,-96.081467
7,34.026162,-118.039773
7,38.518818,-121.445664
7,28.676829,-81.488724
7,35.460133,-97.575142
7,30.421159999999997,-91.143501
7,37.516411,-77.474152
7,42.166489,-71.50869
7,32.759693,-117.108742
7,34.859009,-82.43019100000002
7,37.601158,-77.62170400000002
7,35.26683211309783,-119.02224183025824
7,29.69009,-95.153168
7,39.141441,-121.698372
7,33.541134,-86.825714
7,41.09322,-73.931526
7,32.859337,-96.902611
7,33.878845,-117.657021
7,34.062822,-117.127623
7,32.92524,-96.798637
7,39.816502,-78.99839
7,29.886761,-95.549759
7,34.064431,-117.297138
7,33.766749,-118.282301
7,33.509239,-112.047531
7,39.092117,-77.153397
7,40.125979,-75.20345400000002
7,42.91458,-73.51353
7,41.18243,-73.955208
7,41.04324,-121.673471
7,31.762833,-106.267929
7,39.629829,-104.904924
7,41.99799,-88.080162
7,41.005863,-81.494363
7,29.965390000000006,-90.09863
7,41.670181,-73.788521
7,32.865459,-96.763885
7,36.08363,-86.757202
7,44.92772100000001,-92.135241
7,30.448217,-97.667068
7,39.38194155674275,-76.52135252916086
7,34.909302000000004,-82.326942
7,27.792071999999997,-82.66069
7,34.072,-118.108098
7,40.387428,-111.833916
7,39.125652,-121.57576
7,36.342312,-82.404297
7,40.19813900000001,-75.52158399999998
7,33.948318,-86.47219799999998
7,36.245243,-86.746262
7,30.318502,-97.702209
7,40.748699,-73.896156
7,45.00607700000001,-93.400833
7,34.281771,-118.702769
7,34.243473,-82.181
7,30.426889000000006,-97.676598
7,32.480373,-93.722229
7,39.871761,-82.933449
7,33.640678,-112.015663
7,35.848419,-78.563087
7,32.311665000000005,-86.222656
7,41.198151,-112.025818
7,39.833149,-83.000107
7,45.192749,-93.394529
7,40.98493,-73.83861999999998
7,33.019421,-80.088577
7,39.960921,-89.55323800000002
7,41.860695,-87.968132
7,40.17567800000001,-75.28157
7,33.803028000000005,-84.4077
7,34.030498,-117.589668
7,33.775686,-118.00825
7,40.626801,-111.901863
7,36.108696,-86.74404100000002
7,39.853313,-85.23248000000002
7,35.075827000000004,-80.945297
7,41.98153,-87.78206
7,34.051949,-118.22496
7,39.696655,-104.992416
7,40.129875,-83.016548
7,25.64514,-80.38537
7,29.777455,-95.429254
7,30.4356,-86.577873
7,34.126069,-117.96462
7,41.260567,-96.119621
7,40.378659000000006,-79.99295699999998
7,27.923227,-82.33528100000002
7,28.87238144860805,-81.28394722899779
7,25.742019,-80.432137
7,38.804028,-90.770752
7,30.295586,-92.023613
7,40.649101,-73.94648000000002
7,42.52483,-83.760017
7,37.549324,-122.292496
7,32.763245,-117.16349
7,35.131962,-89.796921
7,32.39497,-93.81469
7,39.819721,-84.191528
7,33.38917,-79.318076
7,26.118002,-80.329872
7,41.100492,-73.951782
7,33.372066,-86.66448199999998
7,27.949987,-82.401596
7,41.163277,-111.952133
7,35.695042,-78.575058
7,48.15182,-122.21545
7,34.954762,-82.295479
7,33.690347,-117.174452
7,39.02222800000001,-76.977432
7,32.755961,-96.617076
7,39.955284000000006,-74.206429
7,43.07794000000001,-76.04883000000002
7,36.641514,-121.571436
7,34.148546,-118.068362
7,25.927532,-80.206711
7,34.04013,-118.57905
7,37.88417800000001,-122.553757
7,35.015991,-85.254195
7,35.75637800000001,-78.70015699999998
7,29.671345,-95.528175
7,33.577583000000004,-84.278076
7,40.157242,-82.994957
7,42.70504,-73.85374499999998
7,30.415689,-97.743362
7,41.91982700000001,-88.237778
7,31.392459999999996,-94.782753
7,27.982834000000004,-82.546547
7,41.810814,-87.76320600000004
7,39.050591,-76.930222
7,27.798531,-82.32560699999998
7,40.09898,-75.271439
7,42.955872,-83.725243
7,40.715733,-73.826256
7,32.718059999999994,-117.08497
7,29.8993,-95.301041
7,40.000736,-85.774979
7,42.553341,-82.871391
7,26.463115999999996,-81.830208
7,38.872971,-77.008957
7,47.734131,-122.334312
7,33.681606,-117.893711
7,34.952389000000004,-82.0075
7,34.994724,-85.509987
7,35.26825,-80.854012
7,37.195625,-121.993599
7,40.71791768,-74.13491607
7,30.502438,-84.2509
7,28.05624000000001,-82.319168
7,38.965481,-77.087929
7,47.083008,-122.668655
7,41.644939,-93.678162
7,34.892151,-82.421494
7,42.285561,-71.042885
7,33.371384,-111.64637
7,42.63282,-71.255348
7,27.823351,-82.665149
7,40.55157,-74.31928
7,32.997279999999996,-79.931717
7,33.466190000000005,-82.094612
7,31.630766,-84.176849
7,42.264046,-88.17896999999998
7,41.90218400000001,-88.101822
7,35.83540700000001,-78.669601
7,34.081963,-117.71289099999998
7,42.037273,-88.282547
7,35.163659,-80.872208
7,32.837002000000005,-86.657448
7,44.02856,-123.85799
7,33.867515999999995,-84.630974
7,35.251286,-80.74730699999998
7,36.111065,-86.7332
7,35.018021000000005,-81.89679699999998
7,39.675861,-105.011032
7,44.778458,-93.217084
7,42.229216,-83.38239300000002
7,39.810539,-86.307793
7,35.262142,-80.87841800000002
7,42.21981,-88.06681
7,32.865501,-96.814034
7,43.441639,-73.724503
7,35.985569,-119.47396100000002
7,41.967751,-87.76371
7,41.044811,-73.790459
7,43.137043,-77.552788
7,42.034729,-93.815514
7,33.722167,-85.10087800000002
7,26.783334999999997,-80.098938
7,41.05625,-73.81018
7,34.311699,-79.841339
7,34.380959000000004,-118.57077
7,37.559479,-122.301895
7,37.651657,-122.098671
7,42.502354,-71.11895
7,40.073674,-76.581783
7,43.060989,-83.70481099999998
7,27.842939,-82.679695
7,34.252611,-119.21086499999998
7,40.422878,-79.91902900000002
7,30.541918,-87.196815
7,33.509991,-82.02823599999998
7,39.542439,-76.091492
7,38.633919,-77.290886
7,42.29903,-71.186592
7,44.036106,-92.552589
7,33.807567999999996,-79.018501
7,36.151615,-86.62514499999996
7,42.215353,-83.219629
7,28.566837,-81.207672
7,30.421284000000004,-91.12477
7,32.71978,-96.713211
7,38.885498,-77.222267
7,39.268307,-84.412918
7,32.966599,-80.134041
7,42.956146,-85.67012
7,38.141342,-122.218552
7,40.30219,-109.97497
7,38.685501,-121.54026
7,34.774899,-83.259247
7,43.001381,-78.813377
7,37.364109,-121.918564
7,41.968361,-87.717049
7,43.156895,-77.607536
7,33.982319,-84.539742
7,39.932729,-76.689515
7,37.560555,-121.908653
7,40.804092,-72.87011
7,30.05578,-82.091011
7,40.86082800000001,-74.36599
7,42.426014,-123.042381
7,35.973503,-83.979591
7,32.798176,-96.681175
7,44.85947,-93.362457
7,26.644831,-80.130386
7,30.476563,-91.112686
7,38.86403,-77.334183
7,34.08913,-118.237526
7,26.521156,-81.868996
7,27.447334,-82.521873
7,32.49321,-83.74277
7,36.703599,-121.578625
7,40.610577,-74.035759
7,42.138943,-87.966049
7,38.465321,-121.397842
7,30.62998,-88.117874
7,42.19402,-88.186324
7,29.689172999999997,-95.464691
7,41.52282,-73.666702
7,45.28312800000001,-94.312595
7,32.791039000000005,-96.753426
7,32.334857,-80.93521199999998
7,36.166103,-86.764664
7,45.660090999999994,-122.665627
7,38.50052,-122.73988500000002
7,32.144009000000004,-81.187027
7,40.141754,-75.312576
7,39.994099,-75.2416
7,29.348961,-98.503891
7,32.720450162731545,-96.8270695204886
7,40.064018,-76.918152
7,35.24096,-80.82488000000002
7,34.236134,-118.43261
7,41.497149,-94.988057
7,37.255894,-121.955917
7,40.80998,-73.15420999999998
7,42.797649,-73.931664
7,28.027035,-82.186638
7,39.066517,-84.465401
7,37.0826,-121.61656200000002
7,38.924007,-77.518074
7,42.991035,-76.069084
7,29.999594,-95.244446
7,45.20089,-123.13969
7,37.952251,-122.327934
7,30.44337800000001,-91.185318
7,33.667908000000004,-112.202072
7,34.916698,-82.464691
7,33.765706,-117.960142
7,32.510929,-93.763222
7,33.670118,-112.037605
7,33.638641,-112.307991
7,40.797298,-73.342377
7,35.814921999999996,-78.605362
7,40.210899,-75.27828199999998
7,30.704756,-88.248611
7,38.857247,-77.052018
7,35.899876,-78.797836
7,35.178581,-89.83627299999998
7,36.0453,-86.71413000000003
7,30.15107,-89.858482
7,39.67981,-104.93546299999998
7,35.51122,-97.60115
7,26.217117,-80.189514
7,38.81633,-77.14005300000002
7,42.435631,-87.87616700000002
7,32.811446999999994,-96.849724
7,38.727388,-76.990086
7,39.02198,-94.2021
7,33.054935,-117.071739
7,33.806235,-79.124993
7,30.314729999999997,-97.85585
7,36.80484000000001,-119.79949
7,35.061596,-85.317551
7,29.647578999999997,-95.50045
7,28.577583,-81.476074
7,37.719662,-121.535553
7,37.890578999999995,-122.031517
7,35.79582199999999,-78.640816
7,36.914764,-76.239159
7,43.38229000000001,-123.33834
7,40.743992,-111.730965
7,33.26789,-111.24763
7,34.865089000000005,-82.14208199999999
7,42.756006,-73.732537
7,33.458641,-80.57330300000002
7,37.11916,-121.626419
7,30.187254,-92.015373
7,39.77501,-104.856584
7,42.790508,-74.016121
7,45.25228900000001,-93.009178
7,40.765156,-73.689575
7,35.380437,-118.949611
7,35.087799,-80.845161
7,35.082023,-89.897109
7,33.104073,-96.788277
7,33.531013,-112.069366
7,47.547359,-122.320122
7,33.823383,-84.35762
7,36.863762,-76.35159300000002
7,35.464161,-97.556709
7,40.570498,-73.873273
7,35.846067,-78.792062
7,29.782581,-95.644501
7,39.736198,-84.150131
7,36.041828,-86.646606
7,28.445589,-81.365089
7,33.520092,-86.824348
7,26.616693,-81.725708
7,38.819238,-76.917875
7,39.72557800000001,-105.018318
7,35.909156,-78.74393
7,37.903588,-121.623
7,30.068990999999997,-95.218971
7,26.799767,-80.13707
7,35.034527000000004,-80.847504
7,37.220473,-77.39099300000002
7,36.149495,-86.782656
7,38.943287,-77.151985
7,39.747131,-75.550568
7,39.856209,-75.027924
7,33.973839,-118.079971
7,30.293627,-97.677818
7,32.70449,-96.58003
7,36.133438,-86.774742
7,41.691711,-87.68852199999998
7,34.014148999999996,-81.036346
7,39.6772,-86.300301
7,40.927505,-73.811882
7,33.833672,-117.934982
7,45.464271999999994,-122.667198
7,32.309090000000005,-109.795067
7,25.79546400000001,-80.385757
7,41.368511,-74.701736
7,38.18561196309001,-85.80692410428139
7,28.486418,-81.441978
7,43.390043,-88.192252
7,43.03212,-87.96091
7,35.57703400000001,-78.576324
7,42.410671,-83.42395
7,35.24008900000001,-80.973038
7,39.80098,-76.956108
7,33.767403,-81.287369
7,33.931,-118.280968
7,32.243431,-110.901222
7,42.64275,-71.23219300000002
7,33.33247,-81.962807
7,33.030871999999995,-80.245079
7,40.220024,-75.15275600000002
7,33.609790000000004,-84.39609
7,34.959801,-82.305878
7,41.9445240495589,-80.40214419326591
7,43.624833,-89.804563
7,25.77696,-80.32023000000002
7,34.852402000000005,-81.412835
7,45.408249,-123.124382
7,35.178211,-81.891129
7,40.695739,-73.96637
7,35.321396,-80.734062
7,34.025585,-117.725082
7,28.270612,-81.66939
7,28.44994,-81.445885
7,29.426896999999997,-98.572426
7,41.729259000000006,-88.01181
7,39.780037,-104.964935
7,39.27041,-76.65691
7,45.550831,-122.675522
7,43.754211,-87.76531999999996
7,38.67412,-90.37617
7,33.899017,-84.24730699999998
7,35.89974761,-78.60789657
7,28.172234999999997,-82.47380799999998
7,47.27773,-122.311823
7,37.965191,-120.441032
7,37.318314,-121.889572
7,27.966490000000004,-82.45344
7,40.749439,-111.908936
7,33.535698,-86.823814
7,38.932552,-104.795967
7,33.908504,-84.42977900000002
7,38.878574,-77.267174
7,34.273586,-118.590515
7,35.27433,-80.873581
7,32.406391,-85.958153
7,30.09272,-82.677162
7,40.293681,-75.276146
7,36.159985,-86.79538000000002
7,30.11801,-82.722389
7,45.62324881531896,-122.86380886972972
7,28.811342,-81.34153
7,32.721291,-96.891553
7,34.915779,-82.23291
7,39.974632,-111.340569
7,33.386696,-111.724893
7,40.80064,-73.41242199999998
7,28.795618,-81.346489
7,34.893211,-82.233429
7,35.806824,-78.647491
7,41.66533,-106.362518
7,32.92054,-80.03711700000002
7,38.254391,-122.703331
7,37.551426,-77.439522
7,35.758415,-78.561142
7,44.76708769776932,-93.03472638085825
7,35.723263,-78.584641
7,30.42441,-97.589798
7,44.213783,-88.283302
7,40.778284,-73.943124
7,26.611559000000003,-80.068527
7,28.19352,-82.584976
7,26.552090000000003,-81.79522
7,34.137840000000004,-118.362804
7,38.925598,-77.003242
7,32.300579,-90.280304
7,39.872335195351255,-75.34896969759298
7,41.871178,-87.862305
7,39.719788,-75.54088399999998
7,35.815468,-78.70517
7,34.446381,-118.102249
7,33.538540000000005,-112.134338
7,34.809635,-119.012535
7,39.196958,-75.551575
7,33.386359999999996,-111.737411
7,30.65605,-91.178581
7,32.276764,-89.949081
7,44.894656,-93.066186
7,38.66531968098323,-77.27370142899859
7,41.19543671588328,-73.28150153125152
7,29.399443,-82.539262
7,28.81262000000001,-81.505112
7,41.062228999999995,-81.541397
7,33.906534,-84.27956
7,34.006878,-118.414177
7,34.117073,-117.200771
7,25.959528,-80.22936999999997
7,42.930119,-78.745918
7,26.576726,-80.06948
7,47.424169,-122.22132
7,42.449428999999995,-82.985672
7,27.80638,-82.703086
7,30.148878000000003,-97.792999
7,40.538651,-79.83040600000002
7,33.928447999999996,-118.294014
7,28.434532,-81.404612
7,38.218810999999995,-122.605286
7,40.82115054111089,-97.00403094245432
7,35.276638,-80.808716
7,38.078509999999994,-84.45101899999997
7,32.885628000000004,-96.699989
7,35.180434999999996,-80.88713800000002
7,37.50895300000001,-77.487045
7,30.363119,-97.697021
7,30.453287,-91.275941
7,30.377041,-97.676003
7,30.183477000000003,-97.849632
7,26.012577,-80.166801
7,39.95233,-104.98792
7,29.784531,-95.563042
7,40.640132,-111.397051
7,26.008183,-80.21345500000002
7,34.015361999999996,-81.083794
7,43.179199,-77.65933199999998
7,41.420041,-73.954774
7,34.06412959082573,-118.4592139715268
7,41.659672,-71.54744000000002
7,35.728064775296545,-80.85814118346758
7,41.303354,-73.93026400000002
7,33.138241,-97.047867
7,35.968517,-83.92961600000002
7,38.52248,-121.52157
7,32.99754,-96.8293
7,41.289054,-72.560734
7,38.88958,-104.738556
7,33.860088,-117.716469
7,33.712015,-84.220685
7,37.690609,-122.131927
7,34.824013,-82.291557
7,35.796782,-78.585833
7,45.572712,-93.287225
7,34.778487,-92.22913
7,35.873542,-78.643458
7,35.014931,-85.252831
7,30.456353999999997,-86.638046
7,35.228149,-80.844162
7,27.109791,-82.378636
7,34.787440999999994,-82.48307
7,42.33215,-88.12384
7,41.76944,-72.668633
7,35.772541,-78.622513
7,38.660777,-121.332896
7,40.24604201297641,-76.30057454072809
7,45.511181,-122.680527
7,38.830837,-121.172401
7,34.203449,-78.044762
7,40.085716,-75.391129
7,38.509933,-90.359337
7,33.945808,-80.512283
7,32.780827,-117.087669
7,41.20554,-95.957764
7,38.83984,-104.74807
7,25.732517,-80.356949
7,30.419406,-81.56649300000002
7,40.001579,-77.103859
7,41.17644,-95.92637
7,36.155762,-86.809776
7,40.766975,-75.016708
7,39.96717,-111.7831
7,39.973301,-76.690689
7,33.764755,-80.964157
7,33.911905,-118.158196
7,38.022038,-121.96019
7,27.857192,-82.324665
7,29.82424378380859,-95.37996411278068
7,26.392832,-80.095291
7,37.959778,-122.330673
7,39.703999,-105.027534
7,35.478802,-97.614464
7,37.526554,-77.486526
7,42.53733,-71.13524
7,39.779629,-86.26589200000002
7,39.26297,-84.948936
7,25.84856,-80.207298
7,40.62521,-73.9804
7,35.230847,-118.842416
7,48.42535,-113.778393
7,33.45805,-80.730049
7,26.185037,-80.152357
7,36.602699,-119.304848
7,28.2605,-81.34028599999998
7,42.55621,-71.211617
7,37.869408,-122.304718
7,38.223961,-122.110847
7,39.077351,-84.520126
7,36.156651,-95.967117
7,26.10463,-80.141846
7,35.315193,-80.833626
7,30.34269500000001,-83.09213299999998
7,37.987559999999995,-84.494522
7,36.206451,-86.776512
7,41.233437,-75.919823
7,30.38041,-97.74011
7,26.149984,-80.168475
7,25.909895,-80.236127
7,35.609039,-97.531639
7,39.501415,-121.560262
7,39.725773,-105.053093
7,33.751233815985906,-84.44989800412915
7,29.685011,-95.296227
7,34.886608,-82.067291
7,39.759543,-86.143108
7,39.048468,-123.251068
7,38.520901,-121.768837
7,29.330034,-98.414986
7,41.874512,-87.630669
7,40.112866,-75.200965
7,37.760361,-121.965569
7,42.441704,-71.049171
7,39.855090999999994,-86.056931
7,33.905243,-84.605835
7,42.400654,-83.21820799999998
7,36.161263,-95.999388
7,36.14225,-94.18335
7,38.924324,-76.93084
7,36.156689,-86.84369699999998
7,37.578632,-122.048393
7,41.455631,-81.714523
7,34.1434,-118.17079
7,37.59747700000001,-77.49140200000002
7,35.22821,-80.748512
7,39.134239,-85.948212
7,28.540607,-81.15379200000002
7,42.27747,-83.155373
7,30.167271000000003,-92.036278
7,37.649368,-77.542511
7,38.017323,-84.40753199999997
7,40.044613,-76.412163
7,45.45984864213247,-111.73038840240606
7,30.561609000000004,-81.84644300000002
7,33.876358,-78.698495
7,34.299011,-117.457481
7,32.908524,-80.02686
7,39.885155,-104.977722
7,34.71015572531361,-82.49958872755766
7,45.618145,-122.675369
7,36.664929,-121.6258
7,39.314594,-76.53801
7,37.660797,-121.80355
7,42.47963,-83.43186999999998
7,45.8319,-95.26891
7,34.507999,-82.603172
7,28.085898,-82.4544
7,35.724990999999996,-78.464203
7,45.440639,-122.825974
7,38.721955,-104.730077
7,32.888519,-80.010826
7,36.744637,-80.775627
7,40.567913,-89.578896
7,33.547456,-84.017279
7,40.834625,-74.17963
7,29.872094,-97.935422
7,41.42112,-81.713402
7,35.15794,-89.97596
7,34.718681,-118.168648
7,27.982599,-82.708984
7,45.677206,-121.298375
7,29.990847,-97.871971
7,34.116215000000004,-80.885178
7,41.538849,-81.63288100000003
7,26.49275,-81.800926
7,37.653393,-77.621361
7,38.704394101912,-121.31310582103106
7,37.245266,-93.348953
7,25.67849,-80.317619
7,41.72758,-72.75758
7,45.526456,-122.827115
7,33.998127000000004,-118.369476
7,34.969574,-81.90322900000002
7,34.717714,-92.341927
7,32.844469000000004,-96.912979
7,30.401824,-81.663652
7,45.787723,-118.146677
7,34.441785,-119.805529
7,42.988571,-85.64484399999998
7,36.294347,-119.172033
7,29.652732,-81.276749
7,40.00239600000001,-83.11829399999998
7,34.068844,-117.346438
7,35.717239,-78.828712
7,27.48818,-82.575272
7,33.688133,-117.33371
7,34.068779,-117.84375
7,42.735867,-83.379684
7,27.36698,-82.446791
7,35.434683,-119.030213
7,34.068432,-80.918991
7,40.451279,-80.020088
7,42.476357,-83.11144300000002
7,42.268574,-85.65361
7,38.42160344105519,-122.71549344004288
7,27.893721000000006,-82.73123000000002
7,39.959465,-75.174464
7,33.920589,-84.345467
7,37.523987,-77.530327
7,28.637548,-81.45486
7,36.150486,-86.785431
7,36.836464,-76.061775
7,40.689754,-73.555083
7,40.686489,-73.425888
7,39.112993,-121.564153
7,45.82263,-94.287399
7,38.398214,-122.636411
7,35.230061,-80.742317
7,34.053470000000004,-117.16225
7,40.210838,-76.79497099999998
7,32.819412,-86.609879
7,39.74004,-84.194923
7,42.320507,-87.9608
7,42.274399,-71.050354
7,32.786097999999996,-117.114258
7,39.788414,-84.183693
7,44.836339,-91.447838
7,33.97506,-117.54869
7,36.101496,-86.737189
7,47.573689,-117.241417
7,45.829846,-119.794079
7,40.303841,-75.593048
7,27.95682,-82.45970200000002
7,35.24812,-80.7847
7,29.965940000000003,-95.422935
7,38.231194,-85.750877
7,32.748886,-96.918625
7,37.89333,-121.85303
7,36.170258,-86.601357
7,33.333351,-79.474312
7,41.056413,-76.246992
7,41.72522664050233,-72.78248190845116
7,28.538057,-81.45815999999998
7,37.34015,-120.596644
7,38.78345,-76.11665
7,30.134809000000004,-92.106544
7,44.91609,-93.35031
7,25.94249,-80.187965
7,43.304539,-119.754158
7,40.755183,-124.040909
7,33.02792,-96.829269
7,34.083599,-118.291718
7,34.265978999999994,-118.454178
7,32.647545,-111.393089
7,26.088865,-80.168961
7,29.952129,-95.310677
7,33.538528,-112.129265
7,40.015141,-79.508201
7,39.015099,-94.693008
7,30.475468,-97.800494
7,32.224990999999996,-110.959457
7,32.998219,-80.093544
7,34.823601000000004,-82.291382
7,29.90686,-95.202782
7,39.31254000000001,-76.744511
7,33.509258,-112.065002
7,27.95252,-82.252808
7,36.987671,-121.841728
7,42.438372,-73.55485
7,40.883278,-73.883278
7,26.289631,-80.186378
7,33.364449,-117.085342
7,33.853932,-117.906668
7,38.366314,-76.684343
7,30.47027000000001,-91.152527
7,25.895682,-80.188214
7,38.292238,-77.506555
7,44.309872,-124.100594
7,40.223595,-76.77758
7,35.46427199999999,-97.513191
7,35.035571999999995,-90.007515
7,32.899914,-96.717949
7,39.783276,-86.15585300000002
7,39.267162,-94.442268
7,40.099751,-76.872192
7,41.268322,-73.698654
7,46.16195,-123.897475
7,37.159363,-93.262711
7,32.782879,-84.687439
7,41.738615,-72.738827
7,33.961618,-118.070706
7,33.780057,-84.39120799999998
7,32.762699,-96.782143
7,37.667442,-121.03453799999998
7,30.190861,-97.771622
7,41.563278,-87.307739
7,40.79103900000001,-111.916847
7,36.87463,-76.19738000000002
7,34.27799,-118.50213
7,25.670803,-80.365776
7,32.864751,-117.229784
7,34.487609,-118.139977
7,25.622419,-80.37870799999997
7,33.628267,-117.720776
7,25.942879,-80.187675
7,35.790424,-78.679047
7,39.758942,-75.929512
7,39.035331,-94.313655
7,34.751499,-82.197357
7,39.733589,-84.201927
7,42.70996212938924,-78.90826106033845
7,35.55644,-120.71031200000002
7,43.783051,-87.750473
7,40.870766,-74.188934
7,42.782475,-71.116203
7,31.765103999999997,-106.318985
7,42.440338,-83.197525
7,36.16053,-86.801872
7,38.80097,-77.529136
7,34.025137,-117.726813
7,36.118263,-86.70043199999998
7,33.461311,-112.279559
7,47.445229,-122.192947
7,40.794739,-74.191833
7,41.763836,-72.630127
7,40.912336,-123.825408
7,33.654659,-112.12384
7,34.059486,-118.001381
7,45.27660012223589,-93.0044496054983
7,41.248737,-96.024055
7,30.289301,-81.981941
7,33.407509000000005,-111.917679
7,33.290127000000005,-86.860855
7,34.085899,-80.9356
7,34.517246,-118.58725
7,37.280518,-79.938087
7,33.614792,-81.43531
7,29.569969,-98.65126
7,38.211224,-85.67134899999998
7,30.349209,-97.538452
7,36.593769,-114.482964
7,33.918907,-118.08138999999998
7,43.177479,-75.32508100000003
7,27.767529999999997,-82.6548
7,40.759935,-111.950681
7,41.383224,-73.582382
7,37.51608,-78.21061999999998
7,40.310863,-75.455368
7,30.114240999999996,-92.007339
7,36.017915010280525,-86.62426829296766
7,38.77238,-90.30367
7,36.105228,-86.70401
7,35.155239,-81.979713
7,28.117543,-81.935424
7,39.642235,-105.005554
7,32.997613,-96.829348
7,26.12174,-80.173927
7,33.967451000000004,-118.235345
7,34.068556,-84.27211
7,32.540946999999996,-86.31223299999998
7,35.896019,-78.506584
7,47.50655,-122.344704
7,43.117077,-85.607323
7,33.798912,-84.391708
7,35.125237,-80.780991
7,40.430092,-80.13507800000002
7,46.63244605042157,-122.21128106058973
7,34.017175,-118.05396100000002
7,33.1317,-117.32764
7,39.947866201210275,-86.01429104763979
7,28.516777,-81.250633
7,38.629452,-90.157852
7,30.844496000000003,-83.329989
7,35.258339,-80.794792
7,39.772938,-86.030167
7,37.015732,-76.386978
7,38.801346,-77.520332
7,39.86666500000001,-86.04705
7,36.165486,-86.697034
7,36.04665,-86.66141999999998
7,29.674217,-95.570412
7,40.125298,-76.417229
7,34.051968,-118.224876
7,33.702127000000004,-117.858273
7,29.79237,-95.352158
7,36.118965,-95.856445
7,41.860081,-88.01738
7,34.066062,-117.32431
7,33.748095,-117.83811
7,34.201355,-118.182181
7,34.898373,-82.28849
7,41.234842,-74.034161
7,34.939181,-93.760969
7,39.714893,-86.088768
7,41.341606,-82.762909
7,34.124142,-117.692932
7,34.031251,-118.21966100000002
7,36.603577,-121.695427
7,32.922581,-96.811256
7,34.119877,-117.875809
7,29.75345,-95.385719
7,40.195797,-75.52436800000002
7,39.609711,-105.128777
7,30.441475,-97.69207
7,41.815578,-87.66513
7,28.597401,-81.261673
7,25.840031,-80.308719
7,39.461785,-121.479756
7,43.02450200000001,-83.73176600000002
7,40.689127,-73.62899399999998
7,26.547684000000004,-81.78012199999998
7,35.027007,-82.035105
7,27.944487,-82.540623
7,32.399529,-99.75531
7,44.96636,-93.2778
7,39.564205,-104.987671
7,38.910419,-122.646172
7,38.498047,-122.654015
7,41.185158,-96.108849
7,35.333843,-80.848732
7,40.65459600000001,-74.190905
7,33.66642,-81.673889
7,38.711486,-77.454965
7,32.894779,-96.787766
7,33.840111,-117.249923
7,34.646827,-92.425425
7,41.58135,-81.54016
7,30.448917,-97.726265
7,33.429389,-111.890932
7,32.75992,-97.18826
7,41.689353,-106.381548
7,34.052567,-118.233107
7,25.67136,-80.397304
7,43.012577,-77.43935400000002
7,26.16466,-80.224884
7,39.744419,-75.545052
7,42.35968,-87.855736
7,37.508286,-119.825262
7,37.851709127245655,-121.2832152837692
7,41.869591,-87.88185899999998
7,39.405178,-84.761253
7,44.948669,-92.863098
7,34.898071,-82.743561
7,36.206089,-86.771072
7,42.37851,-83.216553
7,29.930714,-95.299255
7,45.618991,-119.441257
7,35.67478,-78.79356
7,26.16219,-80.16230999999998
7,30.349453000000004,-97.536079
7,33.928911,-81.056303
7,42.47715,-83.202026
7,33.12701,-117.104515
7,37.634987,-122.086952
7,37.538166,-77.42760200000002
7,36.139847,-86.72647099999998
7,41.600491,-93.808907
7,39.146479,-94.659169
7,26.682153999999997,-81.901611
7,38.9418,-94.816051
7,36.605305,-119.763901
7,35.955441,-78.47820300000002
7,32.085978999999995,-81.197289
7,33.879090000000005,-117.546133
7,42.94656,-85.64924599999998
7,25.73995,-80.352711
7,43.166714,-77.63319399999997
7,42.188049,-71.767044
7,37.83017,-122.267342
7,29.683781,-95.258736
7,41.306671,-112.027679
7,36.120311,-115.155
7,34.159901,-118.636439
7,37.237022,-93.290359
7,40.1126,-111.6718
7,41.491421,-81.707397
7,38.688713,-90.251297
7,34.534572,-80.605735
7,45.572642,-122.155249
7,33.483871,-112.072037
7,38.70443,-121.31259
7,28.426121,-81.40471600000002
7,39.088539,-76.99940500000002
7,33.442161999999996,-86.73037
7,37.551914,-77.442223
7,45.863708,-122.386299
7,34.201611,-119.099792
7,41.224018,-96.043098
7,30.226999,-92.011642
7,37.519699,-77.459999
7,34.49638,-81.54405200000002
7,32.909219,-96.742148
7,40.683449,-73.806038
7,33.8764,-118.072685
7,39.445955,-87.441004
7,34.129468,-118.347569
7,34.106685999999996,-117.864082
7,26.54199,-81.63541
7,33.825728999999995,-118.241768
7,36.793209,-76.119064
7,36.0354,-95.864883
7,39.216782,-84.42671999999997
7,40.10478616,-75.19694209
7,34.014621999999996,-118.178993
7,40.434471,-79.86835500000002
7,41.339195,-72.97689799999998
7,33.35998,-111.64387
7,29.495756,-98.439178
7,38.178429,-85.72075699999998
7,38.84867549,-77.41907716
7,26.371632,-98.861015
7,35.124722,-90.071342
7,44.84935,-92.988602
7,32.450386,-93.865532
7,34.172058,-118.467873
7,27.948713,-80.608627
7,26.110867,-80.299408
7,33.556358,-82.31851999999998
7,33.555161,-86.531563
7,41.800743,-71.402214
7,28.77158,-80.893562
7,44.190948,-93.995091
7,38.736229,-121.188971
7,39.979603,-83.102753
7,35.192589,-89.926346
7,38.875265,-77.382737
7,42.57598,-114.06179
7,37.633118,-122.418508
7,33.81463,-117.914771
7,41.306678999999995,-96.067009
7,26.199301,-81.71240999999998
7,42.737061,-83.763962
7,25.614878,-80.34648299999998
7,39.99806,-104.71887
7,40.740101,-73.845428
7,30.181648,-81.62925
7,42.95062,-78.70363
7,29.93917,-95.35038
7,29.689256,-82.483877
7,36.019569,-95.886497
7,41.805671999999994,-88.054253
7,35.387531,-97.530151
7,36.625286,-119.683144
7,37.294685,-121.81015
7,35.019295,-82.024132
7,41.87441,-87.65183
7,33.752514,-84.231735
7,37.46595,-77.589516
7,42.971577,-85.725594
7,40.861604,-111.896312
7,42.029072,-87.84066
7,37.295742,-120.454708
7,35.458508,-78.290359
7,34.034209999999995,-117.324661
7,29.64389000000001,-82.65343299999998
7,26.53311,-81.87138
7,32.648308,-96.777023
7,35.193236999999996,-80.940002
7,43.472549,-88.36655400000002
7,41.77426,-87.94644
7,36.263611,-82.500412
7,43.364101,-75.719948
7,32.4422,-93.858589
7,36.04538,-86.713249
7,32.366127,-86.271301
7,32.668704,-96.805763
7,36.83165431005081,-76.19564652406598
7,34.214303,-80.97606999999998
7,42.52776,-73.64658399999998
7,33.521915,-82.023895
7,40.01595,-75.619466
7,40.696609,-111.938927
7,42.984703,-71.470825
7,41.638538,-93.625381
7,38.819419,-76.89575
7,37.399871999999995,-77.431671
7,32.916962,-96.743477
7,40.572,-111.77329
7,34.13556,-117.58834
7,32.667541,-97.204842
7,34.153381,-118.337828
7,37.516811,-77.457809
7,34.044571000000005,-117.394211
7,40.19036,-76.847938
7,39.775902,-75.59569499999998
7,35.012806,-81.958054
7,28.538072999999997,-81.361267
7,39.00634,-77.44236
7,37.397626,-122.041806
7,38.25539000000001,-122.342484
7,39.129051,-76.862381
7,38.838619,-104.794434
7,41.376252,-73.634527
7,38.632046,-90.286263
7,34.07263,-118.05911
7,40.455914,-79.93860600000002
7,25.97053,-80.16575999999998
7,41.72711,-87.62476
7,33.8237,-84.351959
7,41.98539,-87.833931
7,36.807016,-119.390176
7,42.365635,-71.059715
7,40.09235,-75.2883
7,38.923727,-94.760693
7,34.155666,-118.445297
7,28.002613,-82.32772800000002
7,40.080402,-82.87745699999998
7,38.873112,-77.143967
7,34.08395,-118.072275
7,37.68588,-121.65976
7,41.346455,-74.99534
7,32.922897,-96.749519
7,39.190037,-119.747215
7,43.91547560670893,-92.42618679956232
7,41.68313,-88.07160999999998
7,34.039116,-84.31154000000002
7,39.64670200000001,-86.329048
7,44.260712,-88.355522
7,40.8245408533057,-73.93100380862269
7,32.665947,-96.86668
7,35.49427,-97.51577
7,38.925731,-76.901995
7,30.341476,-97.559723
7,40.399077,-111.5377
7,38.911479,-77.4742
7,29.68803,-95.574661
7,38.209476,-85.674477
7,38.576972,-121.465476
7,40.743938,-73.657333
7,25.777149,-80.38445300000002
7,35.012695,-81.957848
7,39.747409999999995,-105.128242
7,33.900745,-84.244537
7,35.180640999999994,-90.017822
7,40.92215,-111.890991
7,34.080376,-117.73606
7,40.50351,-80.13716099999998
7,33.825503000000005,-118.215632
7,40.641262,-74.20565
7,44.111519,-94.218582
7,42.314365,-71.075249
7,30.46126,-91.041901
7,30.575239,-98.253761
7,37.395081,-122.00972
7,34.187431,-80.809113
7,42.971317,-83.68190799999998
7,30.448856,-97.656113
7,33.469871999999995,-81.96051800000002
7,36.76223,-119.77567
7,39.7547,-84.259201
7,38.915489,-77.48808299999997
7,29.307501,-98.399536
7,25.82440495478713,-80.20660042724509
7,40.52085041980495,-79.8108780380258
7,29.860634,-95.537331
7,33.51943,-86.825857
7,38.434298,-77.456079
7,25.851351,-80.140007
7,33.475519,-111.694337
7,41.553047,-87.852425
7,47.88192,-122.2388
7,45.3977,-122.57393
7,35.514922999999996,-97.672867
7,28.53722,-82.49990799999998
7,38.87214,-77.04321999999998
7,44.901134000000006,-93.13607
7,25.7855,-80.19326
7,34.020212,-117.814998
7,36.907104,-76.156048
7,42.776161,-71.24717700000002
7,44.010466,-92.381886
7,29.98678,-95.308594
7,34.137451,-80.861008
7,44.55586,-123.10269
7,39.034378,-94.30558
7,47.242699,-122.462738
7,30.18125,-81.628235
7,33.737389,-84.39183
7,39.830921,-105.006363
7,39.760109,-105.006195
7,33.247219,-117.227722
7,35.31398,-80.763931
7,36.016506,-84.048538
7,37.220309,-121.985422
7,40.097965,-75.29953
7,30.57599186882697,-85.02183079679001
7,32.360935,-86.17115799999998
7,35.895393,-78.757126
7,39.012581,-77.14981800000002
7,33.954479,-80.924461
7,37.676792,-122.126228
7,38.867135,-77.106649
7,26.164708,-80.240002
7,25.898827,-80.209969
7,29.947596,-95.416435
7,39.111088,-94.611427
7,42.949265,-85.67840699999998
7,40.66639,-73.80158
7,40.260422,-79.768539
7,41.248348,-96.225029
7,40.376305,-111.818161
7,34.078388000000004,-81.15316800000002
7,29.964415,-90.073196
7,34.716796,-82.49725500000002
7,39.623862,-104.901774
7,42.922847999999995,-74.196465
7,42.311829,-71.066849
7,33.478638000000004,-86.89664499999998
7,43.591468,-124.182747
7,26.121615171307937,-80.1718604560844
7,28.324436,-82.32515
7,33.77362,-84.23501
7,34.274943,-119.136702
7,42.69014,-73.564369
7,30.24820900000001,-92.005898
7,34.662926,-118.759171
7,34.003582,-81.11024499999998
7,32.844547,-117.118935
7,30.478823,-90.413162
7,43.837551,-121.422203
7,36.624626,-121.841202
7,46.98917984940057,-114.18497443144707
7,39.638695,-104.903999
7,41.428233,-78.55402099999998
7,38.79652,-77.19074300000003
7,34.085614,-117.689069
7,39.802448,-86.083572
7,39.725421999999995,-105.099937
7,40.125111,-76.94180300000002
7,40.079765,-75.407059
7,28.203756,-82.694183
7,39.752979,-76.59423100000002
7,33.975124,-118.383865
7,38.94041,-94.57836
7,39.21722800000001,-84.505302
7,39.890549,-86.140633
7,30.46166,-91.166786
7,27.418154,-82.53286700000002
7,39.886672999999995,-105.071396
7,28.53363400000001,-82.511574
7,33.968163,-118.167871
7,39.251417,-76.68063199999997
7,30.396549,-91.087753
7,39.684902,-104.959267
7,35.21706,-80.869911
7,38.146188,-122.110399
7,28.13059,-82.740059
7,42.36405,-83.07944
7,30.142281,-97.72934
7,36.140949,-86.662575
7,44.837364,-124.052254
7,44.92927,-93.35163
7,42.168209,-72.472427
7,33.9064,-117.456795
7,29.731661,-95.501228
7,37.286992,-121.869108
7,32.311665000000005,-86.222656
7,32.730857133709286,-117.15467333737776
7,38.010459999999995,-122.230171
7,40.314037,-75.9963
7,41.590678999999994,-93.779846
7,34.781128,-84.88934300000003
7,41.87162,-87.75895
7,27.93783,-82.108391
7,42.485676,-83.26261099999998
7,40.52179,-111.410713
7,38.522778,-122.787148
7,39.8367,-77.459587
7,32.960743,-96.727592
7,30.313374,-97.515875
7,39.184826,-84.60372199999998
7,33.591060999999996,-86.123726
7,38.658272,-121.308327
7,35.227058,-80.840828
7,28.477118,-81.446465
7,38.806528,-120.138899
7,36.037415,-86.786568
7,42.370265,-120.96917
7,25.714042000000006,-80.43021
7,32.662155,-96.870033
7,39.337612,-77.013512
7,40.074141999999995,-76.37088
7,33.949675,-118.170308
7,36.162457,-95.820091
7,34.12737,-118.27367
7,43.906291,-92.481448
7,40.536808,-111.893149
7,39.52976,-119.78474
7,35.336295,-82.43610100000002
7,44.890484,-93.295784
7,41.691269,-83.644577
7,27.950838800000003,-82.40663409
7,41.861439,-88.160599
7,35.259827,-80.795097
7,41.905888,-87.921165
7,34.161026,-118.469482
7,30.23251,-91.985451
7,41.230406,-74.17795100000002
7,28.586545,-81.286303
7,38.027832,-120.50676
7,40.828674,-74.17641400000002
7,42.425163,-88.00376899999998
7,33.165240999999995,-87.548653
7,32.801846000000005,-96.827705
7,35.356079,-80.871155
7,37.344714,-120.613213
7,40.41433,-111.869812
7,26.102942,-80.265091
7,41.391594,-73.91336700000002
7,39.19577479343798,-112.08126425689656
7,39.10445,-94.680244
7,30.76272800000001,-85.684113
7,39.031171,-77.14254100000002
7,41.139999,-96.042923
7,39.408614,-76.782945
7,44.95318,-93.09441
7,39.957561,-76.738274
7,35.478722,-97.547798
7,37.811375,-121.987274
7,36.115826,-86.77379599999998
7,35.151981,-79.423103
7,34.84472,-92.15277
7,39.050838,-76.897186
7,40.37913,-76.66490999999998
7,34.072253,-117.790997
7,40.071551,-75.34529599999998
7,37.893288,-122.12516
7,29.73917,-95.470657
7,40.461234999999995,-80.008713
7,34.138233,-118.72460900000002
7,30.25733,-81.40322900000002
7,33.57692,-81.769257
7,38.942772,-77.142563
7,43.022617,-87.920547
7,40.162228000000006,-78.626899
7,35.127758,-89.868156
7,37.597322,-122.22151399999998
7,47.778805,-122.317749
7,34.1134,-118.199112
7,33.853703,-78.67028
7,47.068289,-113.386101
7,25.914342,-80.17553000000002
7,43.085739,-86.190933
7,42.855,-83.701477
7,40.670849,-73.51769300000002
7,29.683063,-95.528817
7,38.942321,-122.777255
7,33.589283,-80.356064
7,33.467693,-82.018059
7,37.73324132,-122.41199613
7,33.02787,-96.829407
7,42.153893,-122.645599
7,28.795409999999997,-81.34470400000002
7,38.296085,-122.034162
7,41.63596,-79.701984
7,34.122634999999995,-118.478424
7,35.816441,-78.690262
7,40.609531,-111.938789
7,34.026524,-81.102242
7,36.19194,-82.53978000000002
7,45.329727,-118.070686
7,35.32807899999999,-80.95752
7,40.4189,-74.208412
7,28.665382,-81.419113
7,32.997608,-96.767822
7,28.0695641,-82.70483136
7,36.150496999999994,-86.79567
7,29.427036,-98.48336
7,38.574535,-121.31778
7,30.006741,-90.018237
7,40.703049,-73.482483
7,40.503608,-80.081096
7,33.8885,-117.88071399999998
7,40.435772,-79.9991
7,40.092099,-76.155792
7,30.418356,-91.11335
7,33.85857,-87.289749
7,38.862577,-77.34313900000002
7,40.96534000000001,-111.892776
7,34.03011,-117.694521
7,34.887798,-82.154907
7,41.501057,-81.62487
7,27.208340000000003,-81.28373
7,26.547377,-81.795242
7,35.082755999999996,-85.058533
7,43.060210999999995,-83.813179
7,39.62537884693325,-77.69806981049683
7,32.77705,-96.812714
7,38.287395,-90.754289
7,29.801563,-95.339836
7,39.027527,-84.573334
7,25.887363,-80.210837
7,26.981782,-82.09829
7,29.875477000000004,-95.411522
7,37.999001,-121.820564
7,35.223316,-80.62906600000002
7,38.863289,-77.30736999999998
7,33.767262,-84.528076
7,33.93829,-81.148865
7,28.069242238864568,-82.56522774656979
7,28.06941,-82.45438399999998
7,40.409991,-111.505412
7,35.53071,-82.600612
7,37.98354000000001,-122.31589
7,45.2309,-93.634827
7,33.413406,-86.808838
7,39.19395,-76.7626
7,44.997753,-92.959106
7,37.474923,-77.57798100000002
7,37.010662,-94.545574
7,45.497131,-122.565567
7,25.638687,-80.305298
7,26.455078000000004,-80.090152
7,29.715892,-95.519906
7,42.62224316576661,-79.00544285736558
7,37.586635,-122.33464
7,39.851978,-86.32785799999998
7,34.773384,-82.30328399999998
7,39.799725,-74.966179
7,34.17437,-82.6054
7,36.152069,-86.845322
7,33.200302,-117.371819
7,45.396889,-92.994957
7,42.457344,-71.023972
7,35.21556,-80.87244799999998
7,34.774947999999995,-82.33770799999998
7,39.901744,-82.898944
7,33.885109,-78.630409
7,36.4355885980776,-121.3412582868512
7,34.000027,-84.56219499999997
7,35.889301,-120.046638
7,25.749443,-80.390327
7,28.473682,-81.4422
7,32.924553,-96.782401
7,34.1345,-117.664309
7,41.47974,-81.651459
7,35.230049,-80.74234
7,41.905888,-87.921165
7,34.140881,-118.709686
7,36.158809999999995,-86.798172
7,41.829651,-88.08721899999998
7,37.842337,-122.485822
7,39.991142,-76.260338
7,41.30034000000001,-72.389937
7,46.977234,-123.807632
7,30.577898,-84.59832800000002
7,29.747471,-95.354691
7,29.600126,-95.469322
7,30.267459999999996,-97.755814
7,29.39847,-98.448357
7,38.212139,-122.144642
7,41.887894,-88.12150600000002
7,34.782309999999995,-77.382584
7,38.714305,-76.98983
7,36.141407,-86.666466
7,34.006558656530345,-117.06631064359156
7,41.29208,-96.138893
7,42.293964,-71.482727
7,40.299194,-83.076126
7,42.17395,-87.985062
7,34.886299,-82.660492
7,36.323074,-86.910698
7,34.14905,-118.043153
7,41.053290999999994,-120.474449
7,36.13581,-86.72499
7,39.648739,-86.15840899999998
7,35.793449,-78.780838
7,28.786376,-81.30272
7,33.726427,-117.980545
7,40.20409,-104.98121
7,39.674805,-104.889343
7,33.98819,-118.061471
7,39.30484414081905,-76.89900755845595
7,34.224553,-118.373025
7,33.777747999999995,-81.238762
7,42.526863,-70.95671800000002
7,27.258298,-81.343228
7,40.157841,-75.108498
7,27.940273,-82.551956
7,40.079952,-82.753204
7,39.798195,-86.035088
7,26.102911,-80.265793
7,43.094108,-77.39256400000002
7,35.20962100000001,-119.41835
7,40.52692800000001,-111.89101399999998
7,39.806588,-105.013064
7,32.139584,-110.97763799999998
7,40.233463,-104.980286
7,33.878197,-117.880478
7,37.822781,-121.595459
7,39.971244,-75.600102
7,35.538136,-97.462975
7,44.8599,-93.39485
7,39.872585,-86.146225
7,35.051014,-80.769501
7,39.21678185444252,-76.65702938996955
7,35.558037,-97.658836
7,33.61829,-111.891479
7,33.598701,-79.021362
7,43.054184,-77.51892099999998
7,33.181629,-117.325729
7,30.37323,-97.667648
7,34.061451,-117.296089
7,38.89365,-104.720207
7,37.053884,-122.035516
7,39.926990999999994,-86.157951
7,40.764351,-73.361069
7,33.876787,-118.173511
7,34.30324,-118.47977
7,28.554407,-81.559502
7,47.274879,-122.49617
7,27.93757,-82.12111999999998
7,40.437649,-79.985077
7,42.86274,-83.770653
7,39.914223,-75.090626
7,32.815824,-97.408247
7,40.747608,-74.119766
7,27.338144,-82.452477
7,39.777535,-75.51275600000002
7,29.393318,-98.532257
7,38.743301,-77.189964
7,34.128109,-80.944702
7,30.421989,-91.008873
7,35.78668,-78.69848
7,38.33962800000001,-85.810448
7,33.97709727271091,-80.95491528472445
7,41.81097000000001,-72.6633
7,27.92713,-82.334023
7,33.445752,-111.890734
7,29.05648,-81.83892800000002
7,35.594666,-97.656219
7,33.743271,-84.379326
7,32.301807000000004,-111.012177
7,41.223785,-96.004433
7,39.89143,-86.538414
7,39.68755,-104.99218
7,35.235104,-80.921188
7,36.224838,-86.774529
7,40.609409,-74.090828
7,42.030441,-88.236801
7,33.698322,-117.941574
7,37.827114,-122.296158
7,39.63221400000001,-75.95571899999999
7,40.66661,-73.80856
7,40.852482,-72.89769
7,32.7691,-96.48925
7,42.457577,-83.219437
7,28.025457,-82.505013
7,42.98708,-83.80323
7,41.364307,-96.348747
7,34.579643,-82.69175
7,35.834122,-78.308474
7,35.79757700000001,-78.577271
7,45.04108071305732,-93.0618274207446
7,34.055766999999996,-118.180824
7,38.84607000000001,-77.43384
7,36.145054,-86.76674200000002
7,39.696541,-104.829216
7,39.759514,-86.50376899999998
7,33.386536,-111.764191
7,33.43388,-111.890839
7,34.842529,-82.366493
7,33.131972999999995,-117.089073
7,37.900105,-122.31414
7,30.126144,-95.442886
7,33.616138,-117.127869
7,43.174904,-75.322411
7,30.20944,-82.64936800000002
7,36.438472999999995,-120.396385
7,39.268738,-76.55931899999999
7,41.650284,-72.487679
7,35.17615900000001,-80.756569
7,38.982567,-76.553535
7,41.725712,-112.192459
7,38.979038,-77.434021
7,26.329690999999997,-81.750427
7,42.0157,-88.22771
7,29.23951,-81.235237
7,37.731361,-113.055229
7,43.09668,-77.568031
7,32.764091,-117.195473
7,33.883575,-117.535934
7,38.27734,-85.69923399999998
7,33.88335,-79.74638399999998
7,28.756173,-81.365424
7,36.19152904,-86.75314307
7,34.103321,-81.18366999999998
7,38.872658,-77.042694
7,33.337449,-81.789687
7,30.448654,-91.024498
7,40.576569,-75.781654
7,33.937,-118.279674
7,27.943951,-82.335258
7,33.950176,-117.928276
7,40.125018,-111.654961
7,45.769933,-111.189531
7,30.67585900000001,-88.087059
7,33.766178000000004,-84.385986
7,38.65989088993712,-77.32462048493707
7,37.17308,-118.290035
7,42.239997,-87.879692
7,36.134098,-86.82528
7,42.96378493288533,-112.42847084945473
7,38.829933,-77.11350999999998
7,47.241229,-122.399623
7,32.495837,-92.117728
7,45.585326,-94.363784
7,43.144737481865185,-77.55488276444645
7,39.186562,-123.029381
7,39.76688,-84.146637
7,30.322028999999997,-97.70668
7,38.933849,-77.550285
7,30.41061,-91.147041
7,26.308271,-80.118657
7,40.7127,-111.856781
7,30.40753,-97.714142
7,39.48916,-76.66634
7,35.831764,-78.76355
7,35.829369,-78.61936999999998
7,37.00666,-76.4005
7,33.805987,-117.509291
7,28.368101,-81.38945
7,26.70755,-80.135429
7,36.32954,-82.369682
7,42.921654,-85.666428
7,33.819481,-84.361191
7,35.415259999999996,-97.370842
7,33.765018,-84.493874
7,41.08046,-81.5038
7,33.714161,-84.272003
7,32.71886,-97.32067
7,42.043751,-87.83557900000002
7,40.08012,-76.249336
7,27.743708,-82.67690999999998
7,42.993958,-70.848793
7,34.034128,-118.027211
7,30.314795,-81.76984399999998
7,37.541977,-77.43135799999997
7,35.893959,-78.74971
7,39.016022,-77.01655600000002
7,34.547663,-77.446247
7,43.14727,-88.051689
7,33.329048,-80.940567
7,34.254982,-83.46311999999998
7,34.067291,-117.554314
7,35.57978400000001,-97.688263
7,34.045206,-118.291588
7,34.833378,-82.445839
7,40.85601,-73.971816
7,37.433575,-77.49078399999998
7,25.480949,-80.463448
7,28.055502,-82.623611
7,33.766068,-84.52623
7,28.356529,-81.36409
7,33.54481101020076,-86.55483126599043
7,44.022015,-123.060211
7,29.767378000000004,-95.304291
7,34.050568,-118.21411100000002
7,29.862340000000003,-95.40383
7,42.394646,-71.607262
7,34.06935,-117.79795
7,34.021786,-84.32416500000002
7,34.136720000000004,-117.548246
7,45.23183941819557,-118.01291584912292
7,43.170101,-77.619843
7,38.939419,-76.934288
7,41.057898,-73.83525300000002
7,40.073169,-75.42904
7,40.678837,-75.340439
7,33.609809999999996,-86.68318199999999
7,40.158371,-76.389259
7,34.363819,-118.504387
7,40.644627,-74.998886
7,28.472576,-81.39664499999998
7,28.37492,-81.365044
7,38.578415,-112.324218
7,42.361931,-83.078621
7,34.069272,-80.97609
7,37.40915,-121.87859
7,40.519409,-74.301208
7,40.351242,-74.473297
7,33.854690999999995,-117.790428
7,25.579728,-80.476905
7,34.41717267,-119.58649278
7,33.870754,-81.38546
7,38.869518,-104.836357
7,42.308239,-87.855143
7,43.000865999999995,-83.69324499999998
7,40.167934,-76.39936800000002
7,39.78599000000001,-74.90935
7,41.434616,-81.682396
7,47.1601,-122.46776
7,39.572697,-119.807961
7,39.699232,-86.132812
7,35.30009099999999,-79.207802
7,41.627215,-83.542041
7,29.808611,-95.336044
7,25.935999,-80.311904
7,40.768701,-74.04486800000002
7,30.419857,-91.084572
7,38.762365,-90.164302
7,34.880146,-82.359344
7,40.946247,-73.877663
7,36.844429,-75.995758
7,43.194654,-77.62880200000002
7,41.326671999999995,-72.93321999999998
7,38.0185639856433,-84.5519506927273
7,34.002041,-117.8349
7,28.336029,-81.542002
7,40.733254,-74.131923
7,37.506538,-122.26123
7,34.334301,-86.60749799999998
7,41.224651,-96.001167
7,37.879601,-121.641495
7,38.003445,-122.575172
7,43.137733,-77.53278399999998
7,33.89614,-84.26419
7,42.027233,-71.257568
7,38.026756,-121.941864
7,41.054367,-73.809586
7,31.692392,-106.329199
7,35.51988244039765,-82.70852208098073
7,41.046232,-111.956884
7,35.35585800000001,-84.744629
7,33.959773999999996,-118.42643
7,25.81151,-80.19982900000002
7,35.224653,-89.734514
7,39.001523,-76.894207
7,40.24437,-75.584946
7,37.254189,-93.264877
7,42.9575,-88.054214
7,42.65977,-73.759589
7,30.239069,-92.032425
7,35.092087,-80.933495
7,35.184566,-80.749237
7,32.960716,-96.727859
7,36.787633,-77.462212
7,30.35479,-91.125946
7,40.171539,-75.12782299999998
7,40.812228999999995,-76.451988
7,37.976238,-84.530029
7,30.43849,-88.833572
7,34.039394,-81.09461999999998
7,36.250831,-86.708211
7,47.48687,-92.44155
7,38.223473,-122.611626
7,40.042835,-76.184425
7,32.854971,-96.646859
7,42.405018,-82.959969
7,37.298737,-93.423958
7,44.971268,-93.370575
7,33.914103999999995,-118.104942
7,42.314732,-71.360085
7,29.193445,-82.218468
7,29.731583,-95.342018
7,25.699425,-80.43055
7,33.99197,-86.577179
7,30.309128,-81.847588
7,36.072463,-79.93496999999998
7,39.018902,-94.499298
7,39.709824,-75.154338
7,35.364174,-94.375458
7,29.78458,-95.64303
7,34.15453,-118.39248
7,40.239597,-75.609619
7,36.147217,-86.74363699999998
7,39.7281,-105.013985
7,35.895298,-78.619209
7,36.02734,-87.011414
7,33.722115,-84.394592
7,28.5467,-82.424812
7,39.761135,-105.004608
7,40.789261,-73.98085
7,39.692101,-86.21682
7,41.427238,-87.759468
7,33.995921,-84.559225
7,35.796782,-78.585833
7,25.897129,-80.24771899999998
7,35.71777700000001,-78.58378
7,42.465709999999994,-82.92099
7,39.081184,-94.563951
7,34.04594,-84.02912099999998
7,38.383469,-122.557541
7,28.524626,-81.26908900000002
7,47.178501,-122.466042
7,38.019367,-121.936957
7,37.788342,-122.250793
7,32.80686,-96.92172
7,40.88026,-73.902214
7,35.91775900000001,-78.789467
7,40.101871,-75.193787
7,28.795574,-81.625023
7,35.53685,-97.513519
7,30.129335,-97.737564
7,38.437908,-121.86911
7,33.538773,-86.563911
7,40.085353999999995,-75.398537
7,30.196463,-81.739212
7,30.44581,-87.30995899999998
7,41.777149,-73.768879
7,40.796997,-81.76536999999998
7,37.31813,-121.97838
7,41.875446,-87.645256
7,26.632725,-80.067833
7,40.493627,-74.412646
7,35.533896999999996,-82.60257
7,43.925094,-91.485733
7,41.674692,-74.0803
7,35.94759000000001,-86.814064
7,40.207611,-76.375366
7,41.79196,-88.05686999999998
7,30.295736,-92.025215
7,37.129009,-121.600708
7,33.98963,-117.36002
7,38.70408,-121.31296
7,27.16008900000001,-81.884392
7,42.47715,-83.045433
7,41.983521,-88.08025400000002
7,35.264254,-80.795103
7,42.735867,-83.379684
7,42.981807,-85.659564
7,29.674477000000003,-95.562866
7,25.582741,-80.397018
7,40.810776,-74.10078399999998
7,31.8545,-106.440247
7,34.11854,-117.8654
7,33.498825,-82.086937
7,29.878059000000004,-95.387657
7,34.658142,-86.798416
7,29.814087,-95.45929
7,40.789738,-74.146088
7,42.338367,-79.587395
7,45.602692365428894,-123.02896857202992
7,30.153168,-97.767151
7,40.04003,-76.28735
7,35.068195,-120.512794
7,33.821548,-84.359383
7,37.240852117360866,-80.21971106490984
7,28.539377,-81.319374
7,33.745773,-84.390862
7,33.88056,-81.03701
7,29.67997,-95.476707
7,37.01813,-76.3842
7,34.441479,-119.803107
7,39.458683,-76.258423
7,35.03395199758989,-89.78906035380464
7,40.53795218,-80.20003438
7,34.894199,-81.95459
7,40.262791,-75.520157
7,29.65539,-95.699631
7,45.59048,-122.99708
7,29.728987,-95.531418
7,39.728992,-75.755386
7,29.519899,-98.480118
7,32.063728000000005,-81.089722
7,41.161112,-112.026032
7,41.161701,-112.02282
7,40.861546,-73.913292
7,39.840488,-77.00676700000002
7,39.64312,-75.62352800000002
7,29.770555,-95.214272
7,33.635639000000005,-84.49260699999998
7,25.930552,-80.29351
7,36.80420994741056,-76.19708418809796
7,39.605438,-75.77464300000003
7,37.900723,-121.285301
7,35.064664,-80.77159499999998
7,25.889769,-80.23984499999997
7,30.3682,-81.76082
7,45.581606,-122.678681
7,29.697639,-95.40136
7,44.966137,-93.255608
7,38.950071,-76.993512
7,44.96999,-93.31213
7,32.443432,-93.718597
7,39.964504,-105.183105
7,32.999889,-96.959129
7,42.3927,-71.08473199999997
7,30.446501,-97.687981
7,43.126286,-77.519972
7,34.963772,-82.16011800000003
7,33.864437,-118.326408
7,39.02153,-77.142799
7,42.417805,-71.12700699999998
7,33.975285,-80.954422
7,42.409969,-87.82480600000002
7,37.49189000000001,-121.91919
7,37.811411,-77.460313
7,41.576199,-81.131622
7,40.695938,-75.18759200000002
7,42.41547,-88.12373000000002
7,33.382979999999996,-82.00309
7,28.153772,-82.781529
7,33.911037,-84.478798
7,38.455249,-81.876837
7,29.494515999999997,-98.55468
7,34.536491,-82.498993
7,29.626602,-95.19297
7,41.504821,-73.05924
7,36.264786,-86.737747
7,40.850067,-73.944817
7,28.1728,-82.75018299999998
7,29.637228000000004,-81.842309
7,26.492757,-81.805756
7,45.4536,-122.72111
7,29.468942,-98.475046
7,43.213387,-123.355743
7,34.610058,-81.019737
7,36.140705,-86.72043599999998
7,28.66556,-80.84500899999998
7,32.815870000000004,-117.22281
7,30.109158,-92.015617
7,39.172913,-84.39954399999998
7,34.924503,-118.928171
7,30.193207,-97.886513
7,33.624161481696966,-112.39928841537284
7,35.094485999999996,-106.532745
7,37.240761,-93.297554
7,41.743774,-87.625198
7,38.94592166,-76.85345292
7,37.552109,-77.452934
7,29.70361500000001,-95.596191
7,33.461208,-112.088225
7,34.022690999999995,-118.230106
7,36.180931,-77.10588100000002
7,33.858414,-118.096313
7,37.265739,-79.97686
7,40.030914,-82.994598
7,46.423614,-112.723255
7,33.901092999999996,-84.472984
7,33.85305,-78.687561
7,32.557109999999994,-96.66319
7,38.51173,-121.458817
7,47.84708,-122.258507
7,41.499741,-81.668663
7,39.39002,-119.75737
7,29.940638,-95.407524
7,30.401646000000003,-97.729387
7,38.749302,-77.184998
7,45.54046512,-122.67126918
7,29.717369,-95.546127
7,39.652012,-105.025307
7,40.73221,-74.1168
7,27.279943227637855,-80.36199688873118
7,34.046665000000004,-82.559273
7,39.74015,-104.909378
7,40.51814675311795,-76.46906018220676
7,29.801309999999997,-95.451881
7,30.441525,-84.43695100000002
7,40.785149,-81.384766
7,33.888967,-118.285347
7,38.93137,-84.56559
7,41.248302,-73.00617199999998
7,42.03593400000001,-88.288467
7,32.2612,-110.99752
7,34.063038,-81.04613499999998
7,39.045591,-77.052211
7,40.759574,-111.914292
7,33.196392,-84.283457
7,35.26656,-80.88201
7,34.88916,-82.173103
7,39.984112,-76.291382
7,40.585659,-78.74762700000002
7,33.42738,-112.04789
7,35.11443972570841,-80.92373728713548
7,35.047311,-120.493883
7,41.35371,-88.86727900000002
7,34.086675,-117.934062
7,39.388046,-76.530212
7,29.025603000000004,-82.153883
7,30.487925,-87.223061
7,33.470733,-117.137334
7,26.5453,-81.852391
7,38.510764,-121.364541
7,29.53869000000001,-98.4185
7,28.0207,-82.541786
7,45.568489,-122.608852
7,34.019026000000004,-117.480345
7,39.599926,-77.681984
7,33.952721000000004,-118.36916399999998
7,35.053768,-81.63385799999998
7,29.751095,-95.323975
7,39.799535,-76.984765
7,30.406677,-91.102463
7,39.04512047749021,-94.3914520736008
7,26.723708,-80.091633
7,37.521084,-77.488396
7,35.250374,-80.65570799999998
7,43.283405,-124.231163
7,38.527103,-90.541084
7,36.263901,-86.732353
7,33.334042,-112.176582
7,32.710460999999995,-117.08503
7,30.332695,-97.704035
7,25.886734,-80.21080699999997
7,45.06457,-93.21842
7,32.471249,-93.827499
7,32.502338,-84.947419
7,39.96431,-76.721733
7,35.20738400000001,-80.798886
7,36.156967,-86.759789
7,41.595879,-93.621559
7,38.032405,-78.59875799999998
7,29.75127,-95.372002
7,44.883565,-93.138824
7,34.111954,-118.265434
7,45.1226627824539,-93.3148777480444
7,32.69429,-96.637466
7,43.160576,-77.634514
7,25.812242,-80.237567
7,39.787655,-105.068953
7,40.606064,-74.07713299999998
7,33.563412,-86.73164399999996
7,33.842289,-78.860809
7,35.20955700000001,-80.875587
7,34.079262,-118.22007
7,40.705902,-74.152008
7,43.164639,-77.659477
7,46.935492753758744,-98.7330472464622
7,39.840378,-86.036568
7,41.14686,-96.182156
7,30.452892,-91.17971
7,42.9025,-78.900612
7,33.482113,-111.75341
7,34.0313,-117.969551
7,30.280809,-97.648018
7,37.587255,-122.350845
7,33.923737,-118.326424
7,25.883637,-80.243199
7,41.190784,-96.135284
7,39.918427,-75.088753
7,37.740359999999995,-121.587097
7,25.496517,-80.417511
7,33.743266999999996,-84.368134
7,41.199992,-77.254116
7,31.752644,-106.345192
7,38.889671,-76.862892
7,41.234203,-96.043213
7,44.04147,-92.9024
7,29.489112,-98.569666
7,39.616378999999995,-86.074883
7,39.784606,-75.11654200000002
7,38.903102,-94.373333
7,33.681026,-84.38430799999998
7,40.70332,-73.99325999999998
7,33.441685,-86.73050699999996
7,36.08501,-96.00656
7,30.358164,-97.688183
7,32.294789,-95.315437
7,34.081409,-117.700859
7,38.845128,-77.008285
7,37.706753000000006,-117.231453
7,26.062874,-80.163857
7,45.9971,-118.38739
7,34.080133000000004,-80.892096
7,40.039787,-76.449463
7,42.541088,-71.31130999999998
7,41.045805,-73.79339
7,36.079281,-95.85955
7,40.139809,-76.382683
7,45.120628,-93.308136
7,32.947202000000004,-96.736957
7,43.00483300000001,-78.948212
7,34.972698,-82.00715600000002
7,27.961967,-81.10118100000003
7,42.203083,-71.118523
7,38.88606,-121.34008
7,35.56557100000001,-97.515747
7,32.840466,-96.91465
7,42.962944,-88.037102
7,34.811565,-86.650238
7,37.692273,-113.608411
8,41.05513,-73.810417
8,27.28462,-82.52449
8,39.771122,-76.667564
8,35.215294,-80.658203
8,35.192886,-80.780426
8,37.56649,-122.04148
8,26.44194,-81.81102800000002
8,40.487319,-123.906327
8,38.867657,-78.529503
8,34.023586,-81.154648
8,37.105979999999995,-121.015747
8,30.168043,-97.620132
8,39.022186,-84.511887
8,39.67211500000001,-86.08255799999998
8,35.942806,-78.559471
8,27.93997,-82.28578900000002
8,39.740131,-86.021202
8,33.67177,-112.03161
8,37.574290999999995,-77.46048
8,33.85412,-117.95422
8,38.862095,-77.34722099999998
8,33.796955,-118.107819
8,41.818677,-75.88234200000002
8,35.196404,-80.82703599999998
8,32.932404,-97.039246
8,30.356921999999997,-97.715897
8,34.684302,-92.309522
8,35.637524,-78.565025
8,34.290909,-84.02054100000002
8,35.10675,-106.626572
8,42.712872,-73.206078
8,36.09304,-95.886536
8,42.202641,-71.07814
8,32.74955,-96.874107
8,44.04424309709528,-121.30596041621538
8,30.350229,-97.5009
8,34.338035999999995,-118.514648
8,30.322369,-97.756004
8,34.0243,-117.55826
8,40.008698,-75.210353
8,39.227184,-77.282067
8,37.580292,-122.324516
8,40.433216,-111.892461
8,29.621481,-95.601456
8,47.7341,-122.331589
8,45.069878,-93.296524
8,32.760146999999996,-97.166634
8,36.060818,-95.859306
8,41.83704,-87.675911
8,42.909562,-85.676858
8,44.95121,-93.098419
8,32.872901,-96.665577
8,47.310989,-94.876297
8,34.068321000000005,-117.799614
8,33.640324,-112.061218
8,42.713932,-71.47316
8,44.967026,-93.223122
8,34.065033,-117.312248
8,40.696815,-74.417908
8,40.058117,-82.448868
8,36.17438,-115.15498
8,37.93996,-122.51601
8,44.862072,-93.223
8,37.373608,-77.502083
8,39.794937,-86.168671
8,42.903511,-83.533386
8,35.472401,-97.654266
8,35.064831,-80.850578
8,35.323692,-80.774117
8,34.293628000000005,-118.470245
8,41.253448,-73.67627
8,33.920052,-118.273926
8,40.916019,-74.370361
8,39.768368,-104.994469
8,43.030502,-87.986626
8,39.174652,-77.537468
8,41.904335,-88.032494
8,33.38641,-111.72506
8,32.070183,-81.20238499999998
8,40.082321,-76.308273
8,37.657131,-122.46331
8,41.146893,-96.158592
8,39.058643,-84.355446
8,41.794476,-87.631599
8,36.137611,-86.800758
8,34.460869,-82.689148
8,35.222062,-80.850775
8,33.825943,-118.24157
8,37.558838,-122.301025
8,25.88248,-80.25108900000002
8,40.469292,-74.2941
8,30.504005,-91.151558
8,32.879981,-117.159807
8,27.338144,-82.452477
8,34.871353000000006,-81.959496
8,33.968311,-117.848931
8,41.982964,-88.110352
8,25.748994,-80.303565
8,38.00127,-122.28231
8,30.188601,-92.014099
8,28.376661,-81.284164
8,30.1112,-97.806793
8,33.876186,-84.448624
8,42.175877,-88.13578000000004
8,28.630995,-81.387535
8,39.93323,-111.10733
8,33.876083,-118.164612
8,33.378189,-111.945969
8,36.159015999999994,-81.888489
8,39.796749,-75.532097
8,35.332951,-80.789497
8,28.697805,-81.37175
8,30.389311,-91.092567
8,47.581924,-122.219389
8,33.537236,-112.26963
8,40.672649,-73.43251
8,38.380829,-122.55226100000002
8,32.334244,-90.142029
8,35.75229049,-78.70726705
8,35.151990651916734,-80.62987446746524
8,33.952309,-81.233551
8,39.492484999999995,-84.131798
8,40.605389,-124.180199
8,33.78904,-84.622238
8,33.436828999999996,-112.082527
8,36.136897999999995,-86.80085
8,30.326490000000003,-97.680946
8,33.911259,-118.170036
8,29.678038,-95.602676
8,43.460602,-71.55201
8,41.005338,-111.931371
8,41.902233,-88.10172299999998
8,40.80127,-73.929916
8,38.83626,-77.00803499999998
8,34.924042,-82.71820100000002
8,35.80965,-78.602188
8,40.14667100000001,-75.038193
8,42.670025,-83.001251
8,40.663849,-89.569038
8,38.18395200000001,-122.135101
8,42.984344,-85.59056899999999
8,34.205187,-82.173576
8,35.535019,-97.516129
8,42.91264,-85.608162
8,44.94873,-93.04055
8,45.469357,-122.785973
8,37.735249,-122.407066
8,40.767174,-74.021164
8,40.167010999999995,-75.290192
8,41.813931,-71.439766
8,42.504307,-83.115341
8,40.047588,-76.298401
8,33.611391999999995,-117.703422
8,42.932373,-78.766411
8,36.60145640355777,-80.73692679366714
8,28.138313,-82.500557
8,41.95474,-88.01703
8,26.092674,-80.14475300000002
8,27.304209000000004,-82.451549
8,34.23193,-117.202049
8,40.105186,-76.332176
8,39.965121999999994,-76.77132399999998
8,42.26363,-71.045311
8,33.82594,-118.23702
8,34.067421,-117.427971
8,34.147118,-118.226044
8,36.149605,-96.029343
8,33.393654,-86.78473699999998
8,37.756249,-97.344965
8,33.461411,-86.793968
8,34.068946999999994,-117.362022
8,40.744213,-73.771652
8,32.467418,-90.126625
8,44.324809,-92.410752
8,42.701019,-73.707932
8,30.25106,-92.109444
8,30.282736,-97.810257
8,42.690815,-71.206406
8,30.507389,-84.334671
8,33.596317,-112.116768
8,45.40468900000001,-122.623229
8,43.184695,-73.493346
8,34.030243,-117.667656
8,39.183197,-76.782585
8,30.379145,-97.674843
8,43.032902,-83.655373
8,40.179401,-75.87445100000002
8,38.53976,-90.49569
8,40.06147,-75.34204100000002
8,43.03051,-87.986496
8,29.642353000000004,-95.216072
8,32.75797,-97.31908
8,42.5058,-82.91801
8,38.636215,-77.289734
8,36.059479,-86.668892
8,35.1889,-89.77709200000002
8,33.390910999999996,-86.669533
8,40.84478,-73.90484000000002
8,26.706161,-80.0755
8,30.419226,-91.071808
8,39.379459,-74.457291
8,39.838818,-86.249329
8,32.44733,-93.898636
8,39.041382,-76.519302
8,39.026007,-77.393007
8,32.195384999999995,-110.82392
8,37.6318,-77.57655
8,42.962978,-85.656853
8,39.700664,-105.203454
8,33.750931,-84.39302099999998
8,38.955646,-76.083665
8,36.109634,-86.72157299999998
8,40.923061,-73.822807
8,25.66642,-80.323738
8,34.832981,-82.296906
8,37.39605,-121.90775
8,25.812445,-80.214966
8,32.933189,-79.82292199999998
8,43.044361,-75.445511
8,37.563057,-77.469933
8,41.81337,-71.408691
8,42.38541483858878,-83.25687289198275
8,44.565556,-123.19213700000002
8,43.198746,-93.349091
8,42.153282,-87.961792
8,33.393028,-111.891296
8,41.38998,-73.59833499999998
8,29.625959,-95.278412
8,41.859825,-88.027008
8,30.480172,-91.115055
8,39.937153,-75.199028
8,35.179724,-80.89016
8,28.328134999999996,-81.350815
8,27.634826,-82.53949899999998
8,38.772251,-112.084778
8,33.52047,-86.815956
8,36.097593,-86.553983
8,25.922213,-80.211143
8,33.495239,-112.134842
8,32.717499,-96.785568
8,33.880016,-117.605278
8,36.406906,-82.47702
8,33.880688,-117.570709
8,42.70504,-73.85374499999998
8,37.852398,-122.029068
8,42.284248,-71.081131
8,38.208251,-122.184547
8,33.385967,-86.520477
8,34.255695,-77.940727
8,28.251353,-81.487275
8,27.893822,-82.334747
8,40.479092,-80.04316700000003
8,41.876881,-88.235161
8,35.249798,-80.856522
8,40.480377,-122.26886100000002
8,40.177779,-75.45907
8,35.742549,-78.540275
8,38.722698,-76.841278
8,34.184704,-118.159689
8,39.704311,-105.047218
8,33.615278005439684,-117.706843614017
8,41.252422,-95.990211
8,37.1614,-93.309532
8,41.769379,-72.668564
8,33.627543,-117.691941
8,40.105896,-75.084785
8,33.461555,-112.274879
8,33.912167,-84.38237
8,43.086929,-85.62861600000002
8,33.75824,-84.47261
8,26.708834000000003,-80.182556
8,25.919889,-80.21086899999997
8,29.551645,-98.377594
8,25.928304,-80.193252
8,39.913822,-75.010178
8,29.564919,-98.482277
8,29.809872,-95.521164
8,33.982656,-118.395227
8,36.96814000000001,-121.87011
8,30.793937444540052,-87.04131960827331
8,40.847389,-73.871193
8,40.422108,-79.92775
8,47.55568,-122.33421
8,29.43943,-98.44435
8,40.082329,-75.161385
8,40.725971,-112.024788
8,35.781231,-78.640038
8,37.6633,-122.105919
8,32.778641,-117.115959
8,28.509574,-81.420612
8,34.808028,-82.10275899999998
8,30.19244,-97.925148
8,42.861591,-85.67933000000002
8,41.786518,-88.074226
8,33.035612,-117.183816
8,34.880520000000004,-82.2054
8,42.697399,-73.843025
8,33.483669,-81.74146999999998
8,26.546984,-81.788368
8,41.8885,-88.089083
8,36.304115,-86.70829
8,41.41864,-81.830795
8,35.15518400000001,-80.892775
8,44.13666,-93.76349
8,26.546840999999997,-81.794853
8,40.182968,-75.116119
8,33.901932,-118.330872
8,41.872532,-88.029099
8,39.52283900000001,-76.184196
8,30.287174,-97.726768
8,37.617935,-122.074791
8,38.548611,-90.42717
8,32.037251,-81.124573
8,39.033813,-94.686562
8,44.545113,-122.973907
8,26.087959,-80.21209
8,33.934181,-86.86823299999998
8,47.671501,-122.320084
8,27.940432,-82.32611800000002
8,34.982838,-80.41407
8,33.921371,-111.45485
8,35.648783,-84.06153499999998
8,35.052762,-80.885539
8,40.049881,-74.99279
8,38.664406,-121.356705
8,41.868881,-88.092003
8,36.142601,-86.81546800000002
8,33.25927,-111.789536
8,30.367228000000004,-91.071539
8,40.01320481281273,-74.84814763033462
8,34.844429,-82.310417
8,35.276649,-80.716911
8,35.464252,-97.583336
8,39.67004,-105.203003
8,39.341067,-104.875314
8,26.874843835702528,-80.123838185882
8,36.120079,-86.774971
8,35.223419,-80.669708
8,33.545738,-112.16861000000002
8,39.313239,-121.40743700000002
8,33.363754,-111.928589
8,41.87718987444936,-83.66111397703331
8,30.195801,-92.092033
8,28.069321,-82.463463
8,29.851442,-95.510178
8,37.049551,-121.556649
8,38.275051,-88.740578
8,32.8218,-117.162361
8,30.423676,-91.075073
8,40.197563,-74.794914
8,30.443613,-91.17882
8,41.297684,-96.009491
8,38.628895,-90.221672
8,36.239613,-80.817734
8,34.029264000000005,-118.20008500000002
8,37.959,-122.052406
8,39.780251,-104.949135
8,36.187946,-86.798477
8,27.653959000000004,-82.510239
8,34.242373,-118.467388
8,45.094627,-93.449326
8,33.374458000000004,-111.902443
8,38.70242,-104.8271
8,42.914818,-83.533821
8,42.00769,-88.144707
8,32.8237,-96.919785
8,28.342539,-81.41976899999997
8,38.342225,-85.80494399999998
8,43.153568,-77.50631
8,38.94165,-94.81975
8,45.00787,-93.106583
8,28.630995,-81.387535
8,39.296062,-76.502716
8,42.28075,-87.97394
8,33.90188,-84.47328399999998
8,39.696609,-104.840981
8,32.875554,-96.684953
8,40.165482,-76.159645
8,26.007299,-80.231628
8,30.328363,-96.917473
8,32.78098,-97.220305
8,43.181412,-77.547997
8,42.056549,-73.845039
8,37.634377,-77.57351700000002
8,40.014881,-82.905891
8,32.790741,-96.803574
8,34.14389,-81.324539
8,31.85072700000001,-86.640785
8,40.068478000000006,-76.302902
8,41.148933,-74.025017
8,38.87529,-77.281853
8,40.036623,-75.015135
8,37.547585,-122.290627
8,34.749641,-86.63459
8,42.471447,-122.812155
8,40.132560999999995,-75.202957
8,38.15485,-122.422043
8,34.862652000000004,-82.60569
8,32.724123,-117.151191
8,28.40401,-80.81943000000003
8,45.115208,-93.189346
8,39.77013400000001,-86.166985
8,36.130760907954546,-119.23235535564788
8,32.664078,-96.868256
8,25.812416,-80.207138
8,26.29997100000001,-80.093719
8,30.247269,-97.804543
8,34.402809999999995,-117.57919
8,38.495969,-121.459336
8,37.38858818990045,-79.90505576095627
8,34.775146,-82.463272
8,28.659340000000004,-81.38826
8,32.48299,-93.711166
8,40.836418,-73.873695
8,35.906662,-78.703712
8,41.646855,-73.562976
8,34.154179,-118.468226
8,37.515812,-77.528343
8,40.66891,-111.45978999999998
8,25.790008,-80.35675
8,39.125099,-76.531754
8,36.16888400000001,-86.607437
8,28.261789,-81.43402900000002
8,43.332291,-71.301369
8,38.49006,-122.34875
8,39.740162,-104.85408
8,35.03833,-81.89321899999999
8,28.027209999999997,-82.180725
8,38.941605,-94.797417
8,41.916129999999995,-88.213509
8,36.047495,-86.662892
8,37.327991,-121.940903
8,45.178871,-89.725967
8,36.082723,-86.697856
8,45.17213,-122.443559
8,29.794291,-95.387909
8,40.666203,-74.285493
8,34.731663,-86.596565
8,42.383678,-82.967827
8,38.947731,-94.88916
8,38.086475,-121.278519
8,32.714638,-96.757416
8,43.020485,-85.725502
8,40.575329,-74.567238
8,40.010223,-75.209564
8,40.056622,-76.311073
8,26.12966,-80.14679699999998
8,30.383711,-88.61212900000002
8,38.09557557087852,-104.69021201083808
8,38.222882,-122.25476
8,35.096489,-80.93441
8,45.614948,-94.176003
8,34.185534999999994,-105.650253
8,41.273293,-72.970116
8,37.405819,-122.11087
8,25.71377,-80.382491
8,40.131142,-75.437851
8,40.059071,-76.46302800000002
8,42.395405,-71.035271
8,43.119759,-83.676147
8,34.509338,-118.111954
8,27.817726,-82.331779
8,28.436211,-81.36751600000002
8,40.891605,-74.519707
8,38.222590999999994,-122.25325
8,32.078651,-81.090828
8,38.264606,-85.743576
8,37.292423,-80.104294
8,40.68315,-75.28201999999997
8,32.373901000000004,-111.139404
8,41.630783,-83.55019399999998
8,38.23616,-122.461479
8,25.924823999999997,-80.309372
8,39.983771999999995,-76.73496999999998
8,41.559165715973094,-72.91918873752154
8,42.125565,-71.061813
8,35.261025,-112.072151
8,35.054649,-80.850266
8,32.819399,-111.683249
8,34.281303,-82.23638199999998
8,43.128413,-73.846624
8,37.952118,-79.465819
8,35.110046000000004,-81.602486
8,41.871075,-87.862473
8,39.267408,-76.618748
8,34.836411,-82.318359
8,34.028492,-117.574303
8,45.03823,-93.04144
8,37.858736,-122.212489
8,37.945576,-122.058235
8,41.10762,-73.79921
8,42.264263,-71.208916
8,32.782471,-96.794365
8,32.747749,-117.19333600000002
8,28.068273,-82.451094
8,30.450071,-97.696732
8,34.032982000000004,-118.137939
8,37.255108,-121.86068
8,39.758904,-86.531685
8,42.37106,-83.05438000000002
8,43.036983,-89.45285799999998
8,25.734831,-80.383476
8,33.872688000000004,-118.290894
8,33.878784,-84.272743
8,32.97892,-80.13076
8,33.617619,-79.046768
8,33.901243,-117.468632
8,39.121639,-77.198677
8,39.974743,-83.098366
8,32.955956,-96.627846
8,39.659142,-104.84761
8,38.4204,-82.29361999999998
8,30.04715,-95.253677
8,41.709765999999995,-71.49047900000002
8,26.492926,-81.783638
8,40.19405,-75.523842
8,35.413967,-97.547935
8,41.461231,-81.770882
8,44.898876,-93.40152
8,39.076008,-84.519424
8,34.627811,-86.566887
8,42.895977,-85.625214
8,38.90022,-77.01218
8,39.60626,-104.891345
8,28.369579,-81.54073299999997
8,40.691272999999995,-74.19010899999998
8,40.341796,-111.755911
8,39.643082,-119.174873
8,42.869011,-85.553688
8,29.457559999999997,-98.636795
8,45.325333,-95.602989
8,34.01820900000001,-118.176582
8,32.705036,-96.648491
8,29.79322800000001,-95.522171
8,40.001534,-75.294174
8,41.205326,-96.067604
8,30.440723,-97.687157
8,36.16082700000001,-94.186479
8,42.94320702532318,-82.50746369322535
8,42.13002,-70.837738
8,25.812418,-80.205928
8,38.205235,-121.15702
8,42.347603,-71.23174300000002
8,43.035213,-89.422752
8,45.580169,-118.636938
8,30.454029,-91.087151
8,30.286848,-81.635224
8,43.007641,-83.68463100000002
8,36.232716,-86.76899
8,36.981934,-121.910301
8,24.71995,-81.062752
8,39.908405,-121.335029
8,39.157135,-76.827591
8,37.58125,-122.32541
8,34.041412,-118.064323
8,42.227978,-83.38559000000002
8,35.432369,-94.39399
8,36.051453,-95.859222
8,35.779948,-78.64909899999998
8,41.926495,-87.96669
8,29.43856359,-98.45963359
8,33.997532,-117.367624
8,34.071911,-117.893074
8,42.68651,-73.80488000000003
8,34.662285,-82.967117
8,37.962578,-120.266013
8,39.673119,-84.14723199999997
8,33.94412,-117.28717
8,42.551205,-83.028992
8,35.768356,-78.694183
8,38.52541,-90.399338
8,25.957117,-80.205673
8,34.039868,-117.999396
8,37.749443,-122.403798
8,39.678928000000006,-86.01861600000002
8,29.717026,-95.571465
8,36.193069,-86.772568
8,35.781703,-78.585739
8,35.43521900000001,-97.610939
8,32.867921,-96.667711
8,41.223785,-96.004433
8,40.725399,-73.894981
8,35.107994,-80.858315
8,36.10035,-80.19816999999998
8,42.221882,-87.87305500000002
8,32.725372,-96.881996
8,40.03292800000001,-75.585892
8,35.766506,-78.73536700000002
8,38.85798,-77.37151
8,40.060398,-88.303917
8,39.254101,-84.422661
8,42.860294,-70.89489
8,37.98203,-84.4228
8,36.261835,-86.712335
8,33.461773,-112.039444
8,39.017681,-84.598259
8,30.088299,-95.632187
8,31.83145,-106.309586
8,32.90586500000001,-97.098984
8,39.818748,-84.285454
8,40.698277,-73.518547
8,26.02809,-80.16566999999998
8,42.239868,-87.862289
8,30.707996,-88.122345
8,35.038509000000005,-89.831337
8,42.362137,-83.071747
8,29.764011,-95.621399
8,29.660271,-82.433548
8,39.85339000000001,-105.081734
8,38.879242,-77.035889
8,39.148688,-84.448363
8,41.540073,-94.012215
8,39.042266999999995,-77.42529300000002
8,33.535061,-86.72174100000002
8,38.356932,-85.75478000000003
8,34.601867,-118.143001
8,35.20607000000001,-80.922173
8,30.52673,-84.191971
8,38.877188,-77.273627
8,26.272799,-81.742867
8,29.686090000000004,-95.298698
8,26.676284999999996,-80.069511
8,41.089329,-95.928154
8,41.89978,-87.93998
8,42.331641999999995,-71.117172
8,28.00682187067029,-82.01155543288223
8,44.923171999999994,-93.401718
8,30.483418,-97.674362
8,33.971783,-118.378102
8,34.033984999999994,-118.027397
8,42.984444,-85.6399
8,33.566466999999996,-81.892395
8,42.312149,-87.90460999999998
8,40.759499,-73.488411
8,30.319202,-81.725723
8,27.99082000000001,-82.729591
8,34.221971,-119.12321
8,43.253029,-77.696449
8,41.263309,-96.042961
8,25.108953,-80.42659
8,26.883242,-80.128235
8,39.089225,-94.571234
8,34.05426,-118.237823
8,33.92096,-118.082908
8,47.799416,-122.31414
8,41.65270200000001,-87.660522
8,42.319115,-71.183304
8,35.51144,-97.563873
8,41.993702,-88.257599
8,31.789394,-106.398514
8,38.137516,-121.257904
8,30.414246,-97.735306
8,34.289623,-118.409027
8,29.72892,-95.37246
8,32.78986,-96.79026
8,41.90353,-87.65412099999998
8,40.750477,-73.939903
8,39.653076,-104.918396
8,39.985561,-85.84317800000002
8,43.250298,-75.389503
8,30.397083,-97.731506
8,39.847549,-84.299599
8,33.436203000000006,-111.912468
8,39.14674,-84.45402
8,40.085911,-75.251244
8,42.692638,-83.247887
8,34.7061,-82.67663
8,39.290517,-120.936567
8,38.77457800000001,-112.08477
8,33.686744,-117.872675
8,37.074734,-76.44268000000002
8,42.236441,-87.99417
8,34.071476000000004,-117.948799
8,39.663635,-86.19609100000002
8,37.954751,-122.363314
8,29.40871,-98.5895
8,39.757702,-75.537102
8,40.900597,-74.072754
8,38.39676,-78.910638
8,29.77651,-95.305267
8,33.921551,-80.337379
8,29.689341,-95.557533
8,40.759106,-74.20826
8,37.57743,-77.39589000000002
8,30.41604,-91.158539
8,30.45896,-91.166267
8,32.748718,-96.765602
8,29.828644,-95.381485
8,25.671853,-80.41650899999998
8,39.718146999999995,-105.039719
8,30.63211,-81.60122
8,42.257839,-71.793289
8,39.185032,-119.7127
8,42.04209,-71.263351
8,28.562028,-81.379231
8,41.87385,-87.80816999999998
8,44.3748,-92.80956
8,30.250174,-81.536064
8,38.980439,-94.54665
8,39.060798,-84.531296
8,42.575432,-70.99539200000002
8,30.483603,-91.089676
8,42.064091,-71.230522
8,29.64904000000001,-95.249084
8,35.725094,-78.639488
8,35.0355,-90.025139
8,30.051945,-95.627144
8,30.299463,-97.837952
8,40.422176,-79.854431
8,40.24437,-75.36174
8,37.999748,-84.520691
8,36.13147,-86.898384
8,29.783490000000004,-95.47476
8,29.62085900000001,-95.304672
8,34.243164,-86.957787
8,32.738171,-97.451782
8,35.20113,-80.777
8,40.101803,-75.100128
8,32.909141999999996,-96.743073
8,37.569241,-77.478516
8,33.852024,-84.369621
8,44.084129,-123.03952
8,30.322565,-97.706604
8,41.03537100000001,-111.94756
8,26.274832,-80.125206
8,32.177521,-110.84951
8,41.752235,-87.954521
8,36.843582,-76.210121
8,26.545931,-81.90074200000002
8,42.35433,-83.10596
8,27.87256121622147,-82.7622306342947
8,44.78621,-93.21958
8,40.58363,-73.98653399999998
8,38.660748,-90.357391
8,39.16536,-94.55932
8,30.452710999999997,-84.24844399999998
8,45.564227,-122.746575
8,29.931772,-95.402145
8,40.01717,-75.68251
8,37.772344,-122.422644
8,44.935371,-95.797847
8,37.031009999999995,-76.37645699999999
8,34.135738,-117.585014
8,32.86715,-96.53945
8,40.815647,-73.084473
8,34.201111,-118.473412
8,46.096906,-123.074984
8,32.816071,-96.866211
8,30.426731,-97.676514
8,38.052825,-122.230227
8,28.431219,-82.641251
8,30.455921000000004,-91.076925
8,41.91982700000001,-88.237778
8,44.916286,-122.988945
8,28.170966999999997,-82.428223
8,32.924209999999995,-96.769173
8,33.07501673682654,-80.96826195678248
8,34.719475,-86.573486
8,28.410205,-81.475227
8,29.426622,-98.599548
8,30.440557,-97.668533
8,35.377129,-97.547852
8,40.136715,-75.210495
8,41.35408,-112.03589
8,41.873112,-71.39057199999998
8,37.541744,-77.439995
8,37.445053,-122.11914099999998
8,39.970859999999995,-74.87191800000002
8,39.086224,-77.17343100000002
8,35.289909,-80.785011
8,36.08337,-86.727463
8,36.50099158269642,-86.66548848110834
8,37.988392,-121.781914
8,42.95597100000001,-85.667686
8,33.567242,-117.182442
8,32.997509,-96.762688
8,27.35607000000001,-82.537376
8,35.061309,-80.96302
8,25.770279,-80.369051
8,38.94120097,-94.53657031
8,27.942989,-82.401871
8,30.068506,-95.20816
8,33.47958,-112.259491
8,41.670151,-83.536789
8,42.368382,-83.058167
8,39.63979000000001,-84.22494499999998
8,35.801842,-78.627388
8,29.991,-90.06260999999998
8,40.725124,-111.95105
8,33.71291,-112.121948
8,40.578331,-80.09513100000002
8,37.691016999999995,-122.07106
8,40.665803,-74.285701
8,35.165321,-89.861588
8,42.984619,-85.567291
8,40.767838,-74.021919
8,25.847122,-80.207489
8,37.41037,-121.99379
8,39.955132,-82.99655899999998
8,43.156361,-77.57267
8,41.894690999999995,-88.102699
8,25.878561,-80.355235
8,42.213676,-71.545387
8,34.852608000000004,-82.398628
8,39.827389,-123.571915
8,34.216595,-82.168625
8,33.412163,-86.80587
8,41.099392175478464,-112.0003688330078
8,29.81950800000001,-95.459435
8,41.12983300000001,-73.814674
8,34.100151000000004,-118.259239
8,37.491524,-122.219604
8,37.465,-119.886513
8,38.154732,-78.420357
8,35.217468,-80.85479000000002
8,40.712154,-111.953537
8,43.026192,-88.00730899999998
8,38.925026,-77.507858
8,30.438501,-91.179398
8,34.831982,-82.84015699999998
8,33.282672999999996,-111.823174
8,44.93128,-93.1397
8,39.396687,-76.547958
8,34.177177,-81.322777
8,38.496033,-121.446091
8,30.41126131996912,-97.96445488883032
8,25.590069,-80.478218
8,39.429222,-77.418144
8,41.043633,-73.83538100000001
8,37.560558,-77.471313
8,37.30517800000001,-79.280742
8,32.866692,-96.540352
8,30.451839,-87.221695
8,42.579845,-71.154213
8,34.831759999999996,-82.30729699999998
8,40.388199,-74.568989
8,40.684738,-73.642662
8,29.600807,-95.228569
8,37.313032,-121.885953
8,33.860373,-117.568706
8,39.232179,-104.87744
8,33.9189,-117.434547
8,38.021011,-121.329971
8,32.969013000000004,-80.00559200000002
8,42.36968,-87.914946
8,36.813084,-76.281662
8,36.224876,-86.774551
8,36.19725,-86.7714
8,42.991852,-85.66220899999998
8,37.929527,-122.323936
8,39.392105,-77.32530200000002
8,34.05838,-117.785922
8,42.972958,-85.677216
8,47.46777,-122.217903
8,40.14867,-75.965393
8,38.596352,-121.443405
8,26.578675,-80.069471
8,35.294952,-80.755493
8,36.038906,-86.782555
8,34.036842,-81.11077900000002
8,37.185797,-120.582459
8,40.758502,-74.04885999999998
8,39.23127,-84.783264
8,34.569061,-82.029823
8,38.620209,-121.419693
8,39.113924,-77.52603
8,38.799539,-121.543775
8,29.980473,-90.0576
8,42.346409,-83.096581
8,40.811446999999994,-81.397812
8,33.980591,-118.280403
8,33.512367,-86.79325899999998
8,37.207477,-76.573636
8,27.485279,-82.437881
8,27.21438400000001,-82.445365
8,42.950794,-85.673553
8,38.905479,-104.758598
8,42.78949,-83.752769
8,42.878845,-85.370163
8,45.075997,-93.332601
8,38.562378,-121.63888500000002
8,42.38730200000001,-73.782379
8,28.0543,-82.353836
8,38.652737,-121.272338
8,34.922011,-81.988738
8,44.796818,-93.289101
8,39.954109,-76.327362
8,30.413549,-86.83779100000002
8,42.35955,-71.052437
8,39.938155,-77.626176
8,33.930915999999996,-118.36853
8,39.225769,-84.39411899999998
8,42.569469,-71.425774
8,47.262531,-93.618123
8,41.248856,-74.039314
8,39.403973,-77.460479
8,33.941364,-118.096634
8,43.108631,-77.459007
8,32.779861,-117.111931
8,35.344938,-118.87386200000002
8,28.451237,-81.45929699999998
8,28.435829,-82.53096
8,40.359934,-122.335492
8,39.315952,-76.744804
8,41.647592782775654,-108.68161797471674
8,41.978024,-88.26945500000002
8,35.258339,-80.794792
8,41.076161,-73.71863
8,34.52544,-117.317421
8,40.290257,-83.068489
8,26.110045,-80.35301899999997
8,40.70438,-73.81734499999997
8,33.302799,-80.555435
8,43.2631,-75.449211
8,42.885334,-83.738907
8,42.09466,-88.33514699999998
8,40.643311,-75.43195300000002
8,33.654362,-112.186279
8,42.92289,-74.196655
8,44.999054,-93.282997
8,41.821617,-71.472786
8,25.926523,-80.180125
8,36.084942,-79.767174
8,43.234138,-77.621719
8,41.237278,-73.179611
8,34.15247,-118.121277
8,33.495026,-112.108482
8,37.42528,-122.09804
8,41.135703,-74.57316800000002
8,40.047343,-78.549982
8,28.436768,-81.404486
8,45.59824,-121.13871
8,38.45253,-121.334732
8,25.746606,-80.37595300000002
8,27.848249,-80.489151
8,41.433895,-72.802704
8,38.800409,-77.60211
8,40.785051,-73.645113
8,38.870525,-94.526337
8,33.197117,-87.479004
8,35.546181,-78.30719
8,39.851173,-86.193535
8,34.154996000000004,-118.370421
8,40.223396,-79.59948
8,25.75511,-80.20205
8,30.38349,-97.724098
8,25.636438,-80.331926
8,41.94632,-87.718704
8,33.870161,-117.70446499999998
8,38.939133,-76.91422299999998
8,39.719765,-75.155441
8,40.146851,-75.39520300000002
8,29.413368,-98.447945
8,41.229168,-96.093292
8,30.18181400000001,-92.070786
8,33.580546999999996,-117.671608
8,42.304489,-83.212029
8,28.07219000000001,-80.705
8,46.364005,-112.039065
8,38.730531,-121.283864
8,32.924963,-96.764155
8,33.90965,-118.1049
8,40.53325200000001,-76.429384
8,41.585648,-72.900375
8,39.47477,-118.690086
8,32.783619,-96.802002
8,38.71687100000001,-120.93788
8,28.348867,-82.201691
8,34.061882000000004,-118.259453
8,32.642097,-96.823456
8,33.641821,-117.2837
8,32.42252,-80.73509200000002
8,38.94165,-94.81975
8,30.364996,-81.668877
8,38.046589,-84.554291
8,33.462429,-86.756737
8,43.191486,-77.62957800000002
8,35.23059,-80.84698
8,33.066798999999996,-80.254478
8,38.212173,-86.766465
8,28.00005,-82.54552
8,33.128975,-117.098145
8,35.278725,-80.793533
8,37.732246,-121.630455
8,33.836563,-117.33106200000002
8,44.187022447375355,-92.58351445153912
8,41.697548,-71.475235
8,39.181246,-121.59236
8,40.92403,-80.556274
8,34.153707,-118.341579
8,34.8666,-82.286278
8,29.712560999999997,-95.375549
8,28.018966913089667,-82.54525065382698
8,40.36602,-83.03138
8,32.78416,-96.55684
8,29.55389000000001,-90.608147
8,35.406239,-97.525612
8,38.93553,-94.7185
8,41.205597,-95.949348
8,41.646679,-86.176849
8,44.78222,-93.28836
8,39.036369,-121.077523
8,29.675114,-95.585205
8,37.643083,-122.446155
8,26.542093,-81.871414
8,27.77433,-82.388527
8,33.882721000000004,-79.452827
8,34.113926,-117.862915
8,39.36561226826017,-76.74777388536098
8,40.156803,-76.3815
8,33.790554,-118.099236
8,33.495090000000005,-111.995461
8,39.262477,-76.672298
8,29.547915000000003,-95.160271
8,40.740856,-73.898758
8,40.790791,-73.388763
8,32.744671000000004,-96.648369
8,40.08226,-83.141808
8,34.003265,-118.411209
8,34.031310999999995,-81.12133
8,42.41283,-71.102074
8,37.766434,-122.219193
8,34.077381,-117.199501
8,36.230862,-82.60495
8,40.73465,-74.12491
8,33.300961,-81.031921
8,42.002602,-88.203369
8,29.575781,-98.340043
8,35.47861500000001,-97.463997
8,26.44491,-80.08974
8,32.864857,-117.207806
8,29.8465,-95.452583
8,29.694126,-95.4077
8,28.375523,-82.55114
8,28.28780900000001,-82.68231999999998
8,35.832987,-78.698528
8,37.51540900000001,-120.798183
8,38.020098,-79.149023
8,42.224186,-83.651619
8,26.664414,-81.887103
8,38.63016500000001,-90.306343
8,40.186481,-74.743713
8,35.0503,-80.86796
8,37.474594,-122.280251
8,34.437302,-117.325844
8,34.04507518,-118.4451592
8,28.05188,-82.35556
8,41.649372,-72.67235600000002
8,39.63619351368124,-76.67129874192872
8,35.480179,-97.516029
8,34.88203,-82.41906
8,32.368171999999994,-86.298119
8,43.146599,-77.632874
8,31.560235,-97.117643
8,45.514511,-122.794769
8,37.294281,-121.938446
8,42.76055,-73.76342
8,38.639603,-78.608538
8,41.778071999999995,-72.618027
8,40.665985,-73.74101999999998
8,35.020374,-81.962921
8,26.72481,-80.082567
8,28.468515000000004,-80.80542
8,40.923061,-73.822807
8,39.85556,-85.991539
8,35.052219,-89.82952900000002
8,33.710907,-117.954508
8,26.018279999999997,-80.175758
8,25.785145,-80.264
8,40.687153,-73.614441
8,39.84226,-86.25574
8,39.759544,-84.191811
8,32.743259,-97.062424
8,33.52493,-117.66781
8,34.135906,-79.780846
8,46.32579445816838,-95.1756870742074
8,35.606586,-120.6922
8,37.639396999999995,-122.405548
8,40.48027,-122.293259
8,42.17149000000001,-87.949577
8,27.81728,-82.74971
8,29.677441,-95.476677
8,37.151161,-121.747978
8,36.969251,-122.116672
8,36.822918,-119.61911
8,38.709352,-77.222413
8,30.229218,-97.883095
8,36.178699,-86.75083199999996
8,32.868053,-96.6679
8,42.345112,-88.068771
8,43.15003,-77.85627
8,29.48525200000001,-98.592575
8,38.241962,-85.503845
8,33.363708,-111.960808
8,25.717663,-80.318474
8,47.523506,-122.278923
8,32.705681,-96.908691
8,30.679971999999996,-87.990105
8,39.097183,-76.801727
8,44.899824,-122.941181
8,40.496704,-74.444313
8,32.809870000000004,-83.65625
8,40.713928,-73.73230699999998
8,42.323761,-83.41828199999998
8,25.820585,-80.277489
8,42.96163,-85.67739
8,39.420551,-77.484131
8,37.736916,-75.646843
8,34.018707,-117.506622
8,34.171246000000004,-118.518021
8,33.48425,-112.11319
8,33.844688,-78.65638
8,34.904652,-82.98719799999998
8,39.798008,-84.18937700000002
8,26.528175,-81.852631
8,35.834255,-78.76890999999998
8,43.06326,-76.15896
8,41.17837100000001,-90.332375
8,28.351658,-81.335548
8,32.69646049,-96.62910104
8,37.496746,-77.560356
8,28.559054999999997,-81.124336
8,33.879843,-117.552751
8,44.480713,-93.291789
8,26.115097,-80.316734
8,32.798415999999996,-96.814651
8,37.873577,-122.306023
8,34.522960999999995,-82.683128
8,42.984654,-85.667388
8,41.843613,-87.631393
8,39.853138,-85.389364
8,37.125561,-93.461983
8,33.378208,-111.97406
8,33.599442243415844,-117.46023058835289
8,33.435871,-111.902557
8,26.165964,-80.159829
8,40.282551,-75.392174
8,32.792656,-96.624413
8,41.210228,-111.997154
8,28.461039000000003,-82.533905
8,41.455551,-81.714607
8,39.958031,-75.163872
8,36.184188,-86.79809399999998
8,25.84247,-80.3218
8,33.971835999999996,-118.377792
8,42.197659,-87.931763
8,38.719499,-76.98985400000002
8,34.12007,-117.8373
8,29.745222,-95.356476
8,26.447437,-82.038239
8,26.16468,-80.23201
8,29.704596999999996,-95.557411
8,38.02449,-84.453941
8,29.755131,-95.360031
8,42.747755,-83.493971
8,37.83851,-120.924747
8,39.977394,-83.150467
8,41.639716,-77.301326
8,43.2547,-123.35981
8,42.470367,-71.245125
8,38.620068,-90.189575
8,29.996909999999996,-90.144875
8,35.13089,-89.867783
8,32.924087,-96.769299
8,45.493763,-123.661804
8,33.756190999999994,-78.866188
8,34.672916,-83.016113
8,30.412857,-97.696808
8,28.027781,-82.21593399999998
8,37.549759,-77.39157900000002
8,33.43667,-117.61868
8,35.788792,-78.583366
8,33.49369,-112.401138
8,45.16296029069346,-117.86734700146738
8,36.080202,-86.901865
8,37.583088,-122.050171
8,40.891454,-72.435381
8,29.636787,-98.45665
8,33.973068,-83.852928
8,34.050982,-118.006003
8,40.863926,-73.822243
8,30.5343,-85.394478
8,31.670394,-94.36575
8,36.763008,-76.26825
8,46.50565266587015,-93.53726506188612
8,40.719883,-73.40553299999998
8,32.191345,-110.916542
8,36.19656,-119.76239
8,33.759319,-117.806374
8,34.14587,-81.237892
8,26.60825,-81.755943
8,32.78413,-96.810883
8,38.517658,-121.513428
8,34.04423,-118.292539
8,32.81102,-83.65602700000002
8,30.22921,-97.888268
8,39.769996,-86.269137
8,32.444107,-80.994911
8,28.091859999999997,-82.51709699999998
8,44.499746560838226,-117.37032294217408
8,30.412755,-97.703987
8,40.083729,-75.14222
8,25.708799,-80.284041
8,41.860458,-87.982559
8,40.703671,-73.915115
8,43.655461,-116.354134
8,44.487453,-87.958069
8,34.039051,-84.311317
8,47.837143,-122.261047
8,42.381744,-83.410965
8,39.67828,-104.993492
8,41.87162,-87.75895
8,26.634838,-81.803062
8,32.79139,-96.625094
8,40.80877,-73.16601999999997
8,42.384759,-87.96333
8,41.913631,-87.998253
8,35.90405300000001,-84.87334399999997
8,28.436222,-81.368369
8,30.252489,-92.193123
8,32.917142,-117.11576200000002
8,32.406975,-85.958344
8,29.859090999999996,-95.362801
8,35.90889,-78.741821
8,33.038288,-80.148521
8,39.330921,-77.684608
8,36.189171,-115.07991
8,38.727147,-121.287533
8,43.593582,-116.434151
8,42.840942,-74.008453
8,34.876438,-82.32283000000002
8,39.93878960590392,-104.98774409244066
8,44.765609999999995,-93.217415
8,34.30308222754333,-118.48007082882653
8,32.147651,-103.325021
8,32.366183,-86.290456
8,34.712294,-81.59159
8,33.78471,-84.39081999999998
8,37.657421,-77.450455
8,41.635811,-88.161911
8,36.114369,-86.72453
8,33.753735,-117.188412
8,32.781372,-83.664587
8,40.066391,-75.31333199999997
8,29.734514,-95.389832
8,36.845852,-76.183029
8,35.507809,-97.512482
8,33.818459000000004,-84.25032
8,42.474529,-83.15463299999998
8,41.495327,-95.807526
8,27.110942,-82.342973
8,34.564910999999995,-82.626152
8,40.561417,-80.206642
8,25.861093,-80.204545
8,31.381581,-89.368214
8,26.460565999999996,-80.09365799999998
8,40.72147,-73.247803
8,26.149599,-80.129112
8,32.783569,-96.897057
8,48.847748,-122.576538
8,37.349609,-82.043358
8,37.63279,-121.801941
8,41.651917,-87.581734
8,42.312706,-71.38446
8,39.77383,-86.228043
8,32.96230300000001,-96.804482
8,33.309779999999996,-111.841476
8,32.717777000000005,-117.11425
8,40.638286,-74.02115
8,33.633377,-84.30435200000002
8,38.009831,-122.228158
8,39.418198,-76.632485
8,39.059288,-84.537094
8,30.234062,-97.86467
8,33.945467,-118.368526
8,34.872710999999995,-82.329262
8,29.699829,-95.382072
8,33.804984000000005,-84.383149
8,35.20284,-80.8439
8,37.866753,-122.303642
8,28.555439,-81.413969
8,38.935156,-77.18969200000002
8,38.17849,-90.622009
8,37.77641,-122.164033
8,37.60574,-77.516258
8,38.963772,-76.21599599999998
8,37.91953,-122.33178
8,39.590721,-104.799744
8,46.873122,-96.940516
8,40.773371,-73.676071
8,33.975819,-81.178658
8,41.869747,-75.71614100000002
8,33.430126,-112.238441
8,29.73068,-95.484161
8,38.882019,-77.118134
8,37.49375300000001,-77.013363
8,34.36097,-118.50571399999998
8,29.425146,-98.461151
8,39.81206,-74.41093000000002
8,34.007422999999996,-118.156548
8,42.927814,-85.681854
8,29.570287,-98.651041
8,35.155840000000005,-80.793832
8,33.926926,-81.28999300000002
8,41.067799,-73.493172
8,42.018589,-88.313942
8,28.14892,-82.695709
8,41.85984000000001,-88.02702
8,39.092438,-84.477783
8,44.084247999999995,-123.04133600000002
8,40.783321,-73.62293199999998
8,40.683128,-75.28850600000001
8,25.718747,-80.291105
8,32.67618,-97.036339
8,33.781381,-117.21248
8,39.808315,-76.94706
8,28.53837,-81.35598
8,37.638271,-120.902397
8,40.161235999999995,-111.646736
8,39.97435,-75.11859
8,32.781371,-96.77073
8,43.180939,-77.631737
8,32.932846000000005,-96.821938
8,48.763039,-122.460579
8,39.808361,-86.161377
8,36.27920200000001,-82.519417
8,41.03981,-81.504868
8,32.924351,-80.502663
8,34.279289,-79.311623
8,39.764301,-84.1894
8,28.651876,-81.243034
8,29.720345,-95.354866
8,33.42244,-82.034081
8,47.24335900000001,-122.433899
8,33.744976,-84.390343
8,35.32859000000001,-80.783455
8,34.102246,-118.249791
8,39.944809,-82.87782299999998
8,34.74437,-80.625816
8,41.831169,-88.010757
8,42.461517,-79.30999
8,39.96021,-75.18097
8,39.836418,-104.744179
8,30.367390000000004,-97.70623
8,25.734259,-80.385193
8,36.31286400000001,-119.292024
8,39.325653,-120.597733
8,41.883202,-87.639763
8,41.241191,-81.000904
8,36.322726,-119.313911
8,34.039394,-81.09461999999998
8,42.791893,-73.76187900000002
8,31.19046,-85.40155
8,33.797134,-118.108017
8,40.479335,-86.855328
8,37.37603545171081,-121.93857550562888
8,36.113819,-86.809189
8,41.885949,-112.494479
8,45.114164,-121.571426
8,30.352125,-97.41198
8,42.970245,-73.80193299999998
8,43.08968,-88.040329
8,30.073602,-81.864519
8,30.27032100000001,-97.754578
8,35.033046999999996,-80.969803
8,35.53152100000001,-97.580063
8,41.939651,-87.673546
8,27.298779999999997,-82.458168
8,40.880619,-73.436691
8,32.846733,-117.184525
8,41.840019,-71.411263
8,40.752689,-73.81594100000002
8,32.80611,-96.852379
8,33.661175966102306,-86.57787680584629
8,42.487068,-83.47573100000002
8,41.72366,-88.00811
8,36.112749,-80.069705
8,34.068028000000005,-117.60353
8,32.77825900000001,-96.806778
8,47.992176,-122.181274
8,41.662102,-87.71916999999998
8,41.83704,-87.675911
8,41.80036,-71.32616999999998
8,28.189167,-82.398909
8,41.028576,-74.251839
8,39.03837,-94.33649
8,44.883274,-93.296021
8,41.819618,-88.065628
8,34.902851,-81.14694200000002
8,33.425358,-86.956024
8,39.027522999999995,-94.248604
8,40.73246,-74.221352
8,33.073532,-117.07029
8,45.264271,-93.555801
8,32.713299,-117.14023600000002
8,41.806759,-88.03846
8,32.8978,-96.720354
8,32.766059999999996,-96.778168
8,45.03746,-93.0495
8,41.319576,-73.718796
8,26.133743,-80.260262
8,25.656495,-80.41090600000003
8,43.454672097952574,-73.36400628054923
8,39.612991,-84.182823
8,41.985531,-87.655212
8,32.788803,-96.764297
8,40.138285,-75.552787
8,34.878409000000005,-82.355513
8,38.02815,-122.53783
8,40.472435,-80.004784
8,41.817081,-87.923073
8,30.132519,-97.855711
8,41.146853,-96.178393
8,42.479927,-71.11506700000002
8,44.97203,-93.25146
8,30.215094,-81.51377099999998
8,34.143634999999996,-118.171028
8,37.584404,-121.873306
8,41.321232,-124.039169
8,27.990864,-82.7295
8,38.531368,-121.451958
8,29.200991,-81.071022
8,39.872078,-84.888542
8,37.529331,-122.273697
8,31.389942,-89.377472
8,33.826034,-118.206565
8,33.928523999999996,-118.239166
8,33.770657,-84.23304300000002
8,35.79296,-78.5848
8,43.013867139611165,-74.92844223940406
8,40.149532,-75.29203000000003
8,39.59663,-84.2291
8,29.754021,-95.354546
8,29.613632,-95.419594
8,40.144056,-75.464611
8,39.786388,-86.135635
8,33.970535,-118.230225
8,30.647890000000004,-88.120674
8,37.976318,-84.464851
8,37.701716999999995,-121.889565
8,29.785128000000004,-95.666718
8,37.552525,-77.47882800000002
8,35.502860999999996,-80.863762
8,35.32736420614563,-80.84816336593222
8,39.359764,-119.85331
8,39.744746,-121.832333
8,34.144249,-79.770638
8,37.453522,-77.489326
8,38.882381,-104.757034
8,36.17357,-86.86968
8,46.52406,-95.375187
8,42.277592,-88.15471600000002
8,27.477106,-82.563057
8,41.07983,-73.92206
8,40.18391,-75.092567
8,33.567558,-112.129997
8,41.292931,-73.868195
8,30.20039,-97.762009
8,42.59348,-114.741168
8,33.92890334113155,-118.28703761044363
8,38.270199,-85.615646
8,39.576424,-76.67675
8,40.349823,-111.768524
8,38.124599,-85.614677
8,36.139301,-95.96711
8,35.82542,-78.62152900000002
8,34.124962,-81.233971
8,34.252357,-77.957153
8,30.464569,-91.156219
8,33.465065,-112.255241
8,40.511936,-78.40789000000002
8,25.928351,-80.293413
8,45.019836,-92.984718
8,39.752071,-89.749794
8,41.878414,-87.617287
8,28.515348,-81.593189
8,42.496212,-83.358414
8,37.699265,-121.92952
8,40.039989,-76.372261
8,32.687096000000004,-96.823303
8,42.387234,-83.184937
8,40.689617,-73.57560699999998
8,28.585772,-81.245087
8,34.651759999999996,-82.78384399999999
8,34.882638,-117.062593
8,44.968178,-93.270088
8,39.651278999999995,-77.923668
8,39.023808,-84.48075899999998
8,39.972038,-104.827232
8,38.185944,-85.811874
8,40.818176,-73.961311
8,28.541344,-81.371414
8,40.017868,-75.048485
8,26.935159999999996,-80.094078
8,43.984369,-121.491658
8,41.101997,-73.992783
8,37.610802,-77.51949300000003
8,34.010075,-84.567451
8,35.723251,-78.87728100000002
8,39.67495,-75.728607
8,29.865662,-95.500183
8,34.098995,-80.957748
8,33.924614,-118.10405
8,40.087747,-75.364417
8,38.58225,-104.666358
8,45.291556119702854,-93.55490326836798
8,33.97739,-81.228157
8,47.701542,-122.371422
8,40.684299,-73.37056700000002
8,35.204483,-80.818535
8,39.88699,-105.071686
8,34.97854,-92.14496
8,35.31404000000001,-80.76380999999998
8,38.953979,-83.02340699999998
8,34.275771999999996,-118.470848
8,37.69032,-122.12347
8,43.168071999999995,-77.61090899999998
8,41.047134,-73.803886
8,30.4219,-91.07928
8,38.951778,-77.196114
8,35.45735900000001,-78.39067800000002
8,30.706765,-96.397179
8,42.175674,-88.074455
8,37.95695900000001,-122.053314
8,35.415878,-97.547958
8,39.142178,-76.754982
8,34.144572,-117.268838
8,36.10844,-86.72183199999998
8,33.231342,-117.020554
8,36.216808,-86.692406
8,36.833813,-76.13726
8,33.74071,-117.83391
8,34.05538,-118.187888
8,37.678123,-122.38825
8,35.04274,-89.85652900000002
8,30.384298,-91.064819
8,40.139923,-76.599678
8,41.350125,-74.276087
8,40.69763,-111.7954
8,40.176659,-74.917488
8,41.591183,-72.39402
8,39.666367,-105.029884
8,42.116482,-73.71270799999998
8,39.73724,-86.159019
8,40.78377,-73.62621999999998
8,42.4647,-87.88150999999998
8,40.179203,-75.180534
8,32.177881,-110.965854
8,37.307119,-121.820399
8,34.57703,-83.024162
8,41.468918,-81.78984100000002
8,38.2141,-91.16969
8,41.858982,-88.091972
8,29.44377,-98.47783
8,34.024108,-118.270539
8,32.647144,-96.781181
8,35.594589,-97.510002
8,42.277424,-83.156548
8,26.10097,-80.16851
8,37.89579000000001,-121.712708
8,39.773361,-104.845108
8,25.916679,-80.324883
8,39.286903,-84.429176
8,35.187141,-118.851051
8,43.105495,-89.3022
8,33.560234,-84.544976
8,30.429191999999997,-97.701256
8,25.730023000000006,-80.34357800000002
8,36.757465,-119.691132
8,36.322979,-119.64518
8,42.277599,-87.924934
8,30.560011,-87.328934
8,45.51557,-122.79831
8,33.80398,-84.04316
8,37.083385,-120.382683
8,25.858715,-80.208402
8,25.964199,-80.16585500000002
8,25.80922,-80.3245
8,33.022709000000006,-117.227158
8,39.769131,-75.59976999999998
8,38.882247,-77.02773
8,30.49507,-91.047829
8,32.25407,-81.701859
8,26.666,-80.07253299999998
8,40.760662,-74.98127
8,34.28884,-118.46519
8,40.07822,-74.15596
8,36.141048,-86.71929899999998
8,37.742908,-121.53363
8,34.11355,-118.33642
8,32.89922,-80.02122
8,33.931959,-118.28
8,40.724686,-111.944572
8,32.647388,-96.781166
8,29.718421999999997,-95.320831
8,39.68049600000001,-75.10797099999998
8,44.89006,-93.35
8,41.517498,-72.48485600000002
8,36.089828,-96.011642
8,32.71282,-117.101663
8,25.99876,-80.13664200000002
8,33.766178000000004,-84.385986
8,26.02459,-80.22058100000002
8,27.990829,-82.722946
8,36.120777,-95.886497
8,34.282097,-118.78363799999998
8,37.569487,-77.475263
8,29.626834999999996,-95.255959
8,35.816204,-78.690453
8,40.739174,-74.062706
8,42.285007,-71.340836
8,39.133816,-121.589264
8,39.75737,-84.23048399999998
8,40.112156,-83.035072
8,43.052608,-83.60662099999998
8,40.122868,-75.342621
8,40.524902,-74.244354
8,25.733769,-80.367768
8,38.622643,-121.233192
8,39.160225,-94.641098
8,42.84716248491837,-78.79155278168301
8,42.175461,-87.999481
8,29.895224,-95.300873
8,35.27219,-80.85431
8,41.852093,-88.05279499999996
8,34.186654,-118.932196
8,38.905761,-77.077249
8,40.555019,-74.210892
8,45.695724,-110.308709
8,36.175327,-86.76724499999997
8,38.746712,-75.793869
8,29.677985999999997,-95.602776
8,41.647732,-93.772438
8,39.302254,-76.90978199999998
8,42.200409,-87.90612
8,28.493113,-82.540123
8,38.44521,-122.60498
8,37.34722,-121.84173
8,30.45942100000001,-81.649345
8,32.785103,-79.956254
8,35.33439600000001,-80.82151
8,41.823238,-87.723907
8,41.566231,-87.744568
8,34.032497,-118.220685
8,32.71314,-97.3205
8,37.354122,-121.866264
8,37.788197,-122.19899
8,34.155726,-118.428188
8,28.49229,-81.433685
8,43.14278,-77.628967
8,29.774086,-95.456175
8,35.7215,-78.901016
8,36.945747,-80.94873
8,25.78446,-80.24334
8,39.098591,-84.52125500000002
8,37.336596,-121.85723
8,33.572701,-81.83551800000002
8,29.971728999999996,-95.426727
8,39.957676,-105.165504
8,37.79945,-122.22143
8,33.771796,-117.990702
8,40.00021,-75.80903599999998
8,28.526781,-81.459126
8,39.967468,-76.699951
8,28.027182,-82.18695100000002
8,36.30262000000001,-86.703163
8,25.956924,-80.29454
8,32.942039,-96.660896
8,40.785675,-73.114311
8,34.18695,-78.79012
8,29.842440000000003,-95.431839
8,32.17783,-110.968292
8,33.451248,-111.890312
8,25.93032,-80.293364
8,33.932812,-118.29908799999998
8,40.129189,-75.422646
8,40.19334,-110.075111
8,36.15609,-95.996689
8,35.91140700000001,-78.651337
8,41.25529,-73.808148
8,38.427612,-122.769173
8,38.912784,-94.697018
8,40.485144853398864,-74.39916729891587
8,40.065975,-80.024401
8,33.57246,-112.11692
8,41.618778000000006,-70.539413
8,33.52618,-86.802231
8,35.86691300000001,-78.597862
8,38.433285,-122.723595
8,45.03753,-93.03652
8,41.972396,-88.20698
8,34.061382,-118.166992
8,41.74968300000001,-71.441383
8,34.801617,-82.427925
8,37.344582,-121.885353
8,40.812393,-74.011581
8,33.741806,-117.837532
8,41.263611,-96.082657
8,38.89571070652534,-75.82254052126014
8,25.786017,-80.189243
8,40.257469,-75.7286
8,39.104664,-94.761848
8,34.800979999999996,-82.206261
8,39.044964,-94.656151
8,44.218136,-88.47229
8,36.419971,-82.501419
8,30.316686,-81.675915
8,34.880711,-86.568077
8,41.763702,-72.654083
8,42.242306,-71.027573
8,41.078693,-73.985123
8,40.861725,-73.138908
8,40.623238,-75.57703599999998
8,37.06649,-121.219147
8,35.909077,-82.55767800000002
8,40.76342,-73.840752
8,32.766247,-96.597137
8,40.631901,-111.889984
8,39.440482,-82.439247
8,29.438782,-98.47744
8,44.107799,-92.24475
8,27.388572999999997,-82.44858599999998
8,43.160522,-77.753807
8,29.601124,-95.216026
8,33.224049,-87.57663000000002
8,39.921726,-75.190651
8,33.648988,-112.114802
8,30.062728000000003,-81.87404699999998
8,42.188457,-87.928528
8,34.710217,-86.590324
8,34.114602000000005,-117.979776
8,45.53334,-122.579048
8,36.09589,-86.717552
8,36.14545800000001,-86.874207
8,35.092194,-80.933662
8,32.139339,-80.811989
8,30.102276,-81.70552099999998
8,33.577831,-112.233376
8,37.162453,-121.99118
8,37.996918,-84.464073
8,33.098240000000004,-79.804008
8,34.728677000000005,-112.147806
8,33.088341,-83.152107
8,37.397652,-77.656769
8,38.259705,-122.061424
8,33.912085999999995,-84.379356
8,39.807757,-75.104606
8,39.442654,-122.013905
8,39.45219,-85.626595
8,30.156549,-81.632599
8,47.61681,-122.18852
8,44.12488102891863,-92.52167344049204
8,28.236626,-82.3545
8,33.476209999999995,-117.138923
8,34.066536,-117.509979
8,39.610279,-105.016228
8,33.743266999999996,-84.368134
8,35.73769799999999,-78.61284599999998
8,34.154282,-81.52969399999998
8,33.313332,-79.983002
8,39.835677,-84.18966
8,30.150623,-89.85850500000002
8,27.853557,-82.823566
8,34.385281,-82.583618
8,40.82436,-73.87236
8,47.532219,-122.197449
8,39.121604999999995,-76.54840899999998
8,34.693031,-82.980202
8,29.66058300000001,-95.59787
8,32.41843,-93.736603
8,27.968388,-82.401611
8,36.126095,-86.72782099999998
8,40.244061,-75.630562
8,29.930201,-81.68701899999998
8,38.850597,-77.129768
8,45.547398,-122.560127
8,28.75087000000001,-82.10435
8,29.69026,-95.551193
8,40.479717,-111.90291
8,39.845779,-86.38333100000001
8,32.170034,-110.789725
8,42.528896,-83.126099
8,35.377311999999996,-97.30014
8,32.583714,-117.03717
8,41.079597,-73.985573
8,39.801949,-84.254112
8,34.178875,-118.31086
8,32.74276,-96.787018
8,26.11366,-80.31045
8,35.106555,-106.625246
8,45.065308,-93.202232
8,39.782887,-86.157478
8,38.222775,-85.505814
8,34.157745,-118.45211
8,45.470112,-122.684166
8,41.029251,-80.61556999999998
8,30.237323999999997,-97.822952
8,34.509251,-82.08384699999998
8,38.446026,-90.312917
8,39.134041,-94.498826
8,38.657709,-121.363421
8,30.227814,-97.756294
8,40.73223,-73.92532
8,36.706631,-119.844498
8,34.15218,-81.253422
8,40.753559,-73.744415
8,33.563192,-117.64818
8,32.94415,-96.82257
8,37.327511,-120.251678
8,38.574103,-121.390303
8,29.476629,-98.59391
8,42.68679,-73.80187
8,41.769859,-72.675003
8,40.214962,-75.373886
8,32.791458,-96.746506
8,42.003017,-88.026436
8,38.651912,-123.399446
8,32.739738,-97.774063
8,35.746368,-78.58612099999998
8,34.161097999999996,-118.469612
8,35.486092,-97.632133
8,37.38055,-121.958458
8,38.643411397749695,-121.43359064997942
8,33.48558,-80.47148100000003
8,28.472410440309176,-81.44472956618573
8,26.690718,-80.06658900000002
8,36.079521,-86.644577
8,30.311876,-97.709358
8,33.519690999999995,-117.620247
8,38.96869,-92.53117
8,41.79365900000001,-87.695
8,36.786625,-121.668259
8,42.239952,-87.87162
8,29.44523,-98.48011
8,30.5109,-87.23806
8,38.524944,-121.448507
8,39.056324,-77.15448
8,29.723055,-95.501068
8,38.875492,-76.97528100000002
8,39.76556,-84.215118
8,28.577709,-81.46775799999998
8,28.257324,-81.493179
8,38.130199,-85.847847
8,35.266174,-80.73164399999997
8,40.73192954,-74.13019538
8,33.805606,-117.880352
8,35.072563,-90.008514
8,40.875587,-73.99045600000002
8,41.248737,-96.024055
8,43.157379,-77.638878
8,38.758015,-90.432762
8,34.095741,-117.488838
8,39.756964,-84.203024
8,32.921715,-96.786191
8,35.02672076208579,-85.30466437299107
8,32.348152,-111.012672
8,33.980013,-118.25643
8,41.99930300000001,-121.62241000000002
8,39.68755,-104.987518
8,33.912663,-118.361275
8,41.76837,-88.04184000000002
8,33.442627,-112.42691
8,36.042889,-86.606483
8,42.489758,-73.677544
8,27.702669,-82.373665
8,41.234221999999995,-96.081429
8,37.914589,-122.317551
8,29.981833,-95.341606
8,32.052731,-81.098083
8,43.173426,-77.680679
8,30.421,-91.140518
8,38.89199,-77.21715
8,40.085697,-82.866547
8,40.525417,-74.20096600000002
8,40.065689,-75.347427
8,39.29189,-76.55371
8,38.508926,-90.00922299999998
8,33.451023,-111.968842
8,45.03677,-93.06781
8,32.990874,-117.071975
8,35.06459,-80.84679399999997
8,33.393505,-86.784775
8,39.0481,-119.181427
8,32.893584999999995,-96.710556
8,35.897682,-78.78583499999998
8,38.9007,-77.048828
8,40.005264,-75.285767
8,32.385241,-80.90865699999998
8,25.70388,-80.297634
8,41.726334,-72.82486
8,26.61751,-80.173645
8,26.229614,-80.181046
8,34.028396,-117.965678
8,38.075802,-84.45616899999997
8,41.689129,-72.650818
8,39.752178,-75.580109
8,42.242199,-71.027603
8,35.31118,-80.712242
8,35.686275,-78.60412600000002
8,45.881663560648526,-111.42912268585476
8,26.01846,-80.167089
8,33.807442,-81.85635400000002
8,33.793997999999995,-117.230075
8,35.990623,-83.90255
8,25.92536,-80.29029799999998
8,42.16272,-87.873589
8,37.575981,-77.458237
8,40.655482,-74.006338
8,43.061981,-83.684464
8,40.995148,-73.882286
8,36.83884000000001,-76.159576
8,31.107033,-81.49108299999997
8,35.258793,-80.873192
8,34.042975,-118.217073
8,37.5872,-77.47134399999999
8,34.687759,-82.86215200000002
8,38.684875,-121.339478
8,37.05149,-120.642439
8,27.446196,-82.505524
8,39.77177,-84.07770500000002
8,32.980637,-96.663948
8,28.451047,-81.355551
8,38.72825,-77.50347
8,44.19598,-93.611855
8,40.630417,-73.885933
8,26.443608,-80.089184
8,34.231464,-118.402596
8,39.546116,-119.788116
8,28.076667,-82.708639
8,32.700741,-96.814651
8,34.546581,-82.80708299999998
8,47.580242,-122.174667
8,36.533907,-119.29579
8,33.538055,-112.216118
8,29.70212,-95.29549
8,44.0549,-121.26251
8,32.660789,-96.831909
8,27.95669,-82.46048
8,42.065794,-87.867541
8,32.81366,-96.75303
8,38.67046,-90.599564
8,40.061699,-75.440887
8,34.573357,-82.71174599999998
8,41.529964,-73.810356
8,34.072258000000005,-117.926727
8,40.82361,-73.00518000000002
8,41.551186,-73.039635
8,35.204464,-80.818497
8,37.163221,-93.277018
8,44.974887,-84.97027
8,45.29018,-122.94758
8,38.330296,-75.410156
8,41.420738,-81.798569
8,39.75386738758204,-121.84478402079657
8,41.869789,-88.20459
8,26.651842,-80.231461
8,30.394509999999997,-97.845497
8,39.025112,-77.39173100000002
8,30.232298,-97.73692
8,33.752514,-84.231735
8,38.929977,-76.89895600000001
8,34.443883,-119.201073
8,40.083363,-74.9347
8,29.669153,-95.262543
8,40.968857,-73.81710799999998
8,28.553156,-81.356176
8,45.81980109192934,-108.34814429231476
8,39.175274,-84.488876
8,32.957687,-79.935638
8,41.897732,-88.106789
8,40.075806,-75.285606
8,28.600475,-81.418299
8,36.140663,-86.665421
8,40.73923900000001,-73.295288
8,30.399616,-91.116722
8,34.06971,-117.866898
8,33.820107,-117.876265
8,41.022999,-96.155273
8,28.551277,-81.493927
8,34.315723,-119.294174
8,34.006864,-81.123369
8,33.744976,-84.390343
8,36.630852,-121.671867
8,41.327698,-73.655746
8,30.458665999999997,-97.822441
8,33.3533,-111.97138
8,27.949379,-82.52699
8,27.894716,-82.691733
8,44.89029,-93.28835
8,41.139324,-74.169876
8,39.95983,-75.1774
8,41.063855,-76.43139000000002
8,40.121868,-76.233238
8,35.10696,-106.620422
8,41.69004,-83.52068
8,39.011105,-76.903145
8,36.207282,-86.785383
8,41.838348,-87.630669
8,39.787334,-84.23824300000003
8,34.152725,-118.098373
8,27.57156,-82.49533100000002
8,29.80355,-95.28137
8,29.671587,-95.531448
8,45.840458,-119.667351
8,28.510139,-82.58000899999998
8,42.346882,-71.060677
8,37.127804,-93.461586
8,29.481564,-98.526146
8,37.182857,-122.004594
8,30.484641,-91.153711
8,33.913786,-117.397945
8,35.084920000000004,-85.07136
8,42.53765900000001,-71.24344599999998
8,25.900579,-80.385345
8,38.91348,-76.850658
8,28.204449,-82.52495400000002
8,39.176651,-94.56266
8,37.721802,-121.509567
8,34.06445145590752,-118.00549149456975
8,37.626082,-77.550158
8,41.171219,-73.192627
8,30.426268,-97.753639
8,41.669704,-72.833702
8,39.983843,-85.942481
8,39.725765,-105.000305
8,37.388351,-121.867264
8,35.029385,-82.100533
8,35.165397999999996,-80.87769300000002
8,29.767462,-95.344437
8,36.16481,-86.767967
8,33.010521000000004,-96.843536
8,45.494068,-122.933594
8,33.749306,-117.80748
8,34.048621999999995,-81.10421
8,39.260452,-84.337868
8,36.082785,-86.628697
8,39.785191,-105.081772
8,45.75218796708225,-111.85660242981024
8,35.205666,-89.73275
8,39.659454,-77.73667900000002
8,40.527336,-74.29995699999998
8,39.963273,-77.577763
8,38.89824271183539,-77.91798949204484
8,37.581059,-77.49385799999997
8,31.261463,-89.338676
8,34.376762,-118.494057
8,34.878609000000004,-82.447243
8,28.15542,-82.525414
8,42.361678999999995,-83.56770300000002
8,28.027067,-82.152771
8,37.73312,-122.412346
8,35.720264,-78.844864
8,30.68182,-87.993484
8,40.525604,-74.23037
8,42.320629,-71.07504300000002
8,39.829291999999995,-75.00071
8,38.682713,-121.33628799999998
8,28.054476,-82.41624499999998
8,34.029697,-118.256065
8,43.111839,-75.281898
8,34.349228000000004,-81.089066
8,29.6001,-95.287773
8,37.915211,-122.065819
8,42.017841,-87.806572
8,38.08036,-78.98576
8,38.19442,-83.47393000000002
8,25.685959,-80.38938900000002
8,41.088913,-96.080994
8,41.08465800000001,-73.45988299999998
8,33.886581,-117.50592
8,26.334881,-81.762627
8,41.595797999999995,-93.639946
8,25.624523,-80.371246
8,28.451014,-81.359367
8,29.551943,-98.355598
8,39.127834,-76.641121
8,38.790131,-77.17366
8,30.51894,-87.31315
8,37.83843,-122.22202
8,45.616228,-94.525506
8,34.824109,-82.256343
8,39.729313,-105.014862
8,33.612343,-117.705116
8,39.825741,-86.045898
8,30.407884999999997,-97.674561
8,38.671032,-121.550011
8,40.13717000000001,-83.017038
8,34.093418,-78.907738
8,38.524881,-121.465881
8,39.401996999999994,-76.567993
8,29.572618,-98.596565
8,41.874748,-71.38063000000002
8,35.50765999999999,-97.570084
8,26.00824200000001,-80.213699
8,40.685491,-74.162869
8,33.978149,-81.129738
8,35.820583,-78.637077
8,29.973843,-90.05365
8,41.877819,-93.571083
8,33.634254,-80.875694
8,29.853440999999997,-82.536392
8,25.896783,-80.256345
8,39.064392,-76.64412
8,30.381611,-81.67259200000002
8,42.97031,-87.9153
8,47.258533,-122.26001
8,38.674925,-78.413422
8,39.99808,-83.02675
8,41.90963,-88.167168
8,33.668037,-84.340233
8,33.975071,-80.397469
8,40.620715999999994,-111.903893
8,36.11880900000001,-95.940269
8,34.667286,-86.76915
8,40.88395300000001,-73.957313
8,42.17046,-93.57087
8,37.732376,-122.404999
8,30.382869,-97.765788
8,42.998039,-85.635612
8,33.94095,-118.09827
8,35.934818,-84.016304
8,33.98932,-117.84303
8,38.79572,-77.1389
8,43.034779,-89.443596
8,35.372298,-85.970584
8,37.635277,-77.499954
8,41.724567,-71.480438
8,35.35849,-80.84306
8,41.371647,-75.571465
8,42.45068,-82.917381
8,32.787601,-79.789375
8,36.092056,-79.996269
8,32.266129,-90.134323
8,34.067661,-117.584343
8,33.65443,-86.82996
8,30.194349,-92.058128
8,44.036264,-94.177791
8,43.041233,-83.595886
8,29.915033,-95.412697
8,41.96888,-87.669449
8,35.043442,-81.614449
8,32.289260999999996,-90.240166
8,39.787899,-86.209572
8,32.921644,-96.838088
8,25.837973,-80.20614599999998
8,44.96423,-93.24097
8,33.38562,-111.94573
8,38.232738,-121.280258
8,41.20885,-95.94917
8,37.005806,-76.436066
8,35.276443,-120.711571
8,33.494831,-112.203232
8,35.21556,-80.9232
8,40.987644,-73.66999100000002
8,41.764923,-72.692139
8,30.36714000000001,-81.66922
8,26.706161,-80.0755
8,28.554899,-82.38871
8,32.74538,-96.727104
8,28.08119000000001,-82.442787
8,34.420433,-119.703004
8,40.918831,-111.891449
8,33.117992,-111.84211
8,36.125893,-95.940224
8,29.73782000000001,-95.484291
8,30.308781,-81.645973
8,39.770579999999995,-75.046944
8,41.80307,-88.05909
8,32.274609000000005,-81.075203
8,30.027167,-90.00281700000002
8,41.88839,-88.09201800000002
8,30.229927000000004,-97.788353
8,28.572842,-81.37625
8,28.546197999999997,-81.65664699999998
8,40.666012,-73.75885799999998
8,38.877708,-77.270653
8,43.27908,-88.19136999999998
8,29.693890000000003,-95.388748
8,29.786585,-95.218681
8,42.372108,-71.266052
8,30.46847,-87.304581
8,30.390779,-97.739517
8,29.24287,-82.441292
8,35.218803,-80.686401
8,39.726055,-105.05433700000002
8,41.420975,-81.689758
8,37.825241,-122.305809
8,38.458969,-75.738022
8,34.311751,-117.476345
8,39.94313,-105.029617
8,32.765254999999996,-96.914406
8,45.047124,-93.325474
8,35.004037,-85.228945
8,34.527252000000004,-82.709435
8,45.50813,-122.7773
8,39.642189,-105.00573
8,32.736301,-96.919342
8,33.996395,-117.870232
8,32.68425,-97.06274
8,37.701691,-121.882782
8,40.80607,-73.909047
8,33.763721000000004,-118.027733
8,33.777313,-117.857597
8,40.33759000000001,-90.18982
8,33.179165000000005,-80.05403100000002
8,39.791222,-84.20839699999998
8,45.67305207230724,-120.83043694438538
8,33.47715,-112.169006
8,38.953308,-94.539772
8,40.495521999999994,-74.300186
8,30.283628000000004,-97.824581
8,42.039757,-88.311874
8,28.176722,-82.756302
8,46.668014,-93.022663
8,37.59721,-77.53756700000002
8,41.727634,-72.757538
8,35.218555,-80.81926700000002
8,28.484226,-81.396835
8,34.171071000000005,-118.504243
8,36.196381,-86.799454
8,35.062809,-81.896561
8,43.003315,-83.748947
8,34.157532,-80.8843
8,32.723169,-117.107588
8,34.067589,-117.566681
8,29.813971,-95.361183
8,39.102684,-84.498657
8,42.516609,-83.24263
8,31.792999,-106.37171200000002
8,30.268681,-81.520409
8,35.115134999999995,-80.962273
8,39.12405800000001,-84.68675999999998
8,41.785073,-86.139762
8,34.03334,-117.138817
8,40.783321,-73.62293199999998
8,40.450661,-80.023537
8,34.023354,-117.811737
8,41.14486,-96.06343
8,40.86413025836532,-73.87201666796743
8,36.571609,-119.430634
8,39.917702,-82.920624
8,35.273018,-80.842606
8,40.096934999999995,-77.81525400000002
8,37.93212,-122.40014
8,30.360323,-91.106323
8,38.900658,-77.070625
8,42.404736,-83.121724
8,36.150856,-86.760811
8,33.17157,-96.640587
8,28.292776,-80.74377700000002
8,30.537065,-87.08731999999998
8,32.756739,-117.227371
8,25.698724,-80.162418
8,34.109461,-118.261096
8,40.983028,-75.359619
8,40.207008,-75.317947
8,32.724207,-96.826448
8,47.562328,-122.339394
8,36.03743,-86.786552
8,33.843821999999996,-118.285774
8,33.781315,-84.391212
8,29.948824,-95.416687
8,36.401112,-119.654968
8,32.803165,-116.964211
8,33.9265,-117.999961
8,30.648474,-88.16114
8,40.895899,-86.285715
8,36.22725605947385,-86.77880644756901
8,38.921418,-77.544838
8,40.752655,-73.23864
8,40.095322,-75.193466
8,35.135948,-80.903458
8,25.898685,-80.324394
8,30.289534000000003,-97.865761
8,41.22879,-112.021271
8,37.64876,-122.09684
8,38.915104,-77.054681
8,35.236561,-80.838722
8,30.111804,-97.807213
8,39.808968,-84.179245
8,35.145947,-97.670395
8,43.253029,-77.696449
8,37.187832,-121.68882
8,38.641426,-121.461403
8,33.94263,-117.87306
8,42.25046500000001,-73.884209
8,40.699863,-73.506378
8,35.307434,-80.848045
8,37.742897271930005,-121.53654456080658
8,28.571159,-81.46221899999998
8,47.12515300000001,-122.546135
8,41.408943,-81.63119499999998
8,37.493672,-122.24094
8,33.668911,-112.066017
8,30.421619,-97.66568
8,33.27066,-117.098801
8,30.64488,-88.17040300000002
8,32.705006,-96.648483
8,42.416981,-83.15813399999998
8,32.729252,-96.844452
8,33.73811,-117.82664
8,38.76653,-90.18019
8,32.797329,-96.753098
8,38.811722,-77.217789
8,29.884693,-95.450714
8,37.501629,-77.34964000000002
8,37.250633,-121.83701299999998
8,35.276638,-80.808716
8,27.467489,-82.575363
8,35.148196999999996,-89.94455
8,35.420761,-97.530251
8,36.041101,-86.775116
8,43.15612,-77.612892
8,30.517574,-89.108452
8,34.216389,-119.033333
8,29.64123,-98.439957
8,27.85162,-82.34671800000002
8,39.050817,-87.409328
8,29.704968,-95.274379
8,33.176666,-117.35183
8,36.04561,-86.65845
8,40.192581,-74.602295
8,34.11768,-117.846329
8,44.69579,-95.61306
8,33.540015999999994,-81.991776
8,45.66559,-120.84960900000002
8,38.93496,-94.7292
8,38.000469,-121.824539
8,42.31147,-87.904892
8,30.519077000000006,-87.284076
8,37.268013,-113.322215
8,44.97544169404518,-123.06984543741667
8,42.937111,-85.667152
8,25.73813,-80.383636
8,44.96467,-93.22964
8,40.335529,-75.325806
8,37.575993,-121.881035
8,37.314838,-80.054672
8,38.894779,-76.977242
8,27.52142000000001,-82.553207
8,33.995155,-118.144707
8,28.554619,-81.10775
8,26.136631,-80.16950200000002
8,41.877827,-71.379097
8,32.760239,-97.118446
8,39.310139,-76.541122
8,41.98386,-88.22049
8,41.751465,-87.993286
8,32.075790000000005,-81.098991
8,47.589725,-122.276688
8,38.896887,-77.916237
8,29.770285,-95.403992
8,34.01794,-84.32696999999997
8,30.417178999999997,-91.144867
8,37.575981,-77.462738
8,34.157227,-117.471031
8,28.500256,-82.564713
8,30.407884999999997,-97.674561
8,37.628448,-77.438622
8,33.884979,-117.632566
8,41.75433,-71.437218
8,37.803791,-122.294083
8,36.19331,-86.752899
8,29.502138,-98.54213
8,35.867748,-86.457619
8,35.146584000000004,-80.631065
8,43.032967,-87.970276
8,34.233575,-117.187119
8,37.20838300000001,-121.721098
8,39.324799,-77.361778
8,34.740765,-86.600441
8,27.494341,-82.562988
8,33.830032,-117.929907
8,42.4681,-122.70786
8,41.82928,-87.70405
8,34.190796,-118.941849
8,28.054852,-81.962793
8,41.573868,-87.48028599999998
8,43.177608,-83.76861600000002
8,28.005054,-82.328278
8,29.759668,-95.356453
8,30.359062,-97.688126
8,39.83918,-86.187714
8,42.306061,-88.004333
8,32.678026,-97.387162
8,36.031872,-95.881538
8,41.344304,-73.65347299999998
8,35.31488,-80.75673
8,31.669826,-83.99619200000002
8,39.777431,-104.823914
8,27.981547999999997,-82.45384200000002
8,41.13889574984961,-111.833664178315
8,42.269165,-85.521683
8,34.120525,-118.271039
8,29.877399,-95.366127
8,37.5318,-77.42581
8,29.57917,-98.31719
8,30.21912,-92.075867
8,30.44796,-91.1614
8,38.118217,-85.642342
8,42.259289,-85.531082
8,33.551537,-117.672699
8,41.045124,-73.77005799999998
8,33.614740999999995,-113.656085
8,41.31969809512463,-73.97934794390686
8,40.247219,-121.447556
8,34.050277,-118.214107
8,41.882549,-88.121422
8,35.24457899999999,-80.857712
8,41.336205,-72.241683
8,41.766781,-72.653862
8,32.783073,-96.788422
8,29.84716,-95.411087
8,33.917821,-98.503379
8,29.447028999999997,-98.489059
8,37.034815549673866,-76.35625719987699
8,41.59325,-93.71946
8,42.461962,-96.325343
8,33.86072,-81.202554
8,37.595451,-122.026413
8,34.85405,-82.39753
8,33.523895,-112.16864
8,32.823696000000005,-96.919991
8,37.635227,-77.463509
8,40.83478,-73.86594000000002
8,40.078094,-75.65585300000002
8,39.161551,-121.753658
8,43.992286,-122.99426
8,39.782379,-86.140862
8,35.794643,-78.705799
8,34.343672,-118.358448
8,42.092453000000006,-71.224602
8,37.548836,-77.43336500000002
8,34.18397,-118.39906
8,38.796528,-77.133713
8,35.78112,-78.636421
8,39.381515,-76.737939
8,36.151131,-119.330925
8,41.50607700000001,-87.577499
8,38.870468,-94.14476
8,33.870281,-118.056091
8,42.317326,-122.814079
8,35.300713777373794,-80.92023968658006
8,26.62822,-80.067596
8,29.60119000000001,-95.22856
8,39.92334,-86.157913
8,43.05308,-121.82544
8,41.99559,-87.874329
8,40.929241,-73.83914200000002
8,41.234093,-96.11953
8,39.668686,-77.736313
8,40.436007,-79.97299100000002
8,33.231289000000004,-80.324387
8,43.029018,-88.034439
8,40.099468,-75.196182
8,36.204414,-86.74691800000002
8,39.76606,-104.827499
8,38.807438,-77.497383
8,35.006489,-77.498611
8,42.77116,-87.95399
8,34.230767,-118.409467
8,34.061128000000004,-82.01387700000002
8,40.989391,-73.67456800000002
8,42.065029,-88.33564
8,40.69194,-73.403603
8,44.461174,-88.007019
8,42.356781,-71.183655
8,39.800175,-86.164146
8,29.955494,-90.091164
8,32.919014000000004,-83.70839699999998
8,41.878384,-87.617302
8,34.078056,-117.741722
8,41.11356,-81.499199
8,33.572067,-81.525307
8,37.631484,-122.084465
8,30.348221,-81.668922
8,33.162025,-97.073471
8,28.45104000000001,-81.35674300000002
8,28.031982,-82.13421899999999
8,32.91669,-96.74345
8,42.973359,-85.644699
8,25.973288,-80.22983599999998
8,30.391709999999996,-88.967117
8,35.25540200000001,-80.717712
8,35.157246,-81.479881
8,34.199459000000004,-118.338409
8,37.891762,-122.171265
8,42.97068,-85.683975
8,40.329855,-76.713421
8,38.960373,-76.866447
8,43.7218,-73.8185
8,40.637066,-73.635834
8,26.136631,-80.16950200000002
8,29.643881,-95.336906
8,35.114639000000004,-85.320374
8,25.93206,-80.20382
8,25.737922,-80.31981400000002
8,34.408379,-119.549459
8,41.781738,-70.604691
8,42.340229,-71.155693
8,43.089371,-83.69023100000003
8,32.03944,-81.097374
8,40.833252,-111.91574
8,39.168591,-76.628372
8,34.030299,-117.655405
8,33.896167999999996,-118.19342
8,34.31657,-82.15969799999998
8,41.929977,-88.150375
8,40.709019,-73.841347
8,39.74414,-86.2644
8,30.50848,-87.221298
8,29.746443,-95.618526
8,42.826328,-85.67585
8,40.861920118137064,-74.36099410021609
8,35.129717,-80.941778
8,39.74,-104.9903
8,37.731667,-122.433721
8,41.219727,-95.953529
8,42.596237,-71.369202
8,32.841254,-96.846159
8,27.472492,-82.563011
8,42.516785,-71.089539
8,32.838482,-117.147774
8,38.951321,-76.94103199999998
8,35.90652,-84.12005
8,26.233310999999997,-80.295959
8,39.73576,-75.56364
8,33.71494889,-84.24265981
8,37.706241,-122.123245
8,45.030518,-93.347992
8,44.861275,-93.175049
8,35.091599,-80.93351700000002
8,30.48241,-91.075401
8,26.432068,-81.777748
8,40.725864,-111.986282
8,43.02858,-88.12861600000002
8,41.8509,-87.64492
8,39.751663,-105.002991
8,32.676222,-97.181865
8,31.982777,-81.152794
8,40.098949,-76.328903
8,30.22193,-97.955971
8,38.012856,-122.174706
8,44.87958,-93.02552
8,28.418557,-81.459724
8,33.62262,-112.012642
8,32.694527,-117.1315
8,36.06688141805618,-86.68701052624374
8,34.195442,-79.843086
8,44.408779,-120.980339
8,35.800468,-78.669579
8,32.814991,-96.684402
8,32.876537,-96.717911
8,35.190788,-80.771629
8,45.943676,-108.342807
8,33.52933,-117.16778
8,40.10577,-82.949989
8,33.52367,-86.817528
8,33.32066,-111.841614
8,28.42496753,-81.47406219999998
8,32.163265,-110.96814
8,35.111691,-81.51992
8,34.57763,-118.1338
8,32.797195,-117.149361
8,39.78331,-105.059021
8,32.70375,-96.66302
8,40.50607700000001,-80.032646
8,26.30375,-80.16935
8,37.14236500000001,-77.749496
8,32.705177,-96.807045
8,31.778049,-85.938469
8,36.155599,-96.011441
8,40.91217,-74.26478
8,41.16756,-112.02078
8,38.841831,-77.083946
8,33.889953999999996,-81.168243
8,43.031933,-87.957573
8,32.465599,-93.757347
8,37.24818,-121.831284
8,40.679264,-73.78009200000002
8,42.35545,-71.060501
8,45.629474,-123.093148
8,29.644156,-95.539101
8,33.976440000000004,-118.12546
8,37.78891,-122.2523
8,40.824394,-73.530273
8,29.48457,-98.559158
8,29.831853999999996,-95.563667
8,32.789336,-96.771598
8,28.429005,-81.443993
8,35.277491,-80.806388
8,43.181259,-77.50238
8,44.768429,-93.217079
8,33.274887,-117.444487
8,32.965740999999994,-117.095038
8,27.939384000000004,-82.32384499999998
8,42.6758,-84.49568199999999
8,42.386139,-71.090622
8,27.291481,-82.497559
8,39.028869,-121.514861
8,32.608290000000004,-117.090536
8,34.141268,-118.471527
8,41.843962,-74.05898499999998
8,35.193867,-84.887016
8,40.765616,-74.01706800000002
8,29.992364,-90.04319100000002
8,44.965656,-93.288114
8,26.12162,-80.168922
8,47.160315999999995,-123.880531
8,41.904335,-88.032494
8,29.69969600000001,-95.292137
8,33.929041,-81.05549599999998
8,41.522308,-72.838829
8,41.392899,-73.595062
8,41.573971509735216,-87.45753407436632
8,36.316472,-86.648074
8,34.92308,-82.307182
8,36.150242,-86.784576
8,34.152901,-81.234797
8,33.478939000000004,-112.289909
8,26.087816,-80.363686
8,27.41853833185473,-82.53271937330945
8,27.447740999999997,-82.546677
8,38.75978,-78.63651999999998
8,32.706619,-96.932854
8,29.796412,-95.429955
8,40.862469,-73.89733100000002
8,33.773483,-84.36766800000002
8,27.982241,-82.45384399999998
8,40.64065,-111.45214
8,35.036873,-110.61433
8,39.760406,-84.195686
8,32.436111,-80.723511
8,37.987129,-79.180299
8,26.59679,-81.87185699999998
8,41.407577,-81.64779
8,36.147217,-86.74363699999998
8,35.22407000000001,-80.883222
8,41.007728,-77.326015
8,40.68964,-73.72655
8,38.728996,-76.974251
8,45.602867,-121.138474
8,40.27755,-75.38565799999998
8,40.69274783115056,-111.90312266296432
8,41.51936173419228,-74.01831507647505
8,30.413139,-91.056221
8,37.719141,-122.448457
8,33.777826,-117.831189
8,42.65226245,-73.71544003
8,33.866409000000004,-117.997983
8,42.359463,-87.895317
8,42.368423,-83.058128
8,41.212666,-96.00415
8,33.779571999999995,-117.88385
8,41.45282,-97.18539
8,38.86636,-77.05845699999998
8,38.75581500000001,-121.542891
8,38.63204,-90.26192
8,29.85772,-95.5643
8,39.032337,-84.170242
8,32.509871999999994,-93.742821
8,32.699348,-117.139816
8,34.83939,-118.86332
8,41.264126,-73.68420400000002
8,42.39923,-83.11223000000003
8,39.916002,-75.090094
8,33.934597,-84.18227399999998
8,29.675946999999997,-95.542122
8,26.15341,-81.7528
8,33.68768,-117.90522
8,39.689377,-105.105347
8,39.619945,-75.088453
8,33.92284,-84.485298
8,38.018406,-77.498947
8,45.006901,-93.400993
8,34.066719,-117.235031
8,45.01085,-93.45717
8,40.775551,-72.97721899999998
8,40.764622,-111.986473
8,29.869806,-95.407852
8,39.005657,-77.077797
8,39.687859,-75.64636999999998
8,33.875027,-118.193871
8,43.238440999999995,-77.696648
8,34.874428,-82.441055
8,34.071987,-117.884375
8,42.35946,-83.57555
8,41.062641,-81.48119399999999
8,37.87801,-122.307938
8,40.57156,-74.32871999999998
8,42.476177,-83.123749
8,32.83659,-96.778809
8,34.25727,-118.472339
8,40.33814,-104.98033
8,37.74146,-121.57978
8,33.580895,-79.820669
8,25.693541,-80.333748
8,32.926289000000004,-96.820709
8,41.310059,-122.802597
8,29.909916,-90.05630500000002
8,35.561355999999996,-97.645943
8,32.326969,-86.241219
8,39.20714736,-76.64385438
8,28.007629,-81.948792
8,47.46747,-122.22222
8,39.179581,-94.576591
8,35.752972,-78.648949
8,40.312986,-74.66027
8,40.87109,-73.42738299999998
8,37.328884,-122.051888
8,35.154461,-80.84835799999998
8,33.522579,-80.91020999999998
8,41.356678,-75.720589
8,27.490627000000003,-82.472099
8,33.73640656455166,-117.9945051664448
8,32.852734000000005,-79.98790699999998
8,34.03771500000001,-117.805055
8,33.929077,-81.04274000000002
8,39.546116,-119.788116
8,43.018875,-85.637796
8,34.344887,-117.45417
8,41.871178,-87.862305
8,38.658825,-112.594269
8,40.71176,-73.82273
8,33.987705,-118.370445
8,42.48975,-83.28475999999998
8,30.479382,-97.80336
8,37.654941,-77.611362
8,33.385742,-111.926582
8,41.230605840486376,-74.17813181841765
8,33.810844,-84.372925
8,28.14552,-81.45895300000002
8,29.697172,-95.288391
8,40.703018,-73.72776800000003
8,40.029919,-82.994469
8,34.067279,-117.513574
8,34.291149,-118.467766
8,41.500412,-81.607506
8,36.471805,-119.18864
8,40.741547,-89.670059
8,36.090469,-95.792709
8,42.553341,-82.871391
8,39.290161,-84.394703
8,30.434931,-91.187332
8,45.364091,-122.605686
8,36.046337,-95.886238
8,42.546486,-71.761604
8,34.405045,-118.79468500000002
8,34.154949,-118.311058
8,34.939018,-82.056679
8,33.059472,-96.690429
8,39.78687100000001,-86.13497199999998
8,34.311249,-81.57467700000002
8,29.73156,-95.48037
8,33.524059,-112.095428
8,41.065234999999994,-81.434967
8,35.22487299999999,-80.846375
8,36.04486,-86.670446
8,35.037495,-80.85266899999998
8,30.4146,-84.344414
8,37.37063,-121.91264
8,33.445107,-117.629677
8,32.920764,-96.849902
8,26.192455,-80.209816
8,30.488469,-87.230425
8,35.357715,-80.822585
8,26.233156,-80.292862
8,26.040118,-80.163577
8,37.443535,-122.117249
8,41.935406,-71.467155
8,35.223888,-80.904572
8,32.769591999999996,-96.822098
8,34.975307,-81.984276
8,30.34805900000001,-97.712662
8,39.723882,-86.132989
8,38.003868,-122.042107
8,33.552620000000005,-117.140518
8,39.737541,-75.56813000000002
8,35.21987,-80.83573
8,41.540122,-72.80126700000002
8,42.36478,-83.43639
8,36.128956,-86.906326
8,29.69094500000001,-95.417068
8,33.913361,-81.244423
8,27.923126,-82.401041
8,34.823883,-82.291893
8,39.155655,-84.440773
8,38.99912,-77.31395
8,29.861658,-95.544258
8,40.918858,-73.779472
8,33.967056,-118.085861
8,35.105236,-106.605034
8,42.33531,-83.09004
8,32.720295,-96.874306
8,33.876459000000004,-118.19019
8,39.210754,-76.682634
8,33.820759,-84.168091
8,28.27351,-81.436539
8,39.87222790699066,-104.9876797194243
8,41.556862,-73.779556
8,40.764472999999995,-72.995819
8,40.825375,-74.321487
8,36.19456,-86.77615
8,35.031109,-80.8069
8,32.68327,-97.240615
8,30.468046,-91.101596
8,37.233459,-80.237236
8,35.0247,-85.298447
8,33.621401,-117.714415
8,26.54207,-81.871323
8,32.148392,-111.013092
8,38.2998,-122.03409
8,40.124923,-75.332844
8,46.49112582184557,-93.53561282113294
8,37.25430607777951,-121.88025355280932
8,36.16944,-86.60575
8,29.569106,-95.116065
8,43.60938,-70.36777
8,35.182907,-83.357162
8,40.828194,-73.93124399999998
8,33.34663,-82.05529
8,34.4226,-119.633972
8,41.033191,-81.762627
8,29.63472,-95.227913
8,42.165485,-88.15565500000002
8,30.51232700000001,-87.270425
8,37.295101,-120.477898
8,41.83242,-87.94880699999999
8,33.010742,-80.11110699999998
8,35.78145146,-78.64587665
8,38.733916,-121.272035
8,36.206554,-86.77624499999996
8,35.348766,-97.529968
8,39.740356,-105.053192
8,32.890991,-80.019028
8,43.003288,-77.66861
8,39.972961,-76.694016
8,37.504822,-77.716827
8,34.726303,-86.596519
8,33.578349,-86.473034
8,42.667332,-73.733017
8,41.03101,-71.95449
8,41.295223,-73.677246
8,40.332531,-79.429482
8,29.585054,-98.347939
8,34.914047,-81.14076999999997
8,33.596363000000004,-112.142654
8,34.000027,-84.56219499999997
8,40.987705,-73.67675799999998
8,41.815052,-71.370667
8,40.074164,-75.18701999999998
8,37.691189,-122.069534
8,40.901024,-74.12685400000002
8,29.439198,-98.488342
8,30.400148,-91.174408
8,34.204896000000005,-80.946736
8,38.576687,-121.415398
8,28.538466999999997,-81.343758
8,25.882663,-80.248667
8,39.989788,-75.542289
8,38.201519,-122.156258
8,33.751786,-79.016354
8,29.856291,-95.419617
8,35.558448999999996,-97.531265
8,32.778599,-96.827728
8,34.266998,-118.443596
8,33.774615999999995,-84.572929
8,30.43457,-84.32556899999999
8,39.867374,-84.93924
8,33.875596,-118.012444
8,25.609604,-80.378098
8,34.77108,-118.803673
8,39.40647,-76.77658000000002
8,34.093891,-118.242452
8,41.278343,-73.930557
8,27.954708,-82.537987
8,40.84822800000001,-73.883125
8,30.31131,-97.70936
8,41.974628,-88.125153
8,32.673012,-96.874023
8,32.75943400000001,-117.175886
8,39.779367,-104.928469
8,40.734211,-73.72285500000002
8,40.096611,-77.815735
8,38.752689,-77.446213
8,32.938572,-80.049477
8,30.698099,-88.031982
8,42.175468,-87.991997
8,32.267796000000004,-90.210228
8,40.043381,-76.300217
8,26.08234,-80.172348
8,35.694736,-78.574989
8,43.164169,-77.595978
8,37.346958,-121.858887
8,29.830484,-95.545242
8,43.042537,-71.267762
8,34.192908,-79.84474399999998
8,32.682186,-96.805199
8,41.148994,-73.824107
8,38.464275,-90.525612
8,42.98755,-87.88767
8,38.826939,-104.825729
8,41.386161,-74.178496
8,28.477125,-81.446449
8,30.387745,-87.278247
8,33.92955,-80.822845
8,32.67621,-97.17744
8,28.871245,-82.51568
8,29.755791,-95.575516
8,36.130340999999994,-86.726608
8,34.156918,-118.448685
8,30.413565,-90.041092
8,42.011936,-87.767494
8,35.391396,-97.486961
8,29.252094,-82.106026
8,26.061569,-80.164078
8,41.45293,-90.547874
8,44.50238,-117.369859
8,42.114265,-71.46553
8,39.8297,-77.236671
8,47.17302,-95.68915
8,33.606348,-117.694076
8,40.013062,-82.90213
8,33.999839,-117.372831
8,42.408943,-83.079796
8,38.989349,-77.431366
8,25.762363,-80.320892
8,30.268925,-97.669823
8,43.640141,-76.0807
8,25.56274,-80.385071
8,37.668953,-122.10939
8,35.84256699999999,-78.546844
8,35.113205,-80.97245799999997
8,40.204549,-104.94073
8,33.943111,-118.046448
8,29.778336,-95.421989
8,35.93915900000001,-84.00705699999997
8,41.025558,-73.73162099999998
8,35.082565,-89.94903599999998
8,35.155840000000005,-80.793832
8,30.53246,-84.36180999999998
8,33.720364000000004,-84.396252
8,34.242278999999996,-82.218987
8,35.180989000000004,-80.890376
8,43.169535,-77.538986
8,29.557879999999997,-98.424675
8,33.473591,-80.854919
8,33.976822,-80.933159
8,40.848007,-73.935799
8,34.040901,-80.93650799999998
8,30.414759000000004,-97.577553
8,32.834015,-96.896614
8,40.715733,-73.826256
8,38.03401350956901,-120.27170062007774
8,39.69706,-86.18261
8,37.53955,-77.44075
8,32.441829999999996,-93.756546
8,37.754173,-122.403122
8,40.52489600000001,-78.42965699999998
8,41.240414,-83.653152
8,42.460403,-71.102028
8,35.334351,-97.424637
8,37.65564000000001,-77.49368299999998
8,32.69138,-96.891357
8,34.097669,-118.246125
8,41.81337,-71.408691
8,34.758465,-86.672722
8,37.89767146092464,-122.09113955439524
8,45.98972,-122.872924
8,34.215778,-80.978172
8,33.781139,-84.390564
8,35.608185,-97.584946
8,32.73997664,-117.1790278
8,42.135422,-70.975441
8,41.54684901217677,-87.31089234310478
8,45.36399,-122.60608
8,25.896881,-80.253731
8,38.92305,-77.41575
8,34.12122,-118.479561
8,32.954021000000004,-117.189667
8,38.95623,-77.538963
8,34.153255,-118.376656
8,42.90867,-85.77614
8,29.776855,-81.44232199999998
8,38.778313,-90.359932
8,29.939293,-95.331734
8,30.144924,-91.954536
8,34.148679,-118.046881
8,44.887306,-93.328896
8,33.954079,-118.30026200000002
8,35.35255,-118.95434
8,42.179901,-87.98954
8,35.594631,-97.513741
8,32.765476,-117.110092
8,41.65838,-86.89916
8,39.740185,-104.791145
8,40.650138,-111.938731
8,41.023674,-77.933876
8,34.00571,-118.41349
8,47.343386,-122.292585
9,42.504272,-83.115227
9,42.31529116610376,-83.1694543357698
9,29.831949,-95.563789
9,33.825161,-118.218582
9,44.948791265273336,-92.85632729486056
9,25.927547,-80.213876
9,33.922082,-117.88031399999998
9,41.569669,-87.386276
9,29.767740000000003,-95.36148
9,44.95182,-93.146774
9,40.717921,-73.94775200000002
9,33.931725,-118.046509
9,32.744923,-117.042763
9,33.771263,-84.387398
9,38.861451,-77.348745
9,30.445302,-87.250219
9,35.229804,-80.86029
9,42.48585,-83.25783
9,36.178867,-86.79516600000002
9,32.787132,-96.754647
9,44.253056,-92.650566
9,40.132299,-74.898131
9,39.210287,-121.061994
9,27.406990000000004,-82.56917
9,33.960737,-117.312755
9,34.15955186,-118.46253991
9,43.65475,-93.32052
9,43.036705,-89.452766
9,27.5856506823178,-82.53495097120981
9,35.803641999999996,-78.821922
9,35.204304,-80.939835
9,33.701347,-84.116447
9,38.284695,-120.504013
9,36.169069,-86.682386
9,33.897343,-117.49157
9,29.73747100000001,-95.514183
9,33.392982,-111.910812
9,32.801396000000004,-117.159682
9,34.033840000000005,-117.647654
9,29.70710200000001,-95.251236
9,32.918221,-96.855888
9,35.2635,-80.948715
9,30.661169,-88.207237
9,43.139,-77.53874
9,30.477221000000004,-97.806564
9,41.420448,-81.828468
9,39.044369,-76.61673
9,44.889875,-93.280459
9,36.199366,-86.776587
9,35.493282,-97.521034
9,37.196961,-79.942687
9,35.488075,-97.515831
9,37.807629,-121.296906
9,36.042671,-95.957779
9,42.559723,-71.550148
9,40.77174,-73.87563
9,30.443451,-91.182556
9,43.109016,-87.966362
9,43.169714,-77.60131
9,43.036362,-85.60884899999998
9,36.808141,-119.887182
9,37.577831,-122.348122
9,34.000027,-84.56219499999997
9,37.462331,-77.673419
9,33.932864,-118.090825
9,37.553665,-77.455399
9,40.652319,-77.53246
9,35.799091,-80.855003
9,33.445752,-111.890734
9,40.72775,-74.1294
9,34.197517,-118.953079
9,38.828221,-76.928398
9,32.25137,-80.84262
9,35.264858007262866,-80.87575793227732
9,32.769058,-96.80481
9,35.17434,-106.59358
9,38.676289,-121.36409
9,37.77189600000001,-122.223923
9,40.698592,-73.512879
9,42.341141,-71.056297
9,39.731303999999994,-105.053238
9,33.286919,-80.513412
9,42.049149,-71.88580300000002
9,40.905801057620494,-74.18838858569055
9,33.21774,-96.6362
9,33.527613,-112.129921
9,40.68198,-74.00236
9,28.471444845063825,-81.6409170623701
9,34.720009000000005,-86.592751
9,39.571087,-76.13761099999998
9,35.21464500000001,-80.83000899999998
9,41.20918,-73.09198
9,33.385838,-111.891993
9,39.805149,-104.93145
9,28.332590000000003,-81.592773
9,37.1127,-76.45615
9,27.29382634,-82.44841218
9,45.068486,-93.186051
9,25.726015,-80.318596
9,37.4272,-113.62931100000002
9,40.414333,-111.870087
9,41.997716,-92.642828
9,39.93029236774478,-86.16453766781729
9,32.729285,-117.106957
9,38.868732,-77.308899
9,42.171215,-87.97444899999998
9,43.616279,-122.135321
9,36.301609,-82.385086
9,31.778137,-106.450508
9,40.245674,-75.650414
9,33.804140000000004,-84.41060999999998
9,45.504282,-122.674409
9,30.42127,-87.250282
9,47.60530900000001,-122.339493
9,33.889408,-86.64005300000002
9,35.31118,-80.712242
9,33.386256,-111.811169
9,41.876186,-87.660774
9,38.974052,-94.546127
9,37.143421,-121.984917
9,35.55952,-82.6441
9,33.882542,-84.250008
9,41.071693,-75.70465899999998
9,36.067407,-120.086165
9,38.704842,-90.27076
9,33.50946,-112.13419
9,34.145804999999996,-81.23786199999998
9,25.92487,-80.30417
9,25.999069,-80.16671
9,34.165183,-118.483759
9,33.730484000000004,-117.83396100000002
9,47.084412,-122.43512
9,39.775494,-104.86422
9,29.75708,-95.352119
9,35.141701,-120.569359
9,39.098492,-94.487373
9,28.983948,-82.19976700000002
9,40.809977,-73.154331
9,39.110771,-78.199463
9,33.818149,-117.913848
9,44.71711,-93.129257
9,32.680744,-97.392868
9,47.247208,-122.385658
9,44.972649,-93.294647
9,40.088088,-83.138317
9,34.965454,-82.235016
9,35.225178,-80.863541
9,37.817697,-122.247901
9,43.25568,-77.62833
9,35.50201,-80.847305
9,30.251719,-81.465477
9,38.673419,-77.241284
9,42.949474,-78.702972
9,29.914605,-81.378158
9,33.959765999999995,-118.114525
9,32.367363,-86.052277
9,39.631752,-77.964828
9,30.244749,-92.013374
9,35.165367,-78.70949399999998
9,42.257127,-79.756137
9,42.888044,-85.48208000000002
9,28.224369,-82.72554000000002
9,29.780474,-95.454018
9,43.14670200000001,-77.64694200000002
9,39.801860999999995,-104.984962
9,40.654812,-111.901863
9,35.197872,-80.88262900000002
9,40.021101236152546,-76.74292445146206
9,40.66954000000001,-73.72878299999998
9,44.898492,-93.206305
9,48.059266,-114.242562
9,42.255486,-71.039642
9,33.813686,-84.366638
9,35.843849,-78.545937
9,32.969147,-80.005257
9,35.825939,-78.613739
9,33.989014000000005,-117.549454
9,34.825188,-82.447365
9,36.068707,-79.336411
9,34.067478,-117.543251
9,41.670364,-73.788536
9,43.365195,-83.86753399999998
9,32.8331029413565,-117.23307967130071
9,35.827309,-78.620354
9,40.019446,-75.146683
9,37.860371,-121.21859
9,37.77678,-122.23615
9,43.637697,-95.675118
9,41.05437,-81.60871999999998
9,39.28271,-75.58946
9,40.894553,-73.860816
9,43.042818,-76.142434
9,40.16247,-80.19282
9,30.191711,-81.705605
9,39.207371,-122.000252
9,34.523095,-120.339613
9,30.31406,-81.664276
9,30.3004,-97.685677
9,47.604324,-122.327667
9,34.849178,-82.392075
9,41.769859,-72.675003
9,35.022993,-81.963461
9,26.559099,-81.661583
9,33.944472,-117.293142
9,33.429432,-111.86606100000002
9,34.967419,-85.190605
9,41.88665200000001,-72.65594200000002
9,30.008794,-90.049657
9,35.74132,-78.78563
9,35.707203,-78.897964
9,37.948524,-121.300713
9,39.959583,-75.175444
9,25.62705,-80.39022299999998
9,32.799552,-96.805404
9,32.980098999999996,-86.68809499999998
9,41.872997,-71.387489
9,40.888893,-74.47518199999998
9,44.94851,-92.98244
9,42.82168,-73.76847
9,25.911997,-80.3244
9,37.969894,-121.922874
9,37.76704,-121.334999
9,34.036888,-118.307793
9,30.218309,-92.049309
9,41.926928,-73.911682
9,33.862694,-117.786209
9,30.007095,-90.020653
9,40.88034,-73.869247
9,38.42270300000001,-121.486481
9,40.2341,-74.881523
9,36.206573,-86.776474
9,41.642802,-108.535603
9,30.89411,-83.35540999999998
9,32.806571999999996,-96.840332
9,35.964324,-119.292369
9,32.455104999999996,-93.756653
9,35.321396,-80.734062
9,29.544390000000003,-98.578537
9,39.399536,-78.001114
9,44.87434,-93.03681
9,33.460701,-112.012939
9,44.77427,-123.04292
9,41.04266,-73.836647
9,30.29087800000001,-97.741287
9,45.077585,-123.593978
9,40.668129,-73.39810200000002
9,35.004505,-85.21145600000001
9,32.784985,-96.68412
9,40.000697,-75.702146
9,38.895288,-76.848504
9,40.757088,-74.207306
9,32.662182,-96.867867
9,30.313736,-81.772614
9,32.30891,-111.042496
9,44.938334999999995,-93.274673
9,42.007065,-88.336205
9,40.843559,-74.82415
9,30.774209999999997,-85.227699
9,35.124233000000004,-78.753609
9,30.332523,-97.686707
9,39.93934750537901,-75.09409546816302
9,28.346579,-81.673477
9,42.323444,-83.082512
9,40.664883,-74.207893
9,33.854176,-117.921962
9,34.04064,-118.0361
9,34.139145,-117.489609
9,34.018341,-118.280128
9,32.811113,-80.055388
9,35.478851,-97.63665
9,35.391301,-118.986028
9,27.996193,-82.393539
9,38.254229,-78.79396
9,33.637836,-117.856064
9,45.13390660264428,-107.36619830080336
9,37.881324,-122.308136
9,33.996371999999994,-117.9636
9,35.21384000000001,-80.828903
9,28.609145,-81.476125
9,34.153996,-118.379171
9,32.83964,-97.05602
9,36.15149,-86.76844
9,40.732021,-73.925522
9,37.924869,-85.68744000000002
9,37.79287,-122.263298
9,25.808788,-80.337282
9,29.831343,-95.293739
9,39.118924,-74.864192
9,30.627895,-88.114447
9,32.71331,-117.13774
9,35.037788,-120.482986
9,40.208366,-75.664647
9,36.357681,-82.36631
9,27.938571000000003,-82.329668
9,37.062641,-122.004059
9,38.561024,-121.482238
9,35.475189,-97.583298
9,25.808669,-80.30882
9,47.62991,-122.32711
9,30.438528,-91.007517
9,38.421924,-122.71353
9,29.630513,-95.171997
9,34.424801,-113.24118
9,37.628273,-122.120956
9,35.016791999999995,-85.281677
9,46.69802069641735,-113.35162281936
9,34.3384,-118.50737
9,27.099303999999997,-82.343826
9,40.725019,-74.342178
9,33.925262,-118.368301
9,40.70797,-74.24797099999998
9,40.95500300000001,-73.860858
9,41.31458,-73.08672
9,34.07291,-118.466553
9,40.019461,-80.17535500000002
9,35.344101,-119.039458
9,39.957566,-105.164858
9,30.209393,-97.791779
9,41.995743,-88.33824200000002
9,25.797093,-80.328952
9,39.789829,-104.989227
9,46.16005,-123.90093
9,36.147587,-86.777412
9,44.752291,-93.285954
9,31.792919,-106.371849
9,38.865599,-77.054386
9,33.905141,-84.475116
9,29.76042,-95.355873
9,35.609741,-97.549568
9,33.309292,-112.055008
9,45.41353,-94.06177
9,29.78461,-95.26477
9,40.223058,-114.436582
9,33.77282,-84.44199
9,33.408699,-82.027023
9,44.063679,-123.129478
9,40.169384,-76.197769
9,41.84064,-123.192758
9,28.048147,-82.73844799999998
9,39.04192000000001,-94.67531
9,35.908791,-78.935776
9,38.889403,-77.444903
9,39.636059,-104.906967
9,37.761818,-122.405869
9,34.239124,-81.461205
9,40.82203,-77.83984
9,34.5788,-82.690758
9,28.03019500000001,-82.638132
9,29.77791,-95.381104
9,32.799151,-96.793418
9,29.708538,-95.405677
9,25.81607938,-80.20599961
9,32.862320000000004,-96.893806
9,33.849726000000004,-117.875849
9,39.747341,-105.135101
9,38.964226,-77.542755
9,29.728769,-95.484268
9,40.085346,-111.70195
9,37.325176,-121.886246
9,25.881437,-80.17569
9,33.94128,-117.876358
9,34.316644000000004,-118.490647
9,29.879519,-95.568741
9,30.396212,-97.732796
9,38.340174,-120.510058
9,35.088439,-81.31128100000002
9,38.456811,-121.41043700000002
9,37.983098,-122.298435
9,38.600453,-121.505066
9,32.438412,-86.473381
9,37.364008,-121.843481
9,38.978889,-76.610046
9,30.453094,-97.791466
9,41.68763,-91.80345
9,33.950462,-80.990288
9,42.26194,-87.905472
9,33.821548,-84.359383
9,29.550228000000004,-95.09333
9,36.969203,-121.973272
9,35.031757,-81.154167
9,40.759745,-73.901438
9,46.18997,-123.8477
9,30.372416,-97.665756
9,37.764931,-121.410973
9,34.846165,-81.018578
9,35.046081,-85.295386
9,34.148575,-118.697922
9,41.780387,-87.90795
9,29.75737,-95.358269
9,37.573784,-77.443436
9,32.355042,-86.218109
9,37.602951,-77.424797
9,39.021889,-74.892593
9,41.84566,-87.98301
9,27.418535,-82.57549499999998
9,25.847994,-80.207784
9,32.76616,-96.91208
9,41.03373169879421,-111.94779753631614
9,38.67377000000001,-78.395415
9,37.50404,-77.085083
9,39.163841,-94.62616
9,34.004917,-118.063019
9,35.764927,-78.739761
9,38.044559,-120.647003
9,34.343472,-81.684341
9,30.282351,-97.651985
9,38.26130300000001,-122.715134
9,42.416943,-82.937172
9,25.559145,-80.35256
9,40.684122,-73.68450899999998
9,39.982109,-75.101326
9,29.434071999999997,-98.494598
9,42.959087,-87.88208
9,37.279433011830896,-122.011059522047
9,34.054199,-118.004326
9,29.73872,-95.395737
9,35.804871,-78.59597
9,37.360306,-121.905067
9,34.284459000000005,-119.165213
9,33.941035,-118.279697
9,35.807117,-78.812012
9,40.897278,-73.13072199999998
9,40.207033,-76.21994000000002
9,37.728947,-122.186012
9,39.44125056247977,-76.34773850404574
9,40.516899,-80.05291
9,35.311027,-118.825193
9,41.573868,-87.48028599999998
9,25.70376,-80.302681
9,33.711458,-117.737992
9,37.666492,-122.103455
9,39.787868,-86.211105
9,35.22378900000001,-80.749107
9,42.003525,-88.183762
9,35.137553999999994,-82.105026
9,27.388906,-82.505646
9,33.853817,-117.928726
9,41.242863,-95.930725
9,34.134388,-117.957596
9,32.759815,-97.183136
9,34.006956,-117.964227
9,26.685256,-80.06891
9,38.811029,-77.232384
9,28.436047,-81.402836
9,35.807419,-78.723244
9,37.557686,-77.449837
9,32.235577,-110.841026
9,34.06168,-117.1825
9,38.663324,-121.381348
9,42.838455,-83.581535
9,39.943127,-105.018089
9,41.258743,-95.951828
9,36.1506,-86.8654
9,30.171169,-92.06617
9,30.224946999999997,-97.770462
9,40.738252,-73.796244
9,35.731911,-119.739082
9,42.573572,-79.081715
9,34.236882,-119.177504
9,33.880483,-117.653856
9,31.78265,-106.28519
9,37.566616,-77.475471
9,41.667891740600254,-72.66530156100909
9,39.781859999999995,-84.224777
9,45.972342,-109.262043
9,32.224773,-81.165779
9,38.095242,-122.229942
9,37.290489,-121.871132
9,33.803761,-84.409637
9,41.826031,-87.917885
9,34.112399,-117.899506
9,33.950425,-117.385429
9,30.444613,-91.130592
9,43.191605,-77.61799599999998
9,38.61082800000001,-121.415352
9,32.76265,-96.77243
9,29.896233,-95.495659
9,44.096626,-123.16597
9,28.541044,-81.285614
9,34.067454999999995,-117.536377
9,32.71315,-117.144958
9,34.06483,-81.04347
9,33.609052,-84.48625899999998
9,34.079112,-118.246387
9,40.769266,-73.711013
9,28.552107,-81.456703
9,33.80084,-118.20691
9,28.036620000000006,-82.11081
9,43.14669,-77.64695999999998
9,40.615345,-80.095299
9,28.419187,-81.404635
9,37.64015,-122.0904
9,34.068381,-117.396025
9,32.821964,-96.752876
9,27.569061,-82.527733
9,28.231107,-80.680663
9,25.70584,-80.443714
9,41.00946307162757,-92.38867878869824
9,45.54901,-94.20524
9,28.360867,-82.624408
9,30.419891,-91.141016
9,34.17205,-117.18146000000002
9,37.660198,-122.403793
9,45.49511,-122.52356
9,38.711636,-104.725372
9,39.52486,-75.81581899999998
9,34.921611999999996,-81.826401
9,42.35555,-73.4233
9,33.317984,-80.548508
9,35.256138,-80.83107
9,27.277592,-82.530688
9,44.742294,-92.852562
9,35.767857,-78.574066
9,37.42155800000001,-121.934669
9,28.300781,-81.575689
9,27.551340000000003,-81.508507
9,41.386639,-73.995949
9,43.05574,-78.99063000000002
9,40.606038,-74.07660899999998
9,33.901749,-118.370354
9,29.68849,-95.331871
9,42.867789,-78.791292
9,26.102942,-80.265091
9,40.690624,-73.58805100000002
9,33.229385,-80.590424
9,29.808971000000003,-95.389824
9,26.10097,-80.16851
9,38.60154,-109.575722
9,32.319351,-111.012161
9,41.313145,-96.052582
9,30.22068,-81.585701
9,33.821659000000004,-117.51915
9,30.29785,-92.049408
9,28.364391,-81.423874
9,33.687175,-117.883404
9,41.974949,-88.20697
9,26.550040999999997,-80.070625
9,35.20241,-80.86529
9,35.792212,-78.745064
9,40.731945,-74.12509200000002
9,35.103931,-106.632347
9,37.422382,-122.226316
9,45.608218,-120.723878
9,38.668308,-121.362305
9,27.922753000000004,-82.348826
9,38.580601,-90.359512
9,35.40235900000001,-80.463127
9,28.42435900000001,-81.40478399999998
9,34.141148,-118.277866
9,38.612,-90.21146
9,30.25315,-81.50435999999998
9,39.202358,-112.173531
9,33.289657,-80.51853
9,38.907558,-77.03743
9,39.17863,-120.85374
9,35.052589000000005,-80.270317
9,35.47512800000001,-97.600014
9,35.55088,-82.60908
9,36.40308022481726,-82.60990261992163
9,46.664119,-121.596542
9,38.858771999999995,-123.038536
9,30.24264,-97.78167
9,39.62041,-85.338033
9,41.289207,-95.952271
9,38.994503,-104.798042
9,28.850146,-81.1621
9,29.681107,-95.458389
9,27.916639,-82.77091999999998
9,41.079159,-73.921829
9,39.439652,-87.517403
9,42.32217,-71.05368
9,41.56751,-72.7273
9,35.240456,-80.91951800000002
9,36.571976,-121.520493
9,32.791401,-96.737411
9,42.379143,-83.198029
9,25.625744,-80.38219000000002
9,44.247021,-94.432671
9,34.14373755,-118.22697759
9,39.4536,-76.3163
9,33.819431,-84.361671
9,45.789462,-118.243694
9,32.74127,-96.826469
9,34.80715900000001,-86.65104699999998
9,38.811226,-77.21818499999998
9,33.543434000000005,-84.27037800000002
9,33.87658954,-118.12518239
9,39.237961,-120.031532
9,44.91566,-93.27464
9,41.108743,-81.313244
9,33.352638,-80.584839
9,32.796333000000004,-84.029379
9,40.555744,-74.211205
9,40.707996,-74.24787099999998
9,32.715784,-117.147594
9,33.708633,-117.851524
9,40.312671,-75.37427
9,39.74688,-84.15986600000002
9,43.63784,-95.66034
9,43.02652,-76.151726
9,43.091412,-75.747284
9,35.205925,-80.862156
9,40.630516,-111.861343
9,47.576768,-114.074828
9,36.061996,-79.566307
9,34.037991,-118.31771100000002
9,27.89542800000001,-82.787195
9,33.879883,-117.565384
9,40.844788,-73.92546800000002
9,35.398872,-119.397049
9,36.30119919759606,-84.2182195182599
9,33.9051497,-84.47511077
9,37.48983,-121.94499
9,35.84988,-78.580528
9,43.857085,-120.760299
9,34.706894,-82.257706
9,27.132315,-82.45435400000002
9,34.167156,-118.158151
9,42.520664,-71.133636
9,40.81861853580085,-73.29439759219507
9,27.965615999999997,-82.791794
9,38.178429,-85.72075699999998
9,29.763189,-95.357513
9,44.0812,-123.17261
9,42.232616,-87.85507199999998
9,33.822479,-84.357925
9,37.458311,-122.13738700000002
9,30.29808400000001,-97.748497
9,39.826189,-104.94857
9,39.93116,-74.95465899999998
9,30.386941,-97.925209
9,36.07779,-86.76595
9,35.262009,-80.878754
9,32.224361,-110.872047
9,36.978102,-76.301138
9,29.731623,-95.46843
9,39.436428,-77.40956
9,42.33448,-83.06562
9,39.624214,-105.110039
9,42.317181,-71.569278
9,35.275444,-80.719337
9,25.709038,-80.285575
9,40.25370240192292,-74.5157682892107
9,29.747908,-95.326614
9,34.357197,-119.443008
9,35.71489000000001,-78.63069899999998
9,33.876686,-118.172464
9,36.754277,-119.777594
9,35.4132,-80.82358
9,34.272095,-118.353004
9,35.77882800000001,-81.171921
9,38.71547,-76.84895999999998
9,37.507488,-121.967377
9,35.107212,-90.075623
9,43.14613,-85.610977
9,34.150421,-118.280708
9,42.912647,-85.628098
9,41.965704,-87.647325
9,36.295563,-119.759308
9,37.811347999999995,-122.250282
9,34.068519,-117.344307
9,25.9202,-80.21573599999998
9,39.740794,-105.280809
9,30.430771000000004,-91.109192
9,44.289574,-117.222725
9,38.851565,-76.973156
9,33.837536,-84.36829399999998
9,30.039764,-89.971536
9,35.478026,-82.554638
9,45.049248,-93.059221
9,36.11325145,-86.91999793
9,37.259937,-121.968719
9,47.412098,-122.220478
9,37.674248,-122.123466
9,32.92812,-80.043716
9,42.75462,-86.096809
9,41.746925,-73.772377
9,27.995399,-81.95401
9,30.6256020067662,-88.12124133068028
9,42.96018400000001,-78.405034
9,30.410427,-81.564766
9,39.79351,-86.03546999999998
9,33.983917,-117.907692
9,40.958256,-73.797157
9,34.068432,-80.918991
9,37.690899,-122.129837
9,33.437199,-112.20372
9,39.377803,-77.397774
9,37.478249,-122.41371200000002
9,38.40697,-122.20421
9,46.01021647431369,-112.69729256576206
9,28.551611,-81.542099
9,31.757833,-106.353912
9,26.356976,-80.170744
9,35.59368900000001,-78.13353000000002
9,40.01582,-82.905991
9,40.11705,-75.348549
9,42.77969,-84.67047099999998
9,35.834835,-78.671143
9,35.239422,-80.835922
9,32.87322879,-96.52558923
9,35.276314,-80.72776800000003
9,42.281416,-84.301071
9,32.340145,-90.245537
9,28.439407,-80.788368
9,35.278908,-80.793503
9,29.691190999999996,-95.574661
9,41.707146,-72.64505
9,40.852899,-73.959242
9,28.804991,-81.57235
9,39.160408,-77.63826800000002
9,41.102131,-73.99743199999998
9,37.488228,-122.20974
9,37.96480800000001,-122.514105
9,26.10952,-80.16929
9,29.04911,-81.051086
9,28.489031,-81.457802
9,33.629333,-78.962601
9,34.0886,-118.47525
9,37.628353,-122.120827
9,25.944221,-80.20534
9,34.102295,-84.5308
9,28.45635900000001,-81.376362
9,30.448861,-91.251143
9,33.99289,-86.00448
9,35.816441,-78.690262
9,39.823421,-76.997612
9,34.036770000000004,-118.0342
9,40.78064000000001,-73.63816800000002
9,39.841798,-75.408961
9,34.266998,-118.443596
9,40.57756304721557,-75.80312132799241
9,25.781561,-80.33676899999998
9,40.00613,-75.78979
9,38.624878,-121.517105
9,42.437599,-122.757507
9,35.030159000000005,-80.841736
9,28.378731,-81.504227
9,33.8181,-117.876406
9,40.033832,-76.49945799999998
9,37.303126,-120.500818
9,42.45560800000001,-70.957817
9,29.674845,-95.560448
9,30.201009999999997,-92.015381
9,46.876307,-92.34225
9,42.32967,-71.06047099999998
9,43.015514,-89.47273299999998
9,34.771111,-86.585953
9,36.32751,-119.314174
9,39.224554,-119.80916299999998
9,29.622113,-95.513138
9,41.05701,-77.210942
9,42.354510999999995,-71.053368
9,37.645893,-122.449654
9,36.338829,-82.40347299999998
9,38.088333,-122.109955
9,44.966118,-93.26992
9,38.688244,-121.429256
9,39.011684,-78.36393000000002
9,25.730776,-80.367698
9,39.79332,-104.95702
9,41.86822100000001,-88.14402
9,32.39679,-85.977592
9,27.916765,-82.799576
9,43.17934,-77.631874
9,42.40433,-71.08176
9,41.67183,-83.69351
9,37.50220656,-77.28155494
9,38.337551,-122.015896
9,33.960659,-80.472267
9,41.07931,-73.7183
9,37.82599,-122.3025
9,39.638519,-105.10988600000002
9,37.21756,-77.39145699999997
9,39.045132,-84.504509
9,39.813854,-84.125221
9,41.764553,-83.524468
9,38.68924000000001,-121.540016
9,41.7743,-87.946564
9,34.021053,-118.195251
9,34.424532651737096,-112.55616545623514
9,30.460831,-97.819939
9,42.573572,-79.081715
9,47.691235,-122.355316
9,38.93904000000001,-76.06246
9,38.633904,-90.143738
9,33.911048,-117.448379
9,32.206757,-110.978043
9,37.468853,-122.155151
9,34.514119,-118.029976
9,40.595102,-111.90276
9,29.489590000000003,-98.574303
9,40.395251,-74.455187
9,28.574713,-80.851578
9,30.403763,-97.853981
9,33.494999,-112.091309
9,33.810249,-84.374893
9,41.00547,-76.845238
9,25.812677,-80.267134
9,29.520854999999997,-98.39492
9,41.259678,-95.995064
9,28.604194,-81.38600000000002
9,34.147903,-118.081924
9,29.734852000000004,-95.418709
9,44.952328,-93.039955
9,34.15612,-118.26458
9,34.303364,-118.479553
9,33.377826,-112.04573
9,38.798965,-90.101059
9,45.144737,-95.009773
9,41.695232,-92.795433
9,34.163959999999996,-82.02282
9,27.791801,-82.35226800000002
9,35.288193,-82.076399
9,38.501821,-77.69573000000003
9,26.705763,-80.075211
9,35.106468,-80.76664699999998
9,39.746738,-75.553436
9,36.78894,-119.790608
9,41.080196,-73.985474
9,37.532312,-77.593767
9,46.993904,-123.999798
9,28.165971999999996,-82.395523
9,29.007571,-82.020561
9,33.99025,-117.921027
9,45.15076,-122.689521
9,42.86561,-95.5458
9,35.246899,-80.781181
9,37.87617087346136,-122.51085162104364
9,34.878559,-82.209886
9,26.712984,-80.110863
9,45.36388,-122.60607
9,41.718132,-72.796532
9,40.483307,-74.418137
9,41.008047,-78.435002
9,33.452538,-82.051971
9,39.048691,-84.503189
9,43.782194,-118.343259
9,35.76778,-78.624763
9,40.544117,-111.894875
9,42.372437,-71.269012
9,33.774704,-118.081734
9,34.016814000000004,-118.160983
9,30.444815,-86.604759
9,42.95887800000001,-78.76635
9,35.261246,-80.837013
9,35.409657,-80.857506
9,41.868361,-122.807825
9,38.64604,-121.25499
9,32.28715,-90.22342
9,36.080332,-86.901787
9,39.037399,-77.415199
9,35.290735959838436,-119.24952149334312
9,40.011145,-76.85991899999998
9,38.291952,-77.50747
9,39.985588,-82.939133
9,38.399405,-120.526948
9,40.779694,-73.943901
9,33.438839,-82.01288199999998
9,29.7351,-95.304962
9,42.385822,-83.476761
9,40.687172,-73.61488299999998
9,32.056412,-86.426926
9,37.64018,-77.42423000000002
9,29.8299,-95.47981
9,42.398071,-71.1418
9,32.771846999999994,-117.131958
9,29.475187,-98.404167
9,41.65609,-70.25733199999999
9,41.349945,-96.089089
9,34.74796414,-118.14451575
9,43.14712100000001,-77.599243
9,28.5975,-81.250084
9,42.32217,-71.05368
9,30.223578999999997,-91.992622
9,42.10593,-70.948761
9,32.78885,-117.14824
9,29.850574,-95.488892
9,30.318176,-97.861687
9,40.703299,-112.256441
9,34.829315,-86.571396
9,33.925101,-118.024453
9,40.761844,-73.839354
9,33.901070000000004,-84.244003
9,34.071938,-118.266922
9,36.104145,-119.043076
9,47.65112,-122.3473
9,41.234238,-96.086388
9,28.451018,-81.358626
9,34.072246,-117.907485
9,40.12167700000001,-75.33194
9,39.86346,-121.691629
9,37.701912,-121.909279
9,31.760281,-106.467712
9,32.647575,-96.857056
9,36.111252,-95.85881
9,40.664909,-89.577827
9,32.43557,-81.10386700000002
9,38.007605,-121.35273
9,35.897709000000006,-78.727127
9,48.937658,-102.545959
9,41.85935,-88.0433
9,36.15365900000001,-86.757406
9,29.8567,-95.51915
9,37.63707700000001,-77.601164
9,37.25076,-121.90537
9,37.610699,-122.069344
9,35.724959999999996,-78.6511
9,35.768791,-78.61734799999998
9,36.74504,-119.820779
9,33.679854999999996,-117.171013
9,30.435202,-97.767036
9,29.72874,-95.44119
9,38.573931,-78.74051800000002
9,37.115616,-80.42948299999998
9,40.699165,-111.902473
9,42.279907,-71.065926
9,39.818097,-120.375379
9,43.157688,-77.52842700000002
9,41.238689,-95.825279
9,34.13034797,-117.94538855
9,26.389204,-81.772819
9,44.07858,-123.15034
9,34.104820000000004,-80.829308
9,41.289348,-72.892421
9,37.41062,-121.99274
9,32.673218,-96.990562
9,35.68441,-78.84082
9,44.949251,-121.459358
9,40.349823,-111.768524
9,36.941024,-121.740624
9,38.222851,-122.262482
9,40.892445,-74.665237
9,35.85357069952081,-78.80322575531576
9,42.370846,-71.26908900000002
9,35.224007,-80.853409
9,36.92306,-119.862521
9,36.133272,-95.953775
9,32.431179,-90.143997
9,42.386219,-71.18576800000002
9,38.172001,-122.19603700000002
9,33.98649573309905,-84.54435467679717
9,29.452928999999997,-98.491806
9,42.963238,-85.669235
9,30.428590999999997,-91.055969
9,25.704491,-80.317162
9,38.524892,-121.468223
9,30.453777,-91.060799
9,40.221635,-76.222378
9,43.98406,-122.9745
9,41.072586,-73.47492199999998
9,36.104382,-95.9132
9,35.848602,-78.562775
9,37.683977,-122.128072
9,39.651282,-77.859551
9,42.306026,-87.92092099999998
9,36.459402,-119.708138
9,34.711490999999995,-86.590515
9,32.42787480338847,-93.78522992089373
9,37.947502,-121.74382
9,26.399988,-81.80585500000002
9,36.97181582433237,-121.553925275223
9,39.975098,-83.016678
9,39.711685,-74.280716
9,39.91262,-85.98735
9,29.003801,-81.975838
9,34.011892,-117.434435
9,25.71377,-80.382491
9,33.713921,-84.39948299999998
9,39.928085,-105.046005
9,34.037511,-118.038281
9,35.745381,-78.59087
9,33.83157,-118.295288
9,39.101288,-94.671822
9,37.872993,-122.305847
9,29.627251,-95.465202
9,33.862963914709745,-117.53891587201338
9,26.331472,-81.750259
9,40.180546,-75.42259200000002
9,26.55654,-81.87175
9,42.951962,-85.645782
9,34.613411,-80.53286
9,28.499704,-81.718758
9,32.85556500000001,-96.770301
9,38.259846,-79.037059
9,41.054409,-73.80998199999998
9,30.457699,-84.25325
9,30.216305,-93.325401
9,38.704939,-77.223911
9,45.506329,-122.682137
9,34.969871999999995,-82.03855899999998
9,41.4404,-81.41084000000002
9,41.467709,-73.82119
9,43.207221999999994,-77.679192
9,47.289536,-122.306915
9,33.95474,-118.107561
9,41.798711,-87.63168399999998
9,33.506005,-84.230497
9,42.756477,-70.941971
9,39.0484,-94.64673
9,33.77383,-84.358757
9,33.880806,-117.613518
9,45.53514000000001,-122.58353
9,30.00825,-90.26056
9,35.19001,-80.79836999999998
9,38.89365,-104.720207
9,29.077999,-82.053551
9,44.70571,-93.285067
9,35.165735,-80.876165
9,42.360015999999995,-88.033295
9,40.755438,-84.075721
9,40.876521,-121.674701
9,42.32856,-83.057594
9,28.552114000000003,-81.38243100000003
9,37.592281,-122.364822
9,39.29496,-84.46608
9,44.796703,-93.289238
9,29.753428000000003,-95.366409
9,45.36077856995889,-122.76149868906612
9,42.34127,-83.04952
9,37.523323,-77.45186600000002
9,37.8106,-122.248779
9,29.81157,-95.34702
9,43.000751,-85.73764
9,27.298779999999997,-82.489288
9,39.30037700000001,-76.54863
9,30.753704,-88.094475
9,39.396587,-119.758041
9,37.491871,-112.563164
9,41.89151,-112.514069
9,30.466652000000003,-91.166679
9,39.327716,-120.275422
9,30.330568,-84.25100400000002
9,39.037399,-77.415199
9,33.516418,-81.586388
9,31.824099,-106.372955
9,33.831635,-118.255981
9,33.831538,-84.359933
9,43.092896,-76.089659
9,33.902273,-118.06223
9,37.52964,-122.27405
9,37.834721,-122.29468500000002
9,33.93127,-84.16995
9,35.018021000000005,-81.89679699999998
9,35.037846,-80.60174599999998
9,35.19430900000001,-80.765541
9,40.572865,-112.29501299999998
9,38.801548,-77.112083
9,41.869132,-75.362905
9,28.486908000000003,-81.417427
9,28.578411,-82.376671
9,29.87848877892552,-82.54310488661507
9,32.731419,-117.08903
9,46.008628,-92.932974
9,45.94110131241826,-108.14487576433112
9,41.273823,-81.636169
9,40.716266999999995,-73.82729300000003
9,34.010713,-117.069549
9,43.091412,-75.747284
9,40.083511,-75.394806
9,33.62120032294454,-85.59234738309101
9,34.470442,-117.34599
9,45.37216,-122.59102
9,37.30931500000001,-121.849083
9,34.14849,-118.37269
9,30.4711,-91.108856
9,43.137003,-77.553896
9,33.559740000000005,-117.299609
9,34.869141,-82.416779
9,45.067024,-93.185898
9,42.370899,-71.061981
9,29.688955,-95.604256
9,35.769436,-78.637054
9,38.441056,-82.12703499999998
9,34.031665999999994,-118.218513
9,37.434164,-119.93938500000002
9,40.45359000000001,-79.99739100000002
9,47.231372594608146,-122.42984890879428
9,34.070755,-117.762634
9,47.23637100000001,-122.423419
9,42.952721,-78.909248
9,25.732991,-80.321852
9,38.577187,-89.931
9,30.421599,-91.18572
9,37.418728,-121.970436
9,36.300735,-86.700935
9,37.31453,-121.82792
9,35.102711,-80.988701
9,35.119521999999996,-80.881279
9,25.924873,-80.309303
9,42.295334,-71.218048
9,30.37504,-91.033287
9,40.847923,-73.942825
9,25.702429,-80.33314200000002
9,40.033772,-76.597031
9,33.431641,-86.71236400000002
9,27.84162700000001,-82.644836
9,37.125596,-113.530061
9,26.260412,-80.133423
9,35.82431,-78.314583
9,29.686515999999997,-95.562698
9,39.984779,-75.274559
9,39.36027,-77.15985
9,33.92889,-118.289368
9,36.995425,-120.837139
9,41.079861,-73.717476
9,27.997641,-82.34252
9,41.99519,-88.16591
9,39.74028,-105.076721
9,30.520437,-91.179047
9,34.509333000000005,-118.111938
9,28.24976,-82.698799
9,32.840527,-96.913895
9,37.627371,-122.081243
9,35.598452,-82.388572
9,26.048561,-80.162697
9,33.874691,-118.160004
9,42.955669,-124.1064
9,33.567242,-116.587257
9,33.685383,-84.403735
9,29.74213,-95.426483
9,36.757599,-76.286407
9,30.374129999999997,-97.690788
9,34.144642,-79.570213
9,28.0291,-82.504929
9,38.652446999999995,-121.391129
9,37.789303,-122.254015
9,28.035165999999997,-80.621803
9,34.866264,-81.985893
9,30.28507,-97.742867
9,35.82125900000001,-78.611542
9,35.092388,-106.652603
9,38.52461,-121.80348
9,42.16605,-70.89292900000002
9,34.050089,-118.262836
9,44.95552897431872,-93.25876593545313
9,41.06271,-73.86224399999998
9,47.668503,-122.187019
9,35.38501,-97.763443
9,25.736808,-80.319627
9,28.55265,-81.430397
9,36.307554,-119.71421399999998
9,35.09198,-80.856316
9,37.189671,-121.992599
9,35.207024,-80.796341
9,42.154209,-88.12831899999998
9,36.069094,-86.585468
9,38.984928,-76.575546
9,30.4949,-92.419861
9,40.16356,-75.210803
9,30.499715,-91.139707
9,35.242611,-80.780037
9,35.766617,-78.735474
9,34.93568,-82.00165600000003
9,33.676777,-117.757103
9,41.896343,-87.647713
9,35.837547,-78.65612
9,45.480671,-122.680267
9,41.50651,-87.53373
9,40.937851,-74.125702
9,41.354294,-75.374336
9,33.570747999999995,-117.67203700000002
9,38.580652,-112.482615
9,30.144872999999997,-92.007744
9,29.808849,-95.412369
9,38.96152100000001,-74.903702
9,42.428322,-83.094199
9,30.675894,-88.127167
9,29.960749,-95.418327
9,41.124416,-73.704094
9,35.05011,-80.849003
9,43.186451,-77.6138
9,38.661259,-90.568436
9,33.562678999999996,-86.522148
9,40.799252,-74.18903399999998
9,39.639618,-84.254326
9,34.787147,-112.45213400000002
9,29.496565000000004,-98.384186
9,38.261391,-85.735344
9,39.988258,-75.08890500000003
9,38.022787,-78.43275799999998
9,32.312308,-81.059365
9,44.406813382890654,-92.9797732825614
9,40.850208,-74.834435
9,32.235671999999994,-110.984116
9,38.775379,-90.340347
9,34.015575,-118.172272
9,28.032215,-82.738327
9,34.165882,-118.469574
9,37.834919,-122.483894
9,33.940984,-118.096584
9,36.785042,-76.414099
9,34.878765,-117.11465
9,36.060837,-95.886482
9,41.65701,-70.89399999999998
9,35.05024,-80.868187
9,30.24991,-81.55853
9,28.406954,-81.456009
9,35.085903,-80.773865
9,41.952957,-70.712357
9,34.120358,-117.874283
9,43.16011,-77.55530999999998
9,35.895359,-78.549789
9,44.318562,-93.914436
9,42.380428,-83.236649
9,34.57744002325736,-77.90243267975853
9,34.868977,-81.63118
9,40.90320467929409,-74.0928804870887
9,34.063764810399704,-117.8201401228055
9,37.30843,-78.75353199999998
9,28.952156,-80.9505
9,29.354919,-94.943787
9,33.988602,-118.256462
9,28.871344,-81.161926
9,33.436826,-112.108642
9,35.407913,-80.86071
9,29.674459,-95.574478
9,33.999821000000004,-118.179703
9,34.284813,-118.794266
9,33.977825,-81.075058
9,29.170361,-82.127739
9,37.702202,-122.154794
9,42.060985,-86.45081400000002
9,40.743194,-73.83366
9,32.841839,-117.120392
9,34.176783,-118.867584
9,25.968747,-80.165592
9,35.84893584234309,-78.79923462830162
9,33.77344,-117.48507
9,28.177589,-82.665047
9,34.470824,-81.911209
9,36.989352,-121.98528600000002
9,25.912024,-80.210388
9,33.724789,-84.90078000000003
9,40.741295,-73.84255999999998
9,33.41488,-111.916695
9,40.728110074802736,-73.97166609728826
9,42.69714000000001,-73.83899699999998
9,32.78653,-96.805237
9,45.55709,-122.56723
9,37.581501,-122.329231
9,34.268505,-118.435111
9,25.92552,-80.26555
9,37.001953,-104.48166
9,35.823516,-78.381869
9,33.8825,-117.64503
9,33.796516,-117.230972
9,30.371744,-97.687263
9,33.876675,-118.107093
9,30.15181,-97.764839
9,39.027149,-77.428993
9,42.48705983,-83.2780087
9,33.470863,-80.804408
9,35.7813,-78.64166999999998
9,43.98141500000001,-117.117857
9,30.448861,-91.251143
9,37.830662,-122.293381
9,41.7326,-74.06626999999997
9,33.84599,-118.09048500000002
9,28.68321,-81.895826
9,25.89808,-80.339272
9,34.03714,-81.090858
9,44.89008307,-93.28719735
9,34.060347,-118.2149
9,34.317807,-119.292937
9,42.92333722094095,-124.11562800348229
9,37.444772,-79.610886
9,34.282111,-118.772266
9,38.599876,-121.40148899999998
9,34.087261,-117.645409
9,34.031612,-118.189758
9,30.420813,-84.228706
9,29.485981,-98.710373
9,39.267288,-120.074471
9,39.379501,-76.62281800000002
9,32.445965,-84.927711
9,40.679601,-73.702443
9,34.072151,-118.108337
9,33.914021000000005,-118.113487
9,30.407583,-97.719898
9,41.07525,-73.46636
9,37.267921,-121.953484
9,27.440388,-82.587685
9,45.53359,-122.62536
9,34.490956,-118.167547
9,37.289304,-79.186324
9,33.805671000000004,-117.906245
9,41.877571,-87.9188
9,33.948640000000005,-84.13776
9,29.728619,-95.41283
9,40.98317700000001,-74.088806
9,43.659438,-93.076171
9,30.270218,-81.61281600000002
9,42.349682,-71.08219100000002
9,37.898719,-122.516121
9,35.035175084900686,-104.40089821765709
9,38.84978,-77.43312
9,33.450590000000005,-117.130297
9,29.896919,-90.085007
9,33.932845,-118.368284
9,38.934082,-77.24662
9,41.049679,-76.840271
9,32.67583966239607,-97.01377272559635
9,28.300823,-81.375334
9,37.63232,-122.110161
9,35.493137,-97.5121
9,30.517643,-81.635216
9,40.44425,-80.02821
9,42.48892,-83.08129
9,35.698429,-78.584503
9,34.932390000000005,-82.298404
9,39.77983,-104.99207
9,36.089104,-86.64999399999998
9,33.46817,-82.022667
9,38.376095,-121.361916
9,33.447098,-112.062073
9,35.225842,-80.863388
9,35.801842,-78.627388
9,45.06866,-93.26332
9,32.895092,-96.712195
9,37.566479,-77.481491
9,34.063202000000004,-117.387703
9,33.252004,-117.421875
9,30.416986,-91.098518
9,34.41075683,-118.6696279
9,29.759089000000003,-95.351822
9,25.784727,-80.265015
9,36.072617,-86.611244
9,41.16529,-112.02186
9,40.77084,-73.917961
9,37.86644,-122.03878
9,38.592033,-121.552322
9,35.27293,-80.8851
9,32.7481,-97.30732
9,45.370679,-122.749426
9,34.710869,-80.898048
9,37.94122,-122.32403
9,34.024158,-81.22084
9,27.960902,-82.77525
9,35.866653,-83.959564
9,39.712692,-105.000298
9,36.094421,-86.653343
9,33.796211,-84.393692
9,40.858436,-76.76213800000002
9,39.776488,-104.873629
9,38.820171,-122.69754
9,34.064968,-118.000237
9,40.111813,-75.28514100000002
9,47.62463,-122.335846
9,29.845159999999996,-95.570068
9,43.060074,-83.8228
9,28.194575,-82.39036999999998
9,47.487083,-100.352691
9,30.45042,-91.187073
9,44.980294,-93.244733
9,42.338947,-71.262711
9,34.025656,-118.237
9,34.011375,-118.494881
9,39.628099,-107.10348799999998
9,38.819186,-121.938928
9,33.9534,-118.291884
9,26.19233,-80.2105
9,45.163487,-93.521478
9,33.68755,-117.88966
9,26.89902,-82.00631
9,35.11521,-80.96233000000002
9,40.62882000000001,-74.3025
9,36.16597,-95.980408
9,39.339861,-123.313594
9,38.170132,-105.500549
9,43.078304,-77.485046
9,39.3332,-76.744796
9,34.894665,-82.29118299999998
9,33.223686,-87.532333
9,29.72035,-95.354851
9,32.431808000000004,-93.711868
9,33.422001,-111.928917
9,29.653440000000003,-95.480217
9,39.692822,-105.053192
9,35.648774,-118.324711
9,35.54538,-97.636673
9,40.046612,-76.31523100000003
9,30.480079999999997,-91.115288
9,33.959395,-117.548992
9,26.241837,-80.126984
9,39.632637,-84.20303299999998
9,47.860049,-91.841082
9,30.232466,-92.008789
9,26.724806,-80.06662
9,34.889819,-82.405748
9,40.286495,-75.26374100000002
9,39.18575300000001,-84.265048
9,39.740067,-104.990814
9,40.91463,-111.89147
9,36.08762,-79.76839
9,25.832415,-80.205963
9,33.26785,-86.809624
9,40.209068,-76.13497199999998
9,37.963696,-122.511817
9,25.564328,-80.38255699999998
9,38.288677,-85.646057
9,34.176049,-118.307264
9,35.20443,-89.79196
9,41.83971,-87.991341
9,40.98834,-73.66631
9,34.06384,-117.2861
9,37.6536,-121.898084
9,44.86225247361725,-93.24771523431178
9,38.018341,-120.395866
9,39.55732,-107.244897
9,29.397070000000006,-94.99397
9,33.46228480323094,-80.4784262176491
9,41.543864,-72.79170699999997
9,34.199188,-81.885918
9,40.766102,-111.939087
9,36.326883,-119.198843
9,34.058878,-118.245281
9,41.817348,-87.74282099999998
9,30.322531,-97.710747
9,42.377529,-87.855499
9,28.378862,-81.365799
9,34.24779,-118.42585
9,40.121639,-75.103218
9,42.247131,-87.862495
9,34.11915,-118.159245
9,37.463451,-120.827769
9,40.90066,-74.14285
9,33.777,-84.605583
9,29.81283,-95.617027
9,40.490976,-79.484503
9,41.76318,-72.541588
9,35.565559,-97.515732
9,29.92401,-90.01996
9,35.844311,-78.609482
9,42.90316,-85.518911
9,37.09226,-121.601449
9,35.164906,-80.876122
9,36.37278,-82.37397800000002
9,32.96144127830047,-117.15722680035992
9,29.091442,-82.28885
9,32.774279,-97.212583
9,39.09563,-94.57876
9,40.021767,-82.964783
9,38.81363,-104.75252
9,29.951203999999997,-95.350937
9,44.862179,-93.485207
9,36.0811,-86.956528
9,29.63698,-95.211052
9,41.292492,-96.234406
9,33.39588,-111.96769
9,28.571075,-81.350204
9,35.48901400000001,-97.562729
9,30.30510300000001,-97.825356
9,40.985809,-73.960953
9,35.856049,-78.566788
9,34.073746,-80.99947399999998
9,33.985935,-118.135895
9,38.618906,-90.185816
9,35.947918,-78.996218
9,43.20068,-123.35938
9,42.97781,-83.78196700000002
9,32.367661,-86.317183
9,30.235991,-92.10743
9,33.703334999999996,-84.19384000000002
9,33.219234,-111.789322
9,42.266582,-71.564514
9,38.428047,-82.393751
9,32.64955,-97.18761
9,35.150787,-80.836899
9,36.838295,-76.15905
9,43.01162,-83.686989
9,40.39653,-77.124489
9,34.244713,-118.422546
9,33.942707,-117.278999
9,35.182365999999995,-80.85203100000003
9,34.212063,-118.348564
9,34.082366,-117.54495
9,35.78772,-78.598038
9,33.65513,-112.01363
9,39.929352,-76.976013
9,26.053562,-80.162346
9,42.346626,-71.06076800000002
9,41.543898,-72.79248199999998
9,32.778553,-96.909729
9,35.209841,-80.814452
9,36.127041,-86.803993
9,37.785183,-122.234108
9,33.901752,-118.370316
9,32.745281,-117.109154
9,28.390661,-81.541679
9,30.57886,-88.17439
9,42.46413,-73.396652
9,44.05887,-123.10104
9,30.488453000000003,-91.128198
9,25.93162,-80.204338
9,32.885052,-96.699257
9,40.021091,-75.624146
9,31.825766,-106.444992
9,40.847582,-73.92505
9,32.788953,-96.764095
9,35.815483,-78.738167
9,40.694743,-111.54424
9,34.07077,-117.7631
9,34.836207,-82.307066
9,43.24753,-124.22393999999998
9,35.77005399999999,-78.55889499999998
9,37.547934999999995,-120.905365
9,33.676445,-79.73751
9,35.333126,-80.72152700000002
9,36.553261,-82.019577
9,25.899131,-80.193073
9,37.775719,-122.424477
9,43.151565999999995,-77.57060200000002
9,30.180431,-97.746857
9,33.367949,-117.548449
9,37.622337,-77.50301400000002
9,33.637980999999996,-112.349411
9,39.921948,-75.040185
9,33.869680166083,-117.67154574338116
9,33.16198,-80.71498100000002
9,37.48875,-122.213219
9,25.872396,-80.347305
9,34.173649,-118.553482
9,34.933468,-82.283348
9,36.329494,-86.563019
9,28.596432,-81.39827
9,32.791458,-96.746506
9,34.50116,-82.059303
9,37.75629,-121.96311
9,40.609598,-112.028393
9,37.229423,-121.973396
9,38.274105,-122.04924
9,40.642697,-74.683829
9,41.5243,-73.88588
9,35.284199,-80.675402
9,37.774441,-122.231941
9,26.12138,-80.18618000000002
9,47.137131,-122.52567
9,27.995690000000003,-82.32628000000003
9,32.210468,-110.979927
9,44.948425,-92.903168
9,30.042932,-89.980115
9,34.081905,-117.715675
9,40.770569,-73.56510899999998
9,32.998505,-80.094177
9,30.691941999999997,-88.028114
9,27.92771,-82.796013
9,26.047995,-80.16244499999998
9,37.532101,-121.941727
9,33.87947,-84.27319
9,45.159532,-93.031123
9,27.960415,-82.454539
9,30.233734,-97.741081
9,39.641087,-75.80246
9,37.964297,-122.317529
9,35.732513,-78.644892
9,45.432595,-122.363639
9,37.963657,-122.511856
9,34.02722,-118.23284
9,30.574824,-91.154719
9,28.198076,-82.739876
9,25.75318,-80.20481099999998
9,35.02766,-85.25488299999998
9,29.70736,-95.25416
9,36.00313067,-83.96203637
9,38.431627,-122.716571
9,32.842457,-96.664688
9,39.987858,-75.009712
9,29.993082,-90.049263
9,32.730079,-117.064073
9,35.609207,-97.49688
9,34.005481,-118.172272
9,28.495118,-81.45908
9,40.115987,-80.432571
9,34.067265,-81.14218100000002
9,30.440615,-97.6838
9,34.130599,-117.929879
9,40.662041,-73.94294000000002
9,29.96556,-90.07199
9,42.689503,-84.502937
9,29.70223,-95.376549
9,30.3417,-97.782326
9,43.59104,-119.96971
9,32.767364,-97.308339
9,40.90996384601159,-74.03779864275914
9,42.29996,-85.0775
9,33.43589,-111.891747
9,34.05238,-84.556145
9,32.788301000000004,-117.160423
9,42.26186156252736,-120.34665226878954
9,38.194241,-120.677803
9,26.663879,-81.886742
9,39.34267,-77.071686
9,37.29220032674173,-121.9373738759902
9,35.421413,-80.776886
9,33.687443,-117.872017
9,29.823893,-95.495453
9,35.19944,-80.72094
9,37.700866999999995,-122.026833
9,35.156760999999996,-80.876228
9,37.689671,-122.082081
9,33.93578,-117.404861
9,41.59972,-93.519539
9,40.238926,-76.980447
9,26.308740000000004,-81.74316
9,26.193776999999997,-80.25206
9,35.054321,-80.76870699999998
9,39.699539,-105.328819
9,29.266951,-82.189262
9,30.447190999999997,-97.731827
9,34.273379999999996,-84.81100500000002
9,45.378562,-122.290638
9,39.005324,-94.69403
9,36.862140999999994,-121.579643
9,30.39835,-91.155663
9,43.145412,-77.717308
9,37.690142,-122.122302
9,38.409191,-121.38887
9,33.744976,-84.390343
9,35.783997,-78.699585
9,25.576147,-80.372074
9,38.136665,-122.25856
9,39.324591,-108.206435
9,44.956287,-93.192513
9,32.179209,-110.9078
9,45.058242,-93.451178
9,39.364795,-120.117137
9,29.310209000000004,-96.097934
9,40.848928,-73.9391
9,34.034203000000005,-118.349922
9,26.139099,-80.169861
9,32.89371,-80.00076899999998
9,35.348751,-97.552467
9,33.887454999999996,-118.276001
9,39.78513,-105.083
9,29.811802,-95.563332
9,25.870501,-80.323311
9,29.740675,-95.464211
9,26.09367,-80.36367
9,34.106766,-117.898956
9,32.675937,-97.034663
9,39.81624,-75.09184
9,35.684109,-78.685257
9,35.417431,-97.581139
9,30.492571,-91.159203
9,30.352381,-81.557724
9,34.066725,-117.217706
9,42.450912,-71.024361
9,36.06089,-96.006813
9,38.938988,-77.133545
9,34.088402,-80.527023
9,39.82443,-75.42058
9,32.744814,-96.918809
9,29.455301,-98.539192
9,45.584618,-122.54391499999998
9,35.189118,-80.822735
9,27.712190999999997,-82.37113199999997
9,25.986624,-80.346096
9,35.606869,-97.531609
9,35.077057,-81.645638
9,35.834915,-78.670952
9,38.93252,-77.52745999999998
9,37.327164,-122.007451
9,29.632765000000006,-95.470715
9,35.225639,-80.84530600000002
9,44.007331,-90.670908
9,34.831409,-82.299149
9,35.557813,-82.595938
9,40.706814,-74.152573
9,32.67531,-97.24048
9,35.273083,-80.842697
9,45.05502,-93.1269
9,38.437504,-122.403354
9,33.382562,-80.518691
9,33.532771999999994,-80.863472
9,33.94911647,-80.99604964
9,33.310884,-81.465877
9,40.59267,-105.029449
9,34.22609,-118.37567
9,41.229813,-95.943153
9,30.15687800000001,-89.850639
9,40.860565,-76.781479
9,33.695187,-84.404877
9,30.20302,-92.014183
9,30.195971000000004,-92.075233
9,32.923538,-96.400841
9,30.289841,-81.98155200000002
9,37.77427,-122.230969
9,41.770669,-87.845084
9,25.96417000000001,-80.16585500000002
9,42.378961,-83.218859
9,33.859419,-117.986478
9,30.473669,-91.058029
9,34.024544,-118.23925
9,41.121376,-74.007706
9,41.350517,-83.622597
9,38.936195,-94.704781
9,35.06818,-120.512781
9,40.732149,-73.32029200000002
9,37.510098,-122.343964
9,41.531618,-72.822352
9,32.758779,-96.863643
9,33.631190000000004,-84.41099
9,35.2533,-82.21889
9,39.78455,-105.111343
9,39.973942,-76.682304
9,32.914284,-96.738979
9,37.783518,-121.193461
9,47.324501,-95.804977
9,39.01577,-77.016624
9,41.517941,-73.973724
9,33.603363,-112.292435
9,37.628215999999995,-122.121025
9,38.680612,-77.231418
9,32.337509000000004,-111.055443
9,40.698963,-74.254028
9,37.529732,-121.943403
9,35.27148,-80.83705
9,30.575845,-91.068667
9,29.496519,-98.420639
9,33.853737,-117.914749
9,38.289036,-77.508438
9,39.097336,-77.513481
9,35.794266,-78.582512
9,42.26752639,-84.61681724
9,33.941006,-118.096611
9,37.32111,-121.899872
9,29.297544,-98.547218
9,27.326824,-82.45926700000003
9,35.87823200000001,-118.828293
9,25.900119,-80.170298
9,29.94026,-95.303452
9,33.665569,-80.257538
9,35.223156,-80.724915
9,29.65571,-95.529213
9,34.052009000000005,-118.259821
9,32.930439,-96.758041
9,42.430195,-71.10301199999998
9,34.070910999999995,-117.956055
9,34.005695,-117.960114
9,35.748855,-78.64331800000002
9,34.436125,-118.59383400000002
9,32.921184999999994,-96.847952
9,26.121136,-80.194023
9,25.761515,-80.35291099999998
9,40.07053300000001,-74.866488
9,34.126408000000005,-117.916031
9,43.00214,-83.749329
9,34.036636,-118.161842
9,29.653190999999996,-95.563538
9,41.494003,-81.684219
9,35.01863400000001,-85.289511
9,35.20167199999999,-80.76059000000002
9,36.16465,-86.68861
9,43.152036,-77.61533100000003
9,41.519636,-87.74237
9,38.85629,-77.37775
9,44.976921,-93.088722
9,42.314011,-71.259323
9,42.336502,-88.031761
9,35.638481,-97.531517
9,42.590683,-85.66266999999998
9,42.167656,-71.071777
9,34.07029,-117.217468
9,37.796681,-122.423684
9,35.19565700000001,-80.82729499999998
9,37.067436,-119.493843
9,46.4815771577526,-111.97416901535044
9,27.99818,-82.321388
9,38.073448,-78.481261
9,30.294844,-97.719612
9,36.094105,-80.232597
9,37.604237,-77.502708
9,38.855171,-121.947151
9,28.56172,-81.133186
9,29.67465,-95.560883
9,35.31252999999999,-80.76006
9,39.681412,-84.22981999999998
9,32.837790999999996,-97.076118
9,36.16061,-95.779633
9,37.55415,-122.29162
9,34.06543,-117.997925
9,40.381547212408144,-75.98413824998862
9,33.215658000000005,-117.390259
9,33.46244,-112.238098
9,34.000931,-117.37468
9,29.858828999999997,-95.529572
9,33.495121000000005,-112.017303
9,41.03989,-81.66642
9,34.183878,-118.131575
9,42.548092,-83.789574
9,38.647382,-77.339224
9,38.651907,-123.399433
9,33.94043,-117.2985
9,33.779289,-117.879776
9,25.98899,-80.16585
9,33.014094,-80.238615
9,26.37208,-80.17079
9,29.795137,-95.699493
9,33.722115,-84.394592
9,25.68543,-80.41655
9,37.99243,-122.07587
9,33.39314818,-117.59159446
9,37.746441,-122.202023
9,37.57053300000001,-77.45400500000002
9,40.304456,-75.48002199999998
9,35.414821999999994,-97.580566
9,39.62748,-104.710709
9,29.46197,-98.477903
9,29.43758,-98.49046
9,40.430714,-79.957977
9,40.12556,-74.71695
9,33.925027,-118.326724
9,32.858093,-117.18501299999998
9,28.247774,-80.729889
9,25.628832,-80.34463000000002
9,37.17175841313757,-81.13996624907905
9,29.677721,-95.32165
9,41.266907,-95.972931
9,41.738941,-70.765617
9,33.776756,-84.605835
9,36.16621,-86.76473
9,40.845154,-73.926804
9,35.043960999999996,-81.890877
9,38.846886,-77.432068
9,48.237278,-122.310992
9,44.753029,-74.554579
9,35.834922999999996,-78.606422
9,28.3644,-81.42415
9,38.025318,-122.11187
9,25.684916,-80.42997700000002
9,34.013748,-81.16011800000003
9,33.63884,-112.422462
9,27.820745,-82.66478000000002
9,40.4767,-86.10773499999998
9,41.605099,-78.676918
9,29.882812,-95.411964
9,40.619512,-111.89061
9,39.811508,-86.03109
9,34.0714,-118.235573
9,34.033379,-118.117973
9,37.604134,-77.456551
9,41.263966,-73.684296
9,32.367298,-86.307037
9,33.926,-84.48739
9,41.497207,-95.227537
9,42.306061,-88.004333
9,39.018051,-76.411209
9,40.8454,-73.9256
9,43.05135369280313,-76.14562869035652
9,34.14075,-118.27751
9,25.734088,-80.285014
9,42.35968,-87.855736
9,40.064415,-75.135231
9,47.681553,-122.317474
9,45.528118,-122.687134
9,41.703053,-93.621567
9,41.218571,-112.003181
9,28.1908,-80.656868
9,28.37440800000001,-81.24440600000001
9,38.637253,-121.406677
9,29.720612,-95.530365
9,45.83049000000001,-119.60402
9,34.040574,-118.170194
9,30.191711,-81.705605
9,41.885925,-88.019722
9,47.547359,-122.320122
9,38.522176,-77.369313
9,30.419857,-91.084572
9,42.69701,-87.80278
9,33.862387,-117.77343700000002
9,35.9077,-78.9412
9,28.59201,-81.283737
9,38.861412,-77.349594
9,39.228772,-76.97315
9,34.464844,-118.543327
9,33.909107,-86.61554
9,30.159498,-97.748188
9,39.71384000000001,-89.643425
9,34.409254,-117.393819
9,25.894588,-80.170565
9,32.339092,-95.267044
9,29.801695,-95.267456
9,29.71636,-95.493073
9,41.859398,-88.05611400000002
9,28.331079,-82.69915
9,34.081837,-118.22374
9,40.707241,-74.17356099999998
9,40.105044,-75.419976
9,29.645836,-95.312218
9,36.140709,-86.833061
9,29.76428,-95.364166
9,43.31406,-73.632683
9,34.774263,-89.96465400000002
9,41.000366,-74.100952
9,37.37682,-121.941536
9,38.79974,-77.57594300000002
9,35.852051,-78.696617
9,37.502193,-77.473534
9,44.651868,-93.294755
9,41.904198,-88.037941
9,37.310337,-77.42739300000002
9,33.215513,-87.528767
9,27.352358,-82.49127
9,45.082422,-93.18612
9,35.219524,-80.752884
9,34.02582,-117.782181
9,37.673005,-122.072371
9,29.35676,-98.486237
9,30.351311,-97.471153
9,29.645029,-95.529308
9,33.76593,-117.937721
9,37.999841,-121.24491299999998
9,35.07545113546812,-85.10650277097173
9,29.296434,-94.887354
9,37.72506,-122.137403
9,34.031312,-118.163513
9,35.838375,-78.674278
9,39.717713,-77.737298
9,25.732204,-80.370522
9,40.734882,-74.123688
9,40.371685,-76.65055699999998
9,38.904413,-77.03194
9,26.729086,-81.83805100000002
9,41.197151,-96.033371
9,35.991661,-85.039497
9,41.516925,-81.67540100000002
9,42.994095,-77.34375
9,35.182632,-80.88748199999998
9,27.893909000000004,-82.722488
9,41.90963,-87.93019
9,42.336262,-71.06510899999998
9,32.301887,-90.166862
9,44.83001,-93.16736
9,28.51265,-81.401176
9,28.437517,-81.42899799999998
9,32.726379,-96.918213
9,41.264046,-73.683937
9,30.221090000000004,-82.149559
9,40.847923,-73.942825
9,41.716866,-88.007217
9,42.368313,-88.169159
9,45.108682,-93.301172
9,39.96524,-75.18543199999998
9,32.875439,-96.519089
9,38.994845151715296,-78.25558304749366
9,44.72694,-93.282272
9,36.196384,-95.975662
9,37.700728999999995,-121.801506
9,40.302971,-76.880791
9,34.270859,-119.214447
9,42.33127,-71.06194
9,40.180786,-75.183159
9,35.036434,-77.210534
9,30.446299,-91.179856
9,35.773232,-78.692299
9,40.80481,-73.91181
9,37.920646999999995,-122.062317
9,38.735748,-122.144753
9,26.43405,-80.08939000000002
9,35.467819,-97.545494
9,35.114792,-82.225189
9,40.78924,-73.8197
9,43.127414,-75.3221
9,34.072495,-117.94062
9,28.550955,-81.37683100000002
9,33.48053,-112.162399
9,41.68523,-71.13686
9,34.124142,-118.476906
9,38.537890999999995,-89.99284399999998
9,45.83143,-94.295496
9,41.068439,-73.76944
9,40.699290999999995,-75.178185
9,29.88942,-95.412109
9,40.609321,-73.986109
9,33.47234,-86.763863
9,45.0785,-93.40183
9,26.719088,-80.089302
9,34.729752000000005,-81.183121
9,45.035608,-93.190647
9,30.4172,-91.089859
9,40.88645800000001,-74.417281
9,40.677471,-111.4319
9,31.753023,-106.277344
9,38.384869,-122.71611
9,30.263197,-97.70586
9,33.54673,-84.278481
9,44.96574,-93.28877
9,43.33901,-89.45508000000002
9,35.481709,-82.556335
9,29.793582,-95.557437
9,36.081564,-86.75832199999998
9,35.412933,-97.653908
9,35.911934,-78.652443
9,39.178185,-76.78875
9,40.00167,-77.105
9,47.73607,-122.18784
9,28.346840000000004,-81.633163
9,47.618542,-122.332993
9,41.031116,-81.505234
9,42.300838,-71.063789
9,26.39255,-81.812088
9,35.391338,-97.554306
9,37.617908,-122.152847
9,41.420448,-81.828468
9,40.737709,-73.934792
9,44.83351500000001,-93.295113
9,34.206542999999996,-118.200233
9,34.154949,-118.311058
9,29.79199,-95.374573
9,39.743679,-75.556931
9,40.203954,-104.884917
9,31.75897,-106.355759
9,30.218565,-92.018188
9,28.48275,-81.44471999999998
9,26.55661,-81.901756
9,35.445766,-80.866264
9,30.38607,-97.695793
9,37.712146999999995,-122.162567
9,44.854822,-117.897432
9,25.717202,-80.382762
9,25.908041,-80.335317
9,39.725506,-105.0774
9,34.898918,-82.394127
9,30.424335,-91.150719
9,37.327744,-121.878189
9,26.062937,-80.352478
9,28.52531,-81.38656800000003
9,34.388434000000004,-119.380374
9,30.500003999999997,-97.582138
9,29.999407,-95.230568
9,25.86221,-80.20835
9,41.991783,-88.14482
9,29.93475,-95.216537
9,44.826351,-93.291656
9,37.37682,-77.408005
9,37.88185900000001,-122.30797
9,36.046111,-86.660156
9,41.821251,-71.47567
9,33.85974,-118.29428
9,38.981808,-77.600166
9,25.960184,-80.294731
9,43.335281,-89.454285
9,42.29676,-71.04647
9,33.72991,-84.57278000000002
9,40.69989,-111.905487
9,41.058739,-73.82265500000003
9,40.708866,-73.95701600000002
9,32.734688,-96.874283
9,35.052105,-80.849731
9,34.387471000000005,-117.411878
9,34.03009,-117.698051
9,28.114126,-81.56501800000002
9,35.084381,-81.70755799999998
9,33.76502,-84.49386
9,30.257128,-81.43734
9,30.438108000000003,-91.024231
9,37.007201,-80.752156
9,33.538601,-112.147163
9,36.07177,-95.940109
9,42.97273300000001,-85.692595
9,28.542905,-81.281154
9,34.151661,-118.141609
9,28.551990000000004,-81.47596999999998
9,35.354354,-118.914067
9,39.956081,-74.206551
9,33.141801,-117.10489
9,34.196394,-79.850167
9,47.570435,-122.320001
9,42.197216,-88.009178
9,36.14055,-95.95823
9,45.532972,-122.632405
9,37.557543,-122.514064
9,32.163231,-110.977531
9,34.016739,-117.985382
9,29.751513,-95.389748
9,43.087624,-75.25923900000002
9,42.188077,-89.023679
9,38.789806,-77.174149
9,29.709190000000003,-95.480499
9,28.16428,-81.446619
9,33.998646,-117.855019
9,28.612631,-81.434174
9,35.417431,-97.581139
9,44.943493,-93.10891
9,30.383402,-91.007408
9,35.892905999999996,-78.559608
9,33.465771000000004,-112.036842
9,44.87468,-93.060532
9,27.897618,-81.599689
9,42.223178999999995,-71.170784
9,35.31869099999999,-80.779465
9,41.517941,-73.973724
9,33.741463,-84.41778599999998
9,33.571220000000004,-112.08905
9,39.744011,-77.08766899999998
9,38.80695,-77.449184
9,29.120979,-82.1847
9,29.80044,-95.484833
9,45.51936,-122.688239
9,41.09228969,-73.62958789
9,29.759604,-95.352669
9,33.767241999999996,-117.921608
9,37.926357,-122.060768
9,29.739758,-95.265503
9,25.796113,-80.239941
9,37.892761,-122.064903
9,43.123202,-84.56349499999997
9,38.170238,-79.017371
9,41.751835,-87.973824
9,33.6591,-117.901421
9,34.555496000000005,-86.973557
9,35.115372,-81.05297900000002
9,43.562521,-121.592029
9,26.745892,-81.917976
9,44.96468,-93.230728
9,32.807167,-80.02359799999998
9,45.57986,-122.96806
9,36.874905,-76.197243
9,30.290018,-97.741386
9,30.515940000000004,-97.68783
9,36.783863,-76.285149
9,38.859103917890266,-77.06996083222832
9,37.378128,-122.067574
9,39.10445,-94.680244
9,34.139809,-118.36535
9,40.732334,-89.51921800000002
9,34.594102,-82.665945
9,32.653431,-97.321358
9,30.333440999999997,-97.730682
9,35.50169,-97.534325
9,33.882721000000004,-79.452827
9,35.392662,-84.71916999999998
9,33.475803000000006,-81.97364
9,34.239124,-81.461205
9,40.48712,-111.89598
9,39.944824,-76.213708
9,33.933468,-84.35773499999998
9,44.531559,-94.873526
9,38.05327800000001,-108.144162
9,29.703634,-95.277954
9,34.870090000000005,-82.261772
9,35.233212,-80.79369399999999
9,39.50587,-74.51881999999998
9,44.154626,-116.943806
9,33.48574,-112.3626
9,36.311798,-82.386871
9,39.84676,-86.381516
9,39.844646,-105.05324
9,45.07927,-93.40212
9,33.846612,-118.20559
9,44.06274000000001,-123.07283
9,41.751099,-88.017548
9,33.599194,-117.776672
9,39.654949,-104.987633
9,34.879871,-82.29181700000002
9,25.89917,-80.210114
9,37.542624,-76.802441
9,37.667431,-122.395157
9,35.681195,-88.737288
9,33.026314,-117.274956
9,40.11411500000001,-75.761718
9,29.474409,-98.405098
9,39.817467,-75.19442
9,25.860059,-80.22585
9,38.62965,-90.32905
9,37.742702,-121.529022
9,30.704077,-85.141953
9,29.788991,-95.388072
9,34.19488,-117.41979
9,32.069638967361115,-81.19837403258705
9,30.455717,-95.495674
9,37.899685,-122.309677
9,45.511385,-94.279816
9,40.8985,-73.79655
9,36.116119,-94.176336
9,34.206520000000005,-118.200211
9,37.719157,-122.448254
9,42.17534000000001,-121.6378
9,37.46223,-77.53246999999998
9,38.25544,-85.75841
9,30.233406,-97.795509
9,39.535374,-119.778809
9,28.186382,-82.473442
9,38.011097,-122.230286
9,35.143501,-80.929153
9,40.075455,-76.330025
9,40.033611,-75.267166
9,27.43596,-82.45926
9,34.343441,-82.557556
9,30.266161,-81.61835500000002
9,33.81486,-118.18336
9,29.785213,-95.73568
9,33.486462,-117.14301299999998
9,34.903164000000004,-92.402477
9,33.5886,-117.64554
9,30.123545,-81.797722
9,33.758886,-84.379262
9,30.318094,-81.727514
9,27.811306,-82.664018
9,29.84852,-95.298798
9,27.102778000000004,-80.257958
9,38.909284,-120.926049
9,34.054111,-84.593475
9,35.129630999999996,-80.941734
9,28.578115000000004,-81.41643499999998
9,36.10627770406672,-95.88196635200556
9,41.803619,-87.930847
9,30.308641,-97.728409
9,37.551014,-77.443382
9,30.590465999999996,-81.51604499999998
9,34.140542,-118.227904
9,38.770744,-90.280457
9,41.42469000000001,-73.57764
9,47.392161,-120.607531
9,33.439682,-111.86676
9,41.025585,-73.731339
9,29.725126,-95.433578
9,35.525032,-119.18698700000002
9,35.262009,-80.878754
9,34.229713000000004,-79.799561
9,38.966759,-94.543762
9,34.201433,-118.189238
9,28.464439,-81.465599
9,40.4785,-74.40463299999998
9,34.030246000000005,-117.673127
9,42.7589,-73.763191
9,45.12477,-93.213235
9,39.200893,-84.37496800000002
9,36.341011,-82.375237
9,37.852398,-122.029068
9,38.895836,-76.952286
9,37.65469,-122.407852
9,39.229702,-75.57040400000002
9,33.871654271917954,-118.19380402508642
9,39.037029,-109.28408799999998
9,42.895668,-83.63247700000002
9,43.03479,-78.767822
9,28.400726,-81.24440799999998
9,25.566475,-80.372215
9,36.996346,-120.074287
9,33.130912,-97.199333
9,40.767864,-73.904892
9,40.041892,-79.101636
9,37.788197,-122.19899
9,42.099609,-119.709531
9,30.436040999999996,-91.154907
9,41.439348,-80.397465
9,34.157651,-118.453144
9,40.295544,-74.091099
9,38.210583,-122.6007
9,39.031624,-94.282578
9,26.331472,-81.750259
9,32.216938,-110.794044
9,32.86418,-96.769856
9,40.10215,-83.10035699999997
9,40.63282,-74.090057
9,35.801414,-78.62812
9,32.923939000000004,-96.769295
9,32.513371,-93.746887
9,34.142102,-118.2781
9,40.01153,-78.854238
9,29.74357,-95.298195
9,31.858215,-86.63138599999998
9,34.0146,-84.19103299999998
9,42.474743,-83.17540699999998
9,32.74593,-117.189667
9,37.681087,-122.124294
9,39.46944000000001,-105.37793700000002
9,28.248966,-81.62709100000002
9,42.210449,-70.99614
9,35.154018,-80.91481800000003
9,35.868168,-78.620834
9,35.911102,-78.728668
9,35.543703,-120.714613
9,45.464638,-94.12986
9,40.705845,-124.209717
9,42.338089,-79.5867
9,33.855374,-117.976325
9,37.633288,-121.002557
9,33.994732,-117.360703
9,36.695762,-80.735403
9,33.98635,-118.28025
9,36.324332,-119.616347
9,34.18926,-118.474263
9,30.026429,-90.009724
9,41.67042,-72.94303000000002
9,37.44591,-77.23337
9,37.448127,-77.686362
9,32.676204999999996,-97.177437
9,35.47876,-97.601067
9,34.789429,-82.33641800000002
9,39.943939,-111.540291
9,41.743721,-87.624779
9,40.584408,-73.926068
9,40.981656,-78.232126
9,32.883590000000005,-96.696326
9,37.404266,-122.05163600000002
9,35.412445,-119.092247
9,27.25208,-82.5354
9,33.612215,-117.171043
9,26.304499,-80.119743
9,39.688828,-104.970955
9,37.37524000000001,-121.933754
9,33.774522,-118.074915
9,44.00724,-93.95847
9,40.600288,-75.47287800000002
9,42.87302,-83.913322
9,30.00499000000001,-95.286949
9,36.356071,-82.39717900000002
9,27.916798,-82.814415
9,33.210598,-117.387192
9,45.44293,-122.74394
9,38.694042,-90.450661
9,30.403615999999996,-91.172333
9,34.18909,-80.68718
9,35.193409,-80.825218
9,29.727282,-95.605675
9,37.269167,-76.495064
9,35.256679999999996,-80.855659
9,43.306757,-103.831971
9,29.726179,-95.461067
9,30.22225,-97.676422
9,30.32375900000001,-97.705841
9,40.714493,-73.976715
9,37.86790967,-121.278795
9,30.447241,-91.175949
9,46.36943400000001,-94.244186
9,41.395676,-72.166428
9,32.79795,-96.817138
9,41.698952,-71.474785
9,40.50425,-111.899396
9,40.719917,-111.488793
9,48.168633,-114.427647
9,34.229149,-79.737312
9,33.761036,-118.024553
9,36.068272,-86.71204399999998
9,29.815775,-95.473648
9,41.66262800000001,-87.68510400000002
9,39.811066,-75.061615
9,47.482956,-122.197533
9,32.90153,-96.8979
9,36.166233,-86.65403
9,37.334255,-122.032471
9,34.27135,-117.44939
9,37.488021999999994,-122.208679
9,40.778938,-73.256241
9,30.419025,-97.746841
9,35.25954,-80.79505
9,37.55012154561257,-77.43570685349731
9,28.462358,-81.458656
9,34.634571,-86.860809
9,34.147881,-86.84552
9,40.89045,-74.680725
9,32.720021,-117.117358
9,36.160656,-95.851204
9,37.638821,-121.402458
9,29.662284000000003,-95.579321
9,35.104149,-80.83300799999998
9,37.5709,-122.33106200000002
9,34.046982,-118.446304
9,38.9333045480779,-78.4778845306469
9,33.928309999999996,-84.176537
9,34.498638,-117.800255
9,37.650288,-122.430565
9,40.065033,-75.321533
9,26.72193900000001,-81.7612
9,35.81549099999999,-78.690849
9,36.33334,-82.389473
9,45.66219449021499,-108.80236029573057
9,28.500458,-82.352333
9,35.055158,-81.789695
9,34.001853999999994,-117.834566
9,32.284557,-86.484528
9,38.288826,-85.646011
9,45.511262,-122.705917
9,35.190399,-80.76230600000002
9,37.357547,-77.441974
9,33.999432,-117.888077
9,42.2946918,-84.08947349
9,30.190359,-97.770462
9,45.558848,-122.174662
9,30.45035,-91.154701
9,29.704826,-95.55146
9,33.936508,-84.159424
9,37.914584999999995,-122.317551
9,34.871269,-82.34626
9,29.532853999999997,-98.483627
9,29.21308,-81.10089
9,37.483467,-77.50225
9,30.439108,-91.187164
9,42.3042,-71.08244
9,37.966026,-122.332558
9,28.047449,-82.135834
9,32.668968,-97.238792
9,33.016009999999994,-80.666077
9,38.32268,-77.7092
9,34.876276000000004,-82.421298
9,33.05088,-84.95985
9,41.115898,-73.720322
9,30.721882581564326,-85.18555283505827
9,41.987389,-88.03109
9,30.25388,-97.712372
9,34.14775,-118.22874
9,37.878429,-122.07032
9,30.284715999999996,-97.659798
9,33.913284000000004,-118.127713
9,35.87300000000001,-84.32068000000002
9,33.881159999999994,-117.57548
9,33.267421999999996,-111.634758
9,33.07592,-117.07066299999998
9,40.73926,-73.49525
9,39.97245,-76.69886
9,34.055504,-118.198421
9,38.62967,-90.157648
9,34.016251000000004,-118.042133
9,35.093716,-85.322777
9,34.915005,-82.167847
9,35.50875100000001,-97.547661
9,39.749916,-84.139359
9,37.50021,-122.321884
9,34.265421,-114.12703
9,39.106834,-94.591461
9,35.392204,-97.423561
9,25.85942,-80.329752
9,37.56583,-77.470917
9,38.146491,-77.387709
9,30.421,-91.140549
9,34.071315999999996,-117.759415
9,34.111996000000005,-118.265465
9,44.894482,-93.251308
9,40.819098,-73.836349
9,35.797844,-78.556564
9,29.75691,-95.361122
9,45.068661,-93.263481
9,38.84697,-77.756376
9,27.962357,-82.801147
9,35.601095,-119.473433
9,34.802834000000004,-86.951782
9,40.679072999999995,-73.700386
9,38.838207,-121.117531
9,42.98438,-85.60665999999998
9,45.593259,-121.129201
9,41.993412,-88.162704
9,35.49633,-97.547684
9,47.65327,-116.72205
9,39.633586,-104.906788
9,34.291142,-118.470016
9,35.191132,-80.96900600000002
9,39.50741,-104.87237
9,35.696434,-78.584518
9,38.900215,-76.729515
9,25.897497,-80.233448
9,35.24963599999999,-112.688864
9,34.023434,-117.811623
9,47.502313,-122.646704
9,40.799019,-81.738579
9,30.21247,-97.827256
9,40.596432,-75.339813
9,34.107079,-117.91658
9,35.22433,-80.89058
9,45.369118,-122.134847
9,30.234021999999996,-97.86451
9,29.44541,-98.527184
9,42.983684999999994,-83.729309
9,34.068975,-117.842465
9,33.524033,-112.172997
9,41.96523300000001,-70.696159
9,30.369801,-97.583672
9,35.219643,-112.479218
9,35.88250700000001,-79.82083100000001
9,35.204819,-80.73850999999998
9,36.111435,-79.780914
9,37.194859,-93.450928
9,29.77763,-95.618248
9,28.063643,-82.714096
9,39.782552,-104.989561
9,35.591209,-97.724739
9,36.76593,-119.757919
9,35.310009,-80.838829
9,33.93246531470331,-81.29068493804316
9,37.638256,-120.903374
9,42.242264,-83.327866
9,36.19413,-86.840813
9,33.488144,-112.221503
9,42.79836773851967,-112.362724542082
9,42.913601,-71.465034
9,29.9636,-81.491341
9,40.7649,-111.99159
9,34.157113,-118.448686
9,27.967991,-82.75554699999998
9,30.20035,-81.554337
9,27.446194,-82.505562
9,44.60122,-92.93412
9,45.577461,-122.134362
9,29.440499,-98.484313
9,39.783409000000006,-105.032692
9,39.568304,-110.777621
9,38.678905,-121.320756
9,37.549324,-122.292496
9,43.053631,-78.990616
9,37.55022,-122.02569
9,35.478634,-97.570122
9,41.88961,-87.920486
9,40.733558,-73.92134
9,30.049454,-89.96627600000002
9,37.929547,-79.23140500000002
9,34.277851,-118.604759
9,42.219509,-87.994268
9,47.626278000000006,-122.328697
9,30.193731,-92.058693
9,39.384705,-76.73382600000002
9,32.67329,-117.082588
9,38.484963,-121.390302
9,42.35445,-71.05315
9,33.745377000000005,-84.389412
9,37.749401,-122.403603
9,37.702904,-122.016785
9,42.038612,-88.030052
9,25.845287,-80.24164499999998
9,27.980419,-80.622429
9,33.874313,-118.193291
9,42.99881,-85.59028599999998
9,32.453742999999996,-80.757446
9,41.82325,-87.72465
9,42.37994000000001,-83.14619
9,41.133034,-73.796227
9,34.090961,-81.165977
9,38.860493,-76.958931
9,35.608545,-77.487226
9,30.633034,-97.699829
9,35.856701,-78.84275799999998
9,38.556958,-121.474381
9,37.924633,-121.230765
9,27.708961,-82.67930600000003
9,29.957390000000004,-90.081025
9,33.854321,-79.0495
9,35.31519,-80.76788
9,29.716429,-95.484802
9,29.731369,-95.412857
9,41.431783,-83.88355
9,36.841468,-119.929353
9,26.942845,-80.15313499999998
9,35.689341999999996,-78.581924
9,37.852398,-122.029068
9,33.486145,-117.078465
9,34.426311,-117.572563
9,40.737274,-74.07605699999998
9,30.43178,-97.700226
9,39.0117,-104.80854
9,37.41764000000001,-77.64015
9,34.11965900000001,-117.806999
9,33.876476000000004,-118.095695
9,33.862021,-118.041542
9,40.706547,-74.151543
9,37.750689,-122.151759
9,41.677532,-87.662125
9,25.670803,-80.365776
9,33.993709,-117.890507
9,29.421669,-98.502083
9,39.90442,-74.82496
9,28.03508,-80.62173
9,30.472239,-97.847641
9,42.930477,-85.68124399999998
9,34.036953000000004,-81.110641
9,35.417316,-86.016335
9,28.612060999999997,-81.192009
9,34.036079,-118.093018
9,35.20895,-80.822823
9,30.443455,-97.707359
9,34.299702,-79.634384
9,33.72757,-84.34938000000002
9,41.236214,-73.812866
9,40.454645,-80.111199
9,40.03945,-85.71633
9,37.523212,-122.266513
9,33.729031,-81.359207
9,40.66689133624713,-73.76577973330609
9,42.95517,-83.64456899999998
9,37.330765,-122.01442
9,41.649185,-93.77388
9,36.325866999999995,-119.116974
9,35.64279000000001,-91.294438
9,40.726391,-73.766319
9,41.81278,-87.75729
9,40.25855,-75.599397
9,30.324303000000004,-81.527512
9,33.848141,-78.6856
9,42.15419,-71.06818
9,39.383672,-120.09001200000002
9,45.126389,-93.484856
9,47.73406,-122.32555
9,41.70129,-71.47436
9,33.923962,-118.300362
9,38.758391,-77.222507
9,33.917593,-117.437108
9,44.89074826,-93.26473117
9,33.847840000000005,-117.8555
9,44.949883,-93.101616
9,45.82497,-118.416804
9,36.989873,-119.528922
9,37.513192,-121.980977
9,36.104382,-95.92234
9,28.493792,-81.459929
9,37.4664,-121.905403
9,44.88168,-73.78805
9,39.778258,-104.893672
9,42.024646999999995,-88.311913
9,34.219260999999996,-118.54918700000002
9,26.678409999999996,-81.883133
9,33.856753999999995,-118.284625
9,36.917454,-121.825153
9,39.978901,-75.108873
9,33.5682,-84.578869
9,33.747849,-116.89315
9,41.574194,-87.457534
9,28.187378,-82.549066
9,35.088371,-85.215408
9,27.852009,-82.664642
9,29.689775,-95.557907
9,45.167076,-92.766551
9,25.950581,-80.430557
9,34.060642,-118.246933
9,33.775496999999994,-84.49629200000003
9,29.78639,-95.37007
9,41.81426,-71.43965
9,32.914951,-97.3173
9,30.14212,-81.70124100000002
9,41.963626,-76.924674
9,30.384359000000003,-91.064781
9,45.068726,-93.263115
9,34.509869,-120.500992
9,35.09193,-80.844193
9,38.053801,-122.223679
9,39.757282,-84.19651
9,32.941025,-97.142914
9,37.602924,-113.16153
9,37.550838,-122.376007
9,35.778616,-78.610524
9,36.827267,-121.419968
9,35.640366,-78.842087
9,39.99245524,-83.02489399999997
9,38.880997,-77.300812
9,43.178661,-77.683739
9,33.714157,-84.399354
9,33.406208,-82.025017
9,30.72813,-101.555244
9,35.529587,-97.504204
9,30.198883,-84.17654300000002
9,29.965405,-95.418861
9,34.074870000000004,-118.16166
9,38.71434,-121.540497
9,33.92463326437986,-81.29474043807366
9,30.394421,-91.179451
9,33.972736,-118.379409
9,29.697360999999997,-95.289032
9,32.817814,-96.870697
9,33.146620988687765,-112.0071279997253
9,38.64747,-121.528756
9,33.947437,-118.279312
9,34.545840000000005,-118.434408
9,32.67665,-96.89151
9,36.640911,-119.700249
9,32.098602,-81.321472
9,26.533790000000003,-80.07359
9,32.756111,-96.753067
9,35.111065,-92.434387
9,35.747101,-78.682053
9,33.792534,-84.386383
9,32.134993,-110.910477
9,33.984623,-118.396523
9,40.65798,-73.54623000000002
9,40.755146,-73.42226
9,36.062819,-86.68281
9,39.816563,-75.067635
9,37.44349,-77.5813
9,37.337208,-122.059396
9,35.100097999999996,-80.948509
9,32.959732,-80.292985
9,29.008711,-82.041351
9,34.824589,-82.293777
9,40.84005,-73.92905999999998
9,33.842042,-118.286251
9,35.212719,-80.856628
9,40.252987,-76.816841
9,34.163277,-118.472397
9,34.0686,-118.151176
9,32.777423,-117.111832
9,25.922213,-80.211143
9,29.759428000000003,-95.361694
9,28.552635,-81.432503
9,29.67774600000001,-95.321732
9,35.714729,-78.630386
9,29.68889,-95.58757
9,34.120731,-117.872643
9,38.807487,-77.21526300000002
9,38.014762,-87.46936
9,38.08316,-122.11422
9,27.46238,-82.58761
9,34.055001000000004,-117.299073
9,36.099819,-80.246033
9,39.500351,-104.761902
9,33.90505,-118.37054
9,29.823359000000004,-95.410538
9,29.982239,-95.276871
9,34.090795,-118.304803
9,34.067703,-117.593521
9,42.868511,-78.387863
9,28.552821999999995,-81.395744
9,42.480099,-88.096222
9,35.13969,-81.86969
9,29.736994,-95.301796
9,35.46314,-97.47402
9,29.712675,-95.399948
9,28.548696999999997,-81.557198
9,39.018919,-77.102967
9,35.911278,-78.767937
9,37.66637,-122.107491
9,29.689177,-95.454239
9,32.826443,-96.872391
9,32.22886,-110.90118
9,28.332781,-81.54508299999998
9,34.30055022,-83.40102553
9,44.971286,-93.296604
9,36.057037,-79.10405
9,38.077648,-122.190353
9,42.03667100000001,-88.03067
9,36.118839,-95.922432
9,34.036964000000005,-81.110214
9,39.995205,-85.84317
9,35.23597,-80.85578199999998
9,44.07783,-123.04729
9,40.020241,-76.727772
9,32.999207,-96.829216
9,44.956074,-93.191826
9,43.610309,-92.389337
9,45.320562,-92.990002
9,32.852734000000005,-79.98790699999998
9,42.03688,-71.307129
9,37.5729,-122.31636
9,40.67942,-74.00359300000002
9,39.775508,-104.861814
9,34.656231,-117.34214
9,32.294441,-110.811722
9,29.74966,-95.378311
9,44.969544,-93.300743
9,33.000355,-97.293259
9,44.826618,-123.014782
9,35.047842,-118.172117
9,38.120224,-122.23027
9,28.356659000000004,-81.419922
9,32.223363,-110.875326
9,30.389647,-97.73505
9,37.33749,-122.059494
9,27.388547999999997,-82.53151700000002
9,37.674248,-122.123466
9,36.847103,-76.003357
9,42.7268,-73.79861
9,38.92905800000001,-122.002136
9,29.630594,-98.459946
9,41.518448,-96.146454
9,43.674569,-92.753587
9,46.73334002472529,-95.73680520012029
9,32.908076,-96.894687
9,41.22577,-95.96942
9,39.262323,-76.709804
9,45.079811,-123.596878
9,30.32258400000001,-97.543091
9,40.773563,-74.034622
9,33.299622,-117.217857
9,35.2349,-80.83785999999998
9,33.521209999999996,-86.825912
9,25.883984,-80.32373
9,37.294579,-121.87278700000002
9,29.867040000000006,-95.54121
9,38.71451,-121.462366
9,34.06197,-117.19223
9,34.107563,-118.186386
9,34.111453999999995,-118.335381
9,29.744343,-95.362915
9,34.156833,-118.41378
9,29.951165000000003,-90.368996
9,40.785848,-73.446697
9,40.845262,-73.927777
9,37.544462,-77.449119
9,28.66201,-81.509331
9,34.381017,-119.474203
9,42.920474,-78.843369
9,33.936859000000005,-118.041725
9,37.892846,-122.166865
9,26.165726,-80.166969
9,35.876465,-78.67903100000002
9,39.21414,-84.46104
9,34.59578633291914,-117.25597500745172
9,37.65363,-121.89842
9,29.7792,-95.4455
9,30.2195,-92.08699
9,34.321178,-79.899139
9,34.980965000000005,-82.32672099999998
9,33.649086,-117.911469
9,44.88977,-93.35351
9,33.76368,-84.490723
9,29.546847999999997,-98.583481
9,41.685167,-91.482006
9,44.982803,-93.242783
9,35.435236,-77.774281
9,45.465013,-122.992729
9,34.01288,-117.43998
9,42.022929,-87.767285
9,32.939547999999995,-96.822014
9,32.83185,-96.63149
9,31.7542,-106.31899
9,39.653222,-76.660001
9,28.431761,-81.24166899999999
9,40.485209999999995,-74.422104
9,36.980125,-76.42392
9,47.82499,-122.271942
9,33.386235,-111.817229
9,38.2334,-122.61778
9,35.045317,-85.16358699999998
9,33.567558,-112.168999
9,35.580217,-80.561486
9,41.20005,-77.237534
9,41.079727,-81.81881700000002
9,25.867041,-80.32265500000003
9,40.128262,-75.322517
9,36.982594,-121.922051
9,36.993659734549546,-80.79243779143907
9,34.06612,-117.254227
9,33.776872,-117.831175
9,29.68334,-95.340034
9,36.314996480768606,-80.43516755065708
9,32.821391999999996,-96.816788
9,29.940149,-95.296265
9,42.055099,-70.725334
9,30.238090999999997,-97.69503
9,46.48990273453479,-109.76606726594082
9,42.300159,-71.12786899999998
9,34.047833000000004,-118.266335
9,39.566216,-105.062269
9,29.682227,-95.403227
9,41.841915,-88.01140600000002
9,40.318065999999995,-74.305679
9,42.24028,-87.925247
9,40.763206,-111.913918
9,41.629505,-93.775436
9,35.3657,-80.827454
9,33.88255,-118.02589
9,32.87239,-96.67966
9,30.349518,-97.533287
9,34.546946999999996,-82.807144
9,40.010125,-75.185663
9,34.06682,-117.98846
9,36.097775,-95.85804
9,34.068385,-117.395843
9,31.78554,-106.35605
9,42.232616,-87.85507199999998
9,39.711151,-104.985184
9,33.591165999999994,-117.179774
9,35.260948,-80.841278
9,28.451647,-81.16959399999998
9,29.832278999999996,-95.536842
9,34.341122,-118.505966
9,33.138645000000004,-86.68923199999998
9,34.123051000000004,-80.87445799999998
9,40.876324,-74.062943
9,25.770373,-80.33649799999998
9,37.690495,-122.098854
9,40.734818,-73.741486
9,25.926832,-80.23361700000002
9,26.683952,-81.798897
9,33.964319,-118.120005
9,30.42182,-87.214272
9,39.53545,-77.60622
9,32.70451,-117.085
9,47.158936,-122.415436
9,43.752083,-121.45997
9,41.02726,-111.908478
9,25.90498,-80.32467
9,45.948432,-98.52763
9,39.76144,-84.167038
9,30.472902,-91.167213
9,44.66879,-91.964773
9,27.837596,-82.69981899999998
9,40.97773400000001,-73.9729
9,33.99735332,-117.96759725
9,39.095546,-94.487839
9,37.203678,-93.261963
9,39.00479,-94.78436
9,27.981607,-82.384354
9,34.16098,-118.469437
9,42.742065,-73.699745
9,40.241753,-75.634628
9,34.072678,-117.787613
9,35.121819,-80.78035
9,34.719398,-86.932602
9,34.062129999999996,-81.121948
9,37.823811,-122.318672
9,33.84544,-117.876205
9,32.489005999999996,-93.724358
9,33.748565,-118.280503
9,38.481561,-121.430454
9,42.431164,-72.622055
9,39.800114,-104.933121
9,47.708637,-122.33017
9,27.494868,-82.474083
9,34.071743,-114.364548
9,37.688119,-122.134411
9,41.972046,-88.119659
9,40.5881,-111.872225
9,30.324303000000004,-81.527512
9,34.933614,-82.560834
9,29.787458,-95.61763
9,32.123627,-83.760834
9,37.673863,-121.460231
9,28.26605,-80.721855
9,34.053268,-81.108932
9,30.432636,-89.093529
9,35.522114,-97.561562
9,29.722198,-95.376961
9,38.877602,-76.880821
9,39.88351464252527,-75.10370850527234
9,34.971298,-82.326233
9,33.833110999999995,-78.67400400000002
9,34.157084999999995,-118.448708
9,33.90240311606453,-118.1047332281203
9,30.262724,-97.789505
9,45.266265,-68.680185
9,37.563744,-122.273224
9,47.212968,-122.46235
9,40.69811,-73.96246
9,28.32205,-82.699371
9,39.749916,-84.139359
9,35.09977,-106.6586
9,33.462383,-112.221069
9,34.037507,-118.17019
9,27.805629999999997,-80.50286899999998
9,38.19733,-90.40007
9,43.17847800000001,-77.68337199999998
9,29.680964000000003,-95.366592
9,33.86034,-80.112953
9,33.705387,-117.954247
9,35.951883,-79.541127
9,30.693029,-86.12346600000002
9,32.462757,-99.951744
9,29.106736,-82.185019
9,44.04562,-122.902907
9,40.9678,-72.16424
9,33.46230626090307,-112.4684250349404
9,42.610973,-71.268135
9,37.206245,-121.717402
9,41.486458,-88.197662
9,32.961382,-96.821457
9,29.676884,-95.528381
9,29.74987,-95.495461
9,41.42485,-73.62702900000002
9,32.907619,-96.898102
9,41.292309,-73.677414
9,38.224003,-85.505348
9,41.431915,-74.356851
9,41.083778,-73.665199
9,35.208931,-80.746361
9,40.111515,-76.972664
9,33.91173,-118.16002
9,41.716062,-71.470889
9,33.95779,-118.231079
9,41.24495,-78.772667
9,35.75185,-78.70633000000002
9,35.177677,-80.837425
9,33.82453322394455,-112.14297652191094
9,39.018871,-77.10289
9,37.585835,-77.469727
9,35.59460100000001,-97.638489
9,41.147148,-112.064468
9,40.704048,-73.817215
9,38.276299,-122.047394
9,41.341217,-112.037308
9,28.542382,-81.504735
9,39.154308,-76.77829
9,40.65972447,-111.90117001
9,40.86914,-74.459164
9,32.424153999999994,-81.01019000000002
9,32.803219,-96.834198
9,30.533074,-91.161185
9,32.134187,-110.951671
9,41.074516,-73.801895
9,30.443535,-84.403671
9,45.49729227998019,-118.41732859555044
9,40.583708,-73.92187
9,37.350227,-122.105011
9,38.201214,-120.692749
9,42.742554,-73.69747199999998
9,39.947567,-75.187798
9,43.818115,-94.428093
9,33.208412,-117.385818
9,42.338947,-71.262711
9,37.640091,-122.090622
9,28.461601,-82.540184
9,34.036589,-118.317611
9,34.197844,-117.4183
10,25.688198,-80.325783
10,27.815209999999997,-82.786301
10,33.892656,-118.28546
10,40.666633844181696,-73.80901694262597
10,32.781689,-96.80146
10,33.930313,-118.36826299999998
10,41.535473,-73.898933
10,32.923939000000004,-96.769295
10,34.087452,-117.64888
10,40.328752,-111.635432
10,40.73065,-74.13205
10,29.664387,-95.456451
10,34.983204,-118.944135
10,39.96724,-83.02459
10,26.163292,-81.71885400000002
10,39.5299,-106.21611
10,25.79319,-80.20551999999998
10,29.848061,-95.348602
10,33.936909,-80.825981
10,41.885216,-88.19435899999998
10,33.942825,-118.368927
10,33.964165,-118.169144
10,38.141490999999995,-122.236702
10,37.5527,-77.453812
10,43.020599,-83.696182
10,33.697604999999996,-117.940102
10,42.052708,-88.339928
10,40.199512,-76.21907
10,40.81194,-124.084301
10,33.71443,-84.26864
10,34.031321999999996,-118.433723
10,35.395179999999996,-80.923866
10,37.001953,-76.319586
10,37.979335,-122.32833
10,37.896791,-122.070748
10,45.507012,-122.670754
10,30.223736,-97.763443
10,39.00332,-77.94695
10,29.75765,-95.589104
10,34.019634,-117.988121
10,34.448708,-80.020752
10,33.79939,-118.288054
10,41.309963,-74.125656
10,35.093466,-85.223948
10,39.928234,-104.987823
10,34.117588,-118.169022
10,28.54842,-81.440117
10,32.869389,-96.670082
10,34.138127000000004,-117.418443
10,29.752081,-95.375122
10,32.9153,-96.86444
10,32.821364,-96.870167
10,30.183615000000003,-92.016548
10,38.11861,-122.285324
10,33.90465,-117.459886
10,42.42997,-87.82566800000002
10,41.951962,-88.143288
10,41.765305,-72.651382
10,38.973779,-77.332278
10,42.306121999999995,-88.053001
10,34.098924,-117.540489
10,35.860443,-78.702652
10,25.732996,-80.336924
10,42.062908,-88.265175
10,42.300255,-71.434578
10,35.657612,-78.848473
10,38.629832,-121.382814
10,35.748226,-78.875381
10,39.909054,-104.824493
10,29.995179,-90.109668
10,37.918184995470426,-122.0632660383126
10,29.689093,-95.595932
10,29.660859999999996,-95.574577
10,40.066284,-75.313286
10,38.35657,-81.64591999999998
10,29.749646999999996,-95.365631
10,33.194576,-117.254196
10,37.99618363362314,-78.31345438919871
10,37.765345,-121.352074
10,32.979909,-117.253211
10,40.820881,-72.96653
10,38.836606,-121.165504
10,39.04499000000001,-76.93316999999998
10,30.049564,-95.240562
10,30.358076,-97.730331
10,40.22184,-76.78402
10,34.100978999999995,-118.248697
10,43.09861,-89.513802
10,40.161228,-111.646744
10,46.790562,-95.805038
10,40.121899,-75.288635
10,34.083912,-80.939003
10,34.168689,-79.73088100000002
10,40.2882,-78.789597
10,34.269657,-118.446686
10,35.037261,-90.781326
10,33.875911,-118.168782
10,27.712466,-82.298238
10,38.655264,-121.074633
10,33.646675,-111.925308
10,33.87698,-118.14665
10,41.118664,-74.12238599999998
10,33.859325,-118.290604
10,38.582516,-90.108007
10,29.843872,-95.384422
10,29.703495,-95.614754
10,29.903236,-95.49575
10,35.9566,-83.971909
10,38.934837,-76.91703000000003
10,43.65491509416744,-116.35413050596073
10,25.94061,-80.19046
10,34.22071,-118.24435
10,44.24355300000001,-88.466095
10,45.311282,-118.06429
10,32.777382,-96.519333
10,33.872498,-118.059035
10,34.136631,-117.53669
10,29.745371,-95.363953
10,37.422775,-76.547699
10,29.63069,-95.165543
10,40.660034,-75.070351
10,46.10686,-123.92128
10,27.892487,-82.33671
10,39.93124,-86.02675
10,30.388065,-91.056236
10,37.89838,-122.30933
10,39.070881,-74.830048
10,44.41971,-119.245702
10,40.5963,-111.90298
10,44.812424,-93.398163
10,30.29612,-97.718536
10,44.27798151948797,-94.17018055870928
10,26.420244,-81.811646
10,26.207456,-80.13994699999998
10,35.657063,-80.46010600000002
10,33.493790000000004,-112.272438
10,41.834866,-94.362954
10,28.121429,-82.373749
10,41.50196,-87.31965
10,34.437336,-79.879944
10,34.215351,-81.48246800000003
10,37.701893,-121.907173
10,25.9321,-80.20384
10,40.760536,-73.962456
10,27.791986,-82.33499599999998
10,39.983978,-76.823944
10,35.313869,-80.751678
10,30.350527000000003,-97.500694
10,32.778523,-117.112641
10,33.37154,-82.121437
10,27.96303,-82.48493
10,41.906471,-87.919655
10,33.774408,-118.030961
10,35.370319,-118.97638
10,25.806415,-80.205988
10,42.49851,-71.11794
10,35.752972,-78.648949
10,43.177132,-83.814087
10,30.167345,-81.540009
10,29.630342,-95.181129
10,42.288028999999995,-71.250893
10,39.928467,-104.987823
10,34.594605,-118.112042
10,33.203369,-87.460091
10,37.712455,-122.169319
10,33.928308,-118.273892
10,35.59454,-97.531509
10,32.800416,-96.817206
10,41.169376,-96.023689
10,29.679910999999997,-95.599968
10,35.777691,-94.186405
10,40.16497800000001,-75.060524
10,39.701721,-121.90331299999998
10,28.237425,-80.713074
10,33.050518,-116.894814
10,30.321718,-97.703224
10,37.510661,-77.192617
10,29.741711,-95.304295
10,28.605989,-81.386375
10,34.467052,-80.996117
10,32.811554,-96.836861
10,28.55753,-81.475886
10,33.920228,-84.302582
10,25.812418,-80.215919
10,35.25824,-80.84135
10,39.936254,-120.914976
10,35.084099,-80.822929
10,39.314659000000006,-76.601974
10,25.812199,-80.20585600000003
10,42.98969500000001,-124.420376
10,38.456692,-121.410385
10,35.919182,-79.098575
10,39.745918,-86.250206
10,40.500259,-111.957718
10,28.087793,-82.454803
10,30.46357,-84.318123
10,29.713195,-95.467993
10,33.579861,-79.028252
10,40.609379,-111.976547
10,37.887704,-122.309224
10,32.997044,-96.866295
10,41.066448,-75.70150799999998
10,32.51403,-93.731235
10,47.64631,-122.32293
10,28.565594,-81.197636
10,38.151535,-122.447613
10,38.649208,-121.383304
10,30.85047841,-84.00668979
10,38.83580300000001,-104.650008
10,27.964518,-82.42598000000002
10,33.740431,-117.833923
10,37.364769,-121.900482
10,42.874718,-78.78817
10,46.09925,-123.75648
10,39.865673,-74.956238
10,43.666163,-94.277564
10,38.445541,-122.196442
10,39.72546,-105.02535
10,33.916221856909196,-84.28948044736725
10,42.589757,-122.816579
10,37.742187,-121.525826
10,44.49246,-92.313
10,33.687534,-117.88978600000002
10,34.037537,-118.038414
10,32.781078,-117.087723
10,44.856918,-93.247005
10,37.323948,-121.892509
10,32.802708,-96.831902
10,39.970058,-76.712593
10,34.4189,-79.412285
10,32.851013,-96.771545
10,39.750834999999995,-86.033997
10,43.033359999999995,-87.971413
10,29.978195,-95.215431
10,36.091679,-95.93119
10,42.901901,-87.936203
10,33.972553000000005,-118.379257
10,42.15282,-87.84819
10,33.998774,-117.928745
10,35.12381672842444,-109.5536792273066
10,33.654709000000004,-112.111
10,26.65509,-80.06935899999998
10,43.07106,-87.920288
10,33.925625,-118.317782
10,34.57348,-84.94795
10,41.813423,-71.407829
10,34.124657,-118.079361
10,39.187908,-104.850288
10,41.241531,-95.975838
10,26.55428767191623,-80.17282605132974
10,29.771456,-95.589882
10,30.38759000000001,-91.173325
10,34.081741,-117.708389
10,35.129622999999995,-80.94171899999998
10,27.841790000000003,-82.79523
10,35.06023,-85.032063
10,40.970046999999994,-74.079414
10,40.077657,-74.15608
10,34.754238,-86.710861
10,45.243,-92.983948
10,40.045559,-76.42214200000002
10,32.310435999999996,-90.162643
10,29.932885,-90.120815
10,33.950462,-80.990288
10,41.03817700000001,-111.948547
10,41.44852,-81.68959
10,33.001507000000004,-111.751938
10,30.411329,-97.686707
10,41.220051,-79.162483
10,36.153835,-86.788094
10,33.352802000000004,-80.691429
10,34.061367,-118.166824
10,44.80560300000001,-93.625488
10,35.100390999999995,-81.688728
10,40.80127,-73.929916
10,42.37851,-87.9394
10,30.315146999999996,-91.83152
10,35.73148,-78.644829
10,34.504866,-82.009704
10,40.305159,-79.591195
10,36.911926,-76.262857
10,33.91435,-117.88273
10,36.311798,-82.386871
10,35.89237199999999,-78.558448
10,38.431117,-121.953249
10,33.753998,-117.850538
10,41.053966,-73.833714
10,37.92157,-122.096056
10,34.821613,-82.28474399999998
10,32.724182,-117.155449
10,29.758141,-95.255814
10,34.290649,-80.77507800000002
10,42.70483,-71.168137
10,38.27015,-122.66763
10,34.001613,-83.869796
10,45.520119,-122.676826
10,45.55261,-122.89563
10,35.79174000000001,-78.662865
10,35.2169,-80.835236
10,40.845142,-73.92654399999998
10,40.057354,-76.293983
10,29.556274,-95.156685
10,44.979183,-93.287598
10,41.259666,-96.031532
10,40.847771,-73.169617
10,33.447632,-82.085693
10,34.638207,-83.620867
10,45.384735,-122.579201
10,32.76703,-97.31352
10,42.43077,-82.92419
10,40.772632,-73.279949
10,36.772511,-121.669117
10,41.331148,-82.66095
10,33.094301,-117.30449
10,40.70598,-73.45839000000002
10,39.05912,-77.064949
10,33.302467,-79.896398
10,29.425091,-98.480637
10,28.182011,-81.744019
10,47.595737,-122.311676
10,42.37851,-83.216553
10,28.34399,-81.26769399999998
10,32.476506,-93.72215
10,40.164757,-75.12473299999998
10,39.40014,-74.55951999999998
10,35.626255,-97.57148
10,30.455067,-97.665581
10,43.86884600000001,-95.11491
10,37.95253,-122.537483
10,42.760532,-73.756569
10,40.265547,-103.829973
10,29.746969,-95.370293
10,39.853774,-85.455922
10,30.287164,-81.496615
10,34.067384000000004,-117.567625
10,27.584245000000006,-81.7604
10,28.57078,-81.375816
10,32.740906,-96.429805
10,39.76037,-86.08147
10,39.760101,-121.855694
10,35.140166,-80.91289300000003
10,37.762814,-121.435036
10,38.60631108265589,-90.45083641962788
10,35.573566,-97.674034
10,34.155045,-118.310867
10,45.541492,-122.678694
10,28.448493,-81.477783
10,42.474701,-71.226288
10,34.80008483,-91.75385356
10,25.785637,-80.190605
10,34.364688,-119.036274
10,41.761463,-72.636863
10,36.272099,-86.68956800000002
10,41.25170900000001,-111.969788
10,29.757071000000003,-95.3787
10,30.429483,-91.056313
10,33.967316,-118.083427
10,39.047752,-84.573013
10,38.8885653,-77.21857667
10,38.797457,-121.88204
10,39.088356,-84.327957
10,35.2293,-80.84589
10,28.244619,-82.21324200000002
10,35.77685200000001,-78.63665
10,25.773218,-80.336555
10,35.15933,-80.94945
10,28.192095,-81.438744
10,41.469959,-81.74140899999998
10,40.75843,-73.992653
10,44.629621,-122.98032
10,38.996517,-121.109039
10,41.81333,-71.50929000000002
10,39.995518,-111.46888
10,35.57109000000001,-78.842353
10,32.931252,-96.771599
10,40.741817,-73.78295899999998
10,33.568241,-112.065224
10,38.23496,-122.261202
10,39.76519,-86.1429
10,40.671047,-75.105517
10,33.805141,-84.413338
10,39.881599,-122.197433
10,36.119645,-86.80872600000002
10,30.197201,-97.787766
10,29.71806500000001,-95.544159
10,37.14623,-121.98619
10,42.33477,-71.03537
10,34.752232,-86.749809
10,29.360778999999997,-98.632401
10,38.36565,-120.818329
10,33.040661,-80.075393
10,40.845226,-73.912926
10,34.118481,-118.787003
10,44.130902,-121.279936
10,42.3955,-82.98904399999998
10,43.10652,-89.313301
10,38.872086,-76.981592
10,35.788349,-78.642792
10,28.89459,-82.086838
10,40.82236500000001,-73.887215
10,32.686031,-96.79084
10,41.739677,-107.677865
10,35.11153,-80.89757
10,29.326164,-98.618828
10,29.703911,-95.571213
10,30.47805,-91.162376
10,44.859456,-93.362233
10,37.979703,-121.273279
10,33.174309,-87.474174
10,39.422694,-76.39774399999997
10,35.2286,-80.82891
10,32.454848999999996,-93.754478
10,39.878811,-75.10298
10,40.12383300000001,-75.33277
10,41.772549,-87.61747
10,35.882191,-82.47850799999998
10,31.083788,-87.53427099999998
10,35.171371,-80.878197
10,40.495419,-74.30074300000003
10,31.850571,-86.640854
10,40.62233,-116.914299
10,47.820259,-122.207451
10,35.788349,-78.642792
10,37.997124,-122.286018
10,35.16587,-89.87464
10,36.65447800000001,-79.876029
10,33.377556,-112.168358
10,37.763452,-77.46044300000001
10,34.7048,-118.79458
10,39.95959000000001,-75.175457
10,28.358809,-80.700294
10,42.390244,-87.904404
10,40.715142,-112.024875
10,26.71126,-81.80851
10,40.846546,-79.910652
10,29.417839,-98.678192
10,39.129925,-94.498756
10,33.796143,-117.877632
10,29.802731,-95.412239
10,39.72542,-105.022004
10,34.074482,-117.81086
10,39.780643,-84.16349
10,39.632009267618024,-106.058546304197
10,37.42914319020544,-77.34060645066577
10,33.38707,-117.17448799999998
10,41.49345,-93.484833
10,37.895218,-122.308243
10,33.509735,-84.670975
10,39.35589194,-76.48830771
10,39.773419,-76.960332
10,44.90631,-94.03273
10,26.68198,-81.8974
10,26.747771501413588,-80.1344597335809
10,41.871384,-87.750168
10,26.610346000000003,-81.653801
10,33.540062,-81.991791
10,46.870532,-113.981392
10,33.317585,-80.548386
10,42.47215,-83.11028
10,41.468887,-73.821075
10,36.175435,-86.673156
10,34.086721999999995,-117.928483
10,33.911716,-118.361282
10,35.258038,-80.979874
10,28.054540000000006,-82.4261
10,35.781475,-78.57325
10,40.708568,-73.99904000000002
10,27.960585,-82.758537
10,41.009494,-80.473425
10,40.853226,-96.725594
10,41.212486,-96.062195
10,38.88086199741897,-77.22136616670026
10,33.496021,-112.242371
10,35.19838,-80.811157
10,42.245727,-87.862511
10,35.79725999999999,-78.577766
10,45.382759,-92.79512
10,30.29377,-97.631081
10,40.34798741321398,-75.54204583132008
10,33.893242,-80.336189
10,28.553691,-81.447549
10,34.106685999999996,-117.864082
10,40.84724307040763,-73.93327832186729
10,33.856705,-118.284599
10,39.31892,-76.458862
10,41.048063,-76.832515
10,29.658049,-95.269623
10,34.213104,-79.778717
10,38.631408,-90.450344
10,34.040852,-81.527458
10,44.86176,-93.29826
10,26.26534,-80.12913
10,26.368028999999996,-80.170929
10,33.272591,-80.573112
10,34.073856,-80.94749499999998
10,38.85466,-110.92233
10,29.867611,-95.406631
10,39.758319,-105.14377
10,41.846661,-87.957726
10,25.80719,-80.289169
10,35.118623971771626,-85.0451338287113
10,34.76701,-86.554298
10,34.07093,-117.545048
10,39.592995,-86.541832
10,33.183849,-80.003502
10,42.335579,-87.91442099999998
10,30.38707,-91.047058
10,30.195976,-92.075233
10,42.45068,-82.917381
10,42.790240999999995,-73.759804
10,33.930462,-117.414246
10,28.696501,-82.5093
10,42.93026,-78.75704499999998
10,42.31866,-71.05179
10,39.304249,-76.89919300000003
10,29.777734,-95.372309
10,29.542351,-95.020599
10,33.183308000000004,-117.292496
10,47.67031,-122.32232
10,33.928902,-118.289368
10,30.558825,-91.133278
10,38.75416,-82.87238
10,40.509365,-85.692177
10,30.442596,-83.420854
10,39.711565,-123.34596100000002
10,34.062785999999996,-118.248741
10,40.201993,-74.58852399999998
10,33.91482,-118.07801
10,43.65176,-93.99858
10,28.472631,-81.39286899999998
10,29.025784,-82.182785
10,34.020229,-118.190483
10,26.092987,-80.168533
10,45.7185,-120.22266
10,39.942303,-75.142685
10,43.034361,-123.328602
10,30.398752,-91.054108
10,32.680817,-112.855929
10,33.034475,-96.991487
10,34.666053999999995,-83.07045699999998
10,41.90906,-87.92896
10,34.037144,-118.300367
10,34.03584838,-117.32253671
10,35.803669,-78.693855
10,35.73859,-78.549278
10,42.309475,-87.892433
10,34.060539,-118.215202
10,42.106991,-73.821437
10,34.069649,-118.261292
10,36.087421,-86.692184
10,40.829922,-74.70874
10,40.743506,-73.835689
10,28.447456,-81.473962
10,33.295311,-111.743721
10,42.377235,-73.637589
10,41.894108,-87.655785
10,31.299141,-89.308487
10,45.6584823129384,-118.7290227407516
10,33.015926,-80.66611
10,30.379972,-91.066376
10,29.400443,-98.511761
10,35.464348,-97.565697
10,40.824321999999995,-73.222336
10,47.158932,-122.402763
10,35.148705,-106.526733
10,40.04899,-80.66358100000002
10,39.1194,-94.56507
10,44.298096,-88.375519
10,34.173645,-118.553468
10,34.719390000000004,-86.573063
10,40.789787,-73.822487
10,39.855301,-83.063408
10,27.575740999999997,-82.40902700000002
10,38.75402800000001,-120.556679
10,33.949795,-118.092033
10,41.765152,-88.05648000000002
10,40.156027,-75.226055
10,43.033169,-83.610001
10,33.914371,-118.099243
10,37.58754,-120.952263
10,39.00115200000001,-122.791522
10,27.770309,-82.644836
10,34.120346000000005,-117.874306
10,42.972862,-83.76548000000003
10,29.672276,-95.424812
10,30.517288,-87.20156899999998
10,42.44307160357264,-82.91839957197706
10,28.309319,-81.567955
10,37.288544,-79.982224
10,39.772125,-75.24503299999998
10,38.97137045841708,-92.42189526513852
10,43.172119,-77.61241899999997
10,38.813996,-77.645375
10,42.28764,-71.093925
10,34.48684,-118.61692
10,28.385771,-81.504211
10,39.324539,-74.616646
10,34.152367,-83.64613299999998
10,37.237297,-122.004504
10,32.879078,-79.93111400000002
10,34.021217,-117.550093
10,37.598293,-122.421692
10,37.380332,-121.858382
10,46.360396,-111.549396
10,34.05566,-118.19713
10,34.030965,-118.030988
10,33.139091,-80.064087
10,45.541963,-122.272848
10,35.075939,-82.06993100000003
10,36.151787,-86.75264
10,29.845461,-95.390823
10,39.136894,-77.932234
10,44.778069,-93.504684
10,28.193519,-82.46547
10,29.442673,-98.638725
10,44.188475,-93.982289
10,44.933075,-123.029098
10,41.272732,-81.630302
10,38.630802,-121.216919
10,37.822716,-122.320107
10,28.950706,-80.950356
10,40.56522488574712,-75.49256443941357
10,35.010811,-81.956367
10,35.873745,-78.581284
10,30.416731,-97.847389
10,33.743230100000005,-117.11501956
10,30.275428,-97.913875
10,35.009370000000004,-85.271592
10,33.864437,-118.326408
10,32.215477,-80.747551
10,41.02577,-73.608795
10,33.856784999999995,-118.028526
10,40.774342,-73.246193
10,41.263309,-96.042961
10,34.39901,-118.949203
10,28.831941,-81.319866
10,30.198587,-97.764175
10,38.43719,-122.71816499999998
10,30.33765,-97.558487
10,42.6824,-73.784927
10,30.26544,-97.733584
10,32.88478,-96.69823
10,30.190958,-97.833443
10,40.083488,-74.760773
10,35.089813,-85.218727
10,29.665342,-95.289047
10,40.276618,-76.989313
10,36.146868,-86.79377
10,45.55641,-93.14182
10,30.229228999999997,-97.888298
10,35.74359000000001,-78.82135
10,40.853396999999994,-73.963356
10,38.013588,-77.41145999999998
10,36.612702,-121.567154
10,39.75599169712183,-77.26769328080526
10,42.735893,-83.380135
10,39.2192,-76.65853100000002
10,33.767122,-117.827022
10,30.375025,-97.739983
10,26.09379,-80.22670699999998
10,36.987761,-121.944502
10,42.630402,-82.849747
10,38.038976,-78.46829
10,45.613206,-122.678329
10,39.2678,-84.41318000000003
10,27.44779,-82.587616
10,32.879436,-96.770033
10,30.182865000000003,-97.687622
10,29.4675,-82.889225
10,40.78574,-111.949135
10,40.69755900000001,-73.535713
10,32.908531,-96.892298
10,37.13326,-104.52155
10,41.76547100000001,-124.19621200000002
10,40.028982,-79.496612
10,37.735826,-120.158377
10,33.814026,-117.914154
10,33.98495078,-118.07237506
10,32.553826,-83.797735
10,32.975159999999995,-117.25118
10,30.246918,-97.777222
10,40.763039,-73.978111
10,34.022625,-118.156616
10,30.534079,-87.08717299999998
10,41.40852,-74.34623
10,40.70174,-73.991264
10,34.293597999999996,-118.470238
10,39.780251,-104.949135
10,29.729066999999997,-95.520538
10,37.41917,-122.0902
10,33.50952,-111.98672
10,36.198967,-95.986763
10,37.580242,-120.869865
10,34.321411,-118.49675
10,30.194856,-97.62385
10,33.65758,-111.92521
10,39.939732,-83.00999499999998
10,28.348843,-81.30954799999998
10,33.279476,-87.09549
10,29.675225,-95.542438
10,42.496212,-83.358414
10,40.158058,-75.048843
10,35.217846,-80.871758
10,33.50658,-112.206589
10,39.741402,-75.564133
10,39.279767,-77.346544
10,33.925781,-118.105644
10,37.683086,-77.66828199999998
10,40.699936,-73.506401
10,32.881109,-80.018644
10,36.773605,-76.254509
10,40.782817,-73.53322
10,44.958478,-111.067302
10,30.301843,-97.715325
10,34.915119,-82.461952
10,35.061731,-119.001971
10,33.813313,-118.166618
10,39.022017,-122.675326
10,36.752857,-119.707352
10,37.701515,-122.021149
10,35.971561,-119.290581
10,43.063354,-75.392455
10,33.802834000000004,-118.125191
10,37.826248,-122.268204
10,34.189178000000005,-81.144012
10,25.807682,-80.321454
10,33.282619,-111.792732
10,35.839832,-78.676859
10,41.176189,-96.051643
10,37.778081,-122.401165
10,39.116714,-94.681534
10,38.42638400000001,-122.832062
10,41.451469,-81.49218
10,34.36795,-82.619164
10,35.876888,-78.538849
10,39.005914,-85.66411
10,34.023434,-117.811623
10,33.928005,-81.069405
10,32.835196999999994,-96.632233
10,25.625594,-80.342508
10,41.769279,-72.669426
10,41.073504,-73.801906
10,34.043037,-118.217239
10,34.134495,-118.356768
10,26.783161,-80.09902199999998
10,39.632698,-104.906487
10,37.749684,-122.151331
10,37.770409,-122.406929
10,35.147971999999996,-80.996475
10,33.871517,-117.701803
10,34.135653999999995,-117.965408
10,36.884041,-119.979996
10,33.93544,-81.076874
10,41.953274,-72.600998
10,39.005646,-77.077713
10,27.770787,-82.732681
10,39.415443,-77.435059
10,39.533668,-121.433826
10,34.557764,-117.542165
10,40.479335,-86.855328
10,32.836903,-97.023926
10,26.30555,-80.119431
10,33.936169,-118.093155
10,38.473301,-77.680701
10,34.470779,-84.918968
10,27.981684,-82.546623
10,47.58614,-122.329071
10,33.514645,-112.044304
10,37.765236,-122.404898
10,37.168912,-93.384509
10,38.379716,-77.78572700000002
10,30.235415999999997,-97.824829
10,28.51311500000001,-81.36189300000002
10,28.286672830446783,-81.35529398879356
10,42.313866,-71.36148100000003
10,33.941074,-84.504333
10,29.729774,-95.605743
10,36.120679,-86.764913
10,34.153721000000004,-118.340118
10,35.25957899999999,-80.77716099999998
10,33.03791,-80.148354
10,40.177269,-75.10619399999999
10,34.066071,-117.328079
10,42.028149,-88.260406
10,37.334247999999995,-122.032021
10,33.807806,-79.020638
10,32.777931,-96.791161
10,33.709259,-84.349533
10,35.655254,-88.872986
10,27.447745,-82.544782
10,25.92478,-80.154122
10,36.974071,-121.883072
10,40.40208300000001,-74.19064200000003
10,36.873566,-121.363671
10,27.267156,-82.473381
10,44.392157792833366,-123.06111216486424
10,29.73562,-95.379356
10,34.037271000000004,-118.377426
10,34.121033000000004,-117.828757
10,28.524956,-81.380015
10,40.33424,-76.756241
10,30.253206,-97.532387
10,25.672703,-80.358141
10,32.65309,-117.06957
10,37.37682,-121.941536
10,25.700791,-80.382289
10,33.469376000000004,-82.066856
10,37.383109999999995,-120.709244
10,40.687199,-73.595047
10,33.870686,-117.744362
10,28.8961,-82.10120699999997
10,37.316517,-121.957802
10,38.90535,-76.979973
10,32.767815,-96.831459
10,30.25393,-81.50831
10,46.67188,-119.90068
10,47.55328,-122.317665
10,33.789206,-84.390835
10,38.655795,-121.53329
10,29.51642,-98.52812
10,25.80925,-80.319039
10,30.42544,-97.715317
10,42.28964600000001,-71.633698
10,45.037978,-93.400688
10,38.931197999999995,-77.21217299999998
10,38.65073,-76.963776
10,42.335629,-83.037903
10,26.513462,-80.072098
10,39.769905,-86.15798199999998
10,41.78759,-87.631439
10,35.160744,-80.821037
10,37.500248,-77.457779
10,35.831764,-78.76355
10,40.947214,-73.850516
10,40.067549,-75.146682
10,39.398636,-77.437283
10,36.065166,-79.468956
10,34.209835,-117.412979
10,38.163441,-122.57592
10,34.17106500000001,-118.573829
10,28.218834,-82.248192
10,34.212063,-118.348564
10,30.232125,-97.668546
10,45.525281,-122.661725
10,30.386753,-97.734589
10,32.466879,-84.895838
10,26.667271000000003,-81.90892
10,38.872959,-76.97167900000002
10,25.98505,-80.16546600000002
10,33.930195,-118.368523
10,32.858973999999996,-96.902748
10,33.799671000000004,-117.503039
10,37.36193,-79.95156999999998
10,47.486058,-114.096913
10,43.1708,-77.60081
10,34.049924,-112.145656
10,42.288426160610726,-83.80880713422867
10,38.606459,-77.309218
10,25.914,-80.310602
10,35.068325,-89.794232
10,45.975357,-123.196381
10,40.744485,-74.12205
10,28.553562,-81.382111
10,36.118889,-95.904541
10,30.453501,-91.153351
10,35.757481,-78.574951
10,32.928490000000004,-80.04394
10,30.481703000000003,-97.745094
10,35.276756,-80.806931
10,38.320869,-121.444565
10,47.621479,-122.328819
10,39.649509,-106.587479
10,30.264481,-97.724716
10,37.54319,-122.06385
10,43.557858,-89.71320300000002
10,40.19827723483945,-78.48432183228259
10,38.24558,-122.6256
10,41.51941,-74.02139100000002
10,29.733542,-95.344659
10,35.87695956,-80.00479102
10,32.905319,-97.316893
10,40.935902,-73.83651
10,39.0965,-94.590248
10,42.885151,-78.86795
10,35.22003,-80.84466
10,41.158119,-96.138916
10,47.564735,-122.36335
10,29.725718,-95.476395
10,39.05662,-94.62934
10,33.81015,-81.00748399999998
10,28.420318,-81.401276
10,30.507971,-91.138771
10,34.13652800000001,-117.490494
10,38.878409999999995,-76.990845
10,33.720849,-117.972768
10,28.45963900000001,-82.627296
10,34.159685,-118.466248
10,32.8218,-117.162361
10,36.220031,-86.774774
10,35.093335,-81.006489
10,40.083813,-75.094543
10,32.965229,-80.16674
10,39.214661,-78.267739
10,39.94236,-75.14325699999998
10,37.698032,-121.97966
10,39.797352,-86.117203
10,41.78113,-87.63078
10,38.915961,-77.217332
10,38.237693,-77.50011500000002
10,37.720703,-122.178223
10,33.892573999999996,-84.25904799999998
10,35.805298,-78.59597
10,40.59039,-78.448839
10,43.32525,-123.34348
10,26.765173,-81.168002
10,35.082802,-81.705956
10,33.917103000000004,-118.104584
10,32.474522,-93.797249
10,37.901622,-85.69559699999998
10,38.725066,-77.203974
10,35.206771999999994,-80.795891
10,32.789582,-117.205866
10,30.443347999999997,-91.186508
10,45.00717,-93.400817
10,38.703709,-121.345932
10,40.60812,-74.31286
10,38.428442,-104.60775
10,37.903853999999995,-122.312927
10,38.5535895822594,-121.6906321042934
10,33.43592,-111.94436
10,36.111332,-86.922523
10,37.73418,-121.62957
10,36.89092040044361,-119.79257225933172
10,40.718703999999995,-111.903885
10,33.43738,-112.15189
10,26.20779,-80.139585
10,40.134353999999995,-75.44693000000002
10,42.985081,-85.683235
10,40.278286,-76.435135
10,33.473824,-117.674576
10,26.166954,-80.15933199999998
10,36.104244,-86.691734
10,45.066537,-93.16972
10,35.083958,-90.025574
10,44.398805,-70.68395600000002
10,37.825084,-121.21778
10,34.296879,-117.456223
10,34.420826,-117.185541
10,40.740101,-73.845428
10,34.135174,-117.598045
10,36.168339,-86.688843
10,40.743216,-73.837772
10,29.6963,-95.29152
10,29.996818,-90.061611
10,33.884128999999994,-84.469826
10,37.021259,-120.131493
10,40.59277,-111.90214
10,40.731213,-74.05119300000001
10,29.760769,-95.365738
10,30.16428,-92.057915
10,42.17794,-73.758774
10,35.169609,-80.90471600000002
10,28.544567,-81.416602
10,45.65159440018821,-109.25777792878505
10,36.145009,-86.857943
10,32.796619,-96.750679
10,29.630507,-95.339518
10,34.57315,-82.716316
10,32.14868,-110.9435
10,41.87532,-87.685928
10,40.108494,-75.111145
10,43.022896,-83.732605
10,32.698906,-117.094711
10,44.946663,-93.274864
10,29.596836,-98.282852
10,33.498821,-82.086998
10,33.781178000000004,-117.305389
10,39.970222,-76.73909
10,33.955349,-80.99368299999998
10,39.120682,-77.199371
10,40.06687045078245,-75.310217141746
10,30.401455,-86.863449
10,30.448547,-91.144287
10,30.190384,-97.770691
10,42.30024,-85.169586
10,39.23642,-119.58943899999998
10,39.84498,-104.9846
10,38.555466,-121.44091
10,40.84383,-73.895599
10,44.93426,-123.2083
10,39.492868,-104.873454
10,30.186689,-92.048347
10,41.56548,-83.58548
10,42.949688,-77.69738000000002
10,38.660775,-121.346852
10,34.446265999999994,-83.123375
10,25.789772271987015,-80.20413279495142
10,38.019184,-121.75154
10,33.863575,-118.32281299999998
10,32.860191,-116.925674
10,25.854055,-80.322479
10,34.069026,-117.871689
10,35.215813,-80.88511700000002
10,33.591221000000004,-81.93621800000003
10,34.117294,-117.861748
10,38.932575,-76.899208
10,25.909952,-80.397949
10,33.53103,-112.07373
10,39.82991,-75.08775200000002
10,42.124946,-121.826745
10,38.347084,-85.49073800000002
10,34.326237,-79.926331
10,35.81987,-78.74202700000002
10,40.674702,-111.89124
10,47.552856,-122.317436
10,33.510071,-82.028778
10,39.9603,-75.1809
10,36.157142,-86.78615699999997
10,37.648839,-122.096842
10,45.48283,-122.56614
10,44.938188,-123.036127
10,33.88179,-117.547043
10,37.210995,-76.617401
10,41.517941,-73.973724
10,40.0527513,-111.73519492
10,33.78948,-117.887874
10,32.758556,-80.62203199999998
10,45.514271,-122.701271
10,25.772704,-80.198999
10,45.069878,-93.296509
10,37.510155,-77.146194
10,37.764981,-77.460871
10,36.64468400000001,-121.664162
10,42.633432,-73.774124
10,35.416031,-97.565529
10,36.133331,-95.922508
10,30.007647,-90.266777
10,35.751511,-78.701134
10,41.861057,-87.644264
10,28.025340000000003,-82.46772
10,25.767389,-80.31823
10,34.155853,-118.242045
10,40.80966,-73.90284
10,44.82249140718068,-93.39811205819416
10,44.98109,-122.9929
10,47.247936,-122.385673
10,33.34926,-111.92847
10,36.75942,-76.31500600000003
10,40.04927515964484,-84.8286259170302
10,34.176413000000004,-118.468223
10,26.624059999999997,-80.184105
10,45.152426,-93.505155
10,42.361767,-71.055298
10,32.778458,-96.897118
10,37.64087,-122.40601
10,39.602677,-77.62479
10,37.035774,-122.021202
10,30.198299,-97.684128
10,41.84549689272953,-123.9188826078228
10,35.783119,-78.592499
10,42.40391500000001,-71.097672
10,32.92051,-97.31728
10,32.789524,-96.856415
10,41.30064,-72.91830999999998
10,37.258492,-122.122276
10,39.749916,-86.225197
10,33.512512,-82.046181
10,25.888164,-80.17224300000002
10,42.159088,-70.903458
10,30.432194,-89.094025
10,33.928631,-84.17662
10,40.671062,-75.213806
10,30.471741,-91.084671
10,35.177341,-80.817497
10,46.1301,-95.921608
10,38.64306807499578,-121.12116694392624
10,34.975753999999995,-81.983696
10,32.544497,-93.753593
10,34.024326,-118.240242
10,40.741285,-73.842941
10,32.76396,-117.20523
10,35.291019,-80.769203
10,39.318298,-120.610989
10,40.158821,-75.21421099999998
10,36.21258,-86.69171
10,35.127407,-80.942642
10,33.439542,-111.96676399999998
10,41.794415,-83.462059
10,30.44525,-87.23988299999998
10,42.36147,-83.07294
10,35.211739,-80.85768900000002
10,29.652212,-95.249168
10,43.023149,-76.67446899999999
10,26.00720286,-80.16701102
10,25.788481,-80.207779
10,32.803221,-96.792709
10,35.145241,-106.572083
10,33.722115,-84.394592
10,33.462109000000005,-112.151787
10,40.149185,-75.058098
10,33.278507,-111.863312
10,30.08451,-95.436865
10,41.896442,-87.979073
10,35.731845,-78.561122
10,40.768934,-73.71179000000002
10,35.280628,-80.87151300000002
10,33.86456,-117.99517
10,47.504829,-122.605438
10,43.11252,-87.91769000000002
10,34.700363,-86.585815
10,25.65307,-80.3859
10,42.057865,-88.031441
10,27.138435,-82.445526
10,34.084854,-118.219337
10,39.574747,-107.447765
10,32.399338,-93.738579
10,37.580418,-77.50479399999998
10,32.6912,-96.846085
10,34.711727,-120.488474
10,33.509438,-112.138512
10,38.93972,-94.56397
10,31.792179,-106.273795
10,43.017788,-85.763245
10,45.543568,-122.676643
10,32.518772,-84.952934
10,33.776999,-84.60558
10,30.30599,-97.679092
10,35.777691,-78.613998
10,35.72229,-86.32113000000003
10,32.22119,-110.96861
10,33.876289,-118.102577
10,33.96844,-117.84913
10,39.121098,-76.86717
10,33.633675,-79.043671
10,25.597488,-80.384462
10,42.995857,-78.87532
10,37.77848,-122.40061
10,35.223461,-80.848518
10,44.320026,-93.298987
10,27.888489,-80.51911199999998
10,41.292906,-87.300924
10,38.963102,-94.726338
10,33.948817,-118.161375
10,33.726276,-117.980263
10,30.41808300000001,-91.111603
10,38.195538,-120.827003
10,33.228229999999996,-87.533234
10,42.351859999999995,-71.067261
10,30.264376,-97.748154
10,41.504539,-81.65164200000002
10,40.847946,-73.942787
10,38.563847,-121.636669
10,39.578853,-107.204772
10,39.336601,-77.33025400000002
10,34.46506,-80.995502
10,34.347281,-117.468839
10,41.061127,-73.857384
10,25.700804,-80.383827
10,25.923052,-80.309213
10,25.94156384455709,-80.1895844932547
10,34.516998,-81.89954399999998
10,30.41324,-97.690598
10,34.010677,-118.41648899999998
10,44.988368,-93.400649
10,34.029011,-118.20304099999998
10,35.526051,-81.972801
10,39.19253,-76.77131999999997
10,33.960143,-118.244167
10,33.983270000000005,-118.39544
10,32.315246,-86.336887
10,30.450859,-91.138969
10,30.280633,-97.701246
10,29.6362531183737,-95.49321770622495
10,34.120487,-117.907578
10,39.919391999999995,-76.685242
10,41.29319,-72.91949
10,35.125439,-80.916336
10,38.770699,-90.23893
10,35.109140000000004,-89.88835999999998
10,29.350843,-98.534096
10,34.434987,-119.293675
10,38.854462,-77.389061
10,29.679895,-95.42598
10,43.023273,-83.694801
10,45.85149407364916,-111.3424980635102
10,39.173424,-84.47834
10,30.467978999999996,-91.05809
10,40.035725,-88.596138
10,34.021671000000005,-80.946304
10,29.433701,-98.585007
10,35.60930300000001,-97.567078
10,34.010719,-117.822952
10,33.924759,-118.104301
10,42.49383,-83.29051
10,35.435181,-97.554604
10,33.999384,-117.353493
10,35.155521,-80.848274
10,32.852332000000004,-80.490548
10,34.067498,-117.593243
10,33.814407,-118.176331
10,41.90906,-87.92896
10,33.97392,-118.080184
10,25.990566,-80.165848
10,37.778893,-121.184616
10,38.770069,-90.338837
10,27.837957,-82.727333
10,39.14421200733593,-76.75356745683311
10,38.646609999999995,-121.376793
10,39.06850900000001,-76.65033199999998
10,39.620518,-77.425608
10,30.469969,-91.163544
10,35.125256,-80.916336
10,28.472522,-81.457625
10,36.342602,-119.69101
10,40.706547,-74.151543
10,40.552698,-124.11216
10,43.235565,-73.692513
10,34.07029,-86.776253
10,41.42325200000001,-72.824341
10,32.794296,-96.814957
10,25.926456,-80.24453000000003
10,34.068667,-117.798864
10,41.512581,-74.069565
10,36.639197,-121.603024
10,39.95634,-104.98795
10,36.19051,-86.775421
10,37.045979,-122.02828999999998
10,34.066933,-117.439766
10,27.986997,-82.453743
10,34.142247,-118.735574
10,41.388264,-82.11307
10,33.800811,-79.018602
10,34.14652,-118.7846
10,32.917549,-97.094093
10,39.576401,-76.124172
10,39.084145,-78.212699
10,40.065663,-76.3483
10,39.726002,-76.766136
10,43.524132,-71.464951
10,38.705372,-77.224007
10,33.780913,-117.248915
10,42.730068,-73.701492
10,29.854946,-95.262375
10,42.977394,-85.65708199999997
10,29.66061,-98.450058
10,33.876511,-118.067902
10,28.577974,-81.460014
10,32.360859000000005,-86.176201
10,34.036842,-81.11077900000002
10,35.846236,-86.43392
10,30.366779,-85.438271
10,37.732233,-120.995226
10,42.829731,-70.992981
10,41.32642,-73.68611899999998
10,25.98678,-80.165604
10,38.070345,-78.298896
10,34.03805,-118.27645
10,38.900009,-83.618973
10,29.937665999999997,-95.460083
10,38.756701,-76.993175
10,40.737679,-77.63229399999999
10,35.104561,-80.857483
10,38.578369,-121.308044
10,33.834968,-117.111931
10,30.39563,-91.102898
10,42.1245,-88.43771
10,38.097642,-121.352213
10,42.307491,-71.061417
10,35.192169,-80.94824200000002
10,34.604641,-82.11097
10,39.438126,-76.633705
10,45.513672,-122.496552
10,33.86184812,-118.31705689
10,39.76067000000001,-84.18474599999998
10,34.173262,-118.540048
10,32.749512,-96.856781
10,26.773131,-80.096878
10,25.880661,-80.214493
10,40.832131,-73.85654099999998
10,39.163116,-77.236672
10,27.96776,-82.40155
10,40.73118,-113.47376
10,41.22897,-73.909088
10,40.89191794375947,-76.91454291307012
10,34.941736,-92.073176
10,35.522208,-118.671548
10,45.09711,-123.69349
10,34.018745,-81.222397
10,38.220724,-122.257541
10,39.231415986827706,-77.28445172273021
10,40.77235,-72.867798
10,34.948246999999995,-85.289721
10,42.264626,-83.27034
10,43.35738,-124.212213
10,41.230247,-96.043114
10,34.025744,-117.33398400000002
10,42.272628999999995,-73.723259
10,29.718758,-95.313614
10,40.9885633,-73.66640925
10,35.777035,-80.278614
10,40.211857,-75.139412
10,47.20159,-122.27138
10,42.82422423342312,-85.67075371701395
10,29.844795,-95.319054
10,33.990849,-86.562691
10,39.93376851062806,-91.51994347528688
10,36.378343,-119.296868
10,37.850269,-122.032501
10,42.522842,-71.512527
10,40.726006,-73.475227
10,45.18195,-93.87604
10,33.88745,-118.10259
10,30.20248,-92.075272
10,34.003918,-117.830246
10,30.286493,-97.753204
10,38.066311,-90.486801
10,40.27623,-75.382286
10,30.369794,-97.705143
10,34.183159,-118.15387
10,37.369193,-121.825291
10,39.171577,-123.666306
10,38.881878,-77.12191800000002
10,29.75478,-95.35392
10,43.394104,-73.263787
10,35.687328,-80.426514
10,34.031281,-118.434033
10,30.352444,-97.529549
10,34.162834000000004,-81.281869
10,38.7765,-76.216375
10,42.01194,-87.801331
10,45.109383,-93.391681
10,40.748196,-73.759773
10,43.010506,-83.679045
10,35.460201,-97.618965
10,43.663838,-123.789207
10,35.425659,-97.499237
10,42.414055,-87.90139
10,37.732288,-122.414909
10,40.672951,-73.999153
10,34.427817,-118.414925
10,40.248898,-75.65213
10,35.81221,-78.63963299999998
10,34.799728,-82.424217
10,33.004036,-96.708336
10,37.44759000000001,-122.12151
10,45.804508,-108.582197
10,38.626705,-90.137527
10,31.76972,-106.37319
10,34.03759,-118.08625
10,28.250029,-80.60311800000002
10,38.127962,-122.862521
10,44.056293,-122.830026
10,34.99411,-81.241982
10,34.993234,-85.27159
10,32.767265,-96.872538
10,30.338904,-81.760876
10,35.164371,-80.741058
10,40.831741,-73.135002
10,33.393894,-82.034889
10,41.830219,-88.168266
10,35.493309,-97.583374
10,36.116703,-86.69785300000002
10,30.457797999999997,-90.177612
10,29.58503300000001,-81.234146
10,35.22876,-80.859657
10,26.20755,-80.13985
10,37.48039,-76.9272
10,43.332584,-71.607079
10,30.237743,-97.725616
10,34.858925,-82.259857
10,33.502247,-111.928673
10,40.83649000000001,-73.87673000000002
10,40.697703999999995,-111.795647
10,32.402221999999995,-93.803902
10,32.879776,-96.690598
10,41.115441,-74.108068
10,37.842973,-78.785397
10,36.175201,-94.174879
10,33.055733000000004,-80.23835
10,37.545631,-122.325684
10,43.185509,-78.754478
10,37.354122,-121.866264
10,30.164129,-97.860191
10,38.623978,-121.417763
10,34.07935,-80.94270300000002
10,37.55158,-77.47621
10,41.86849,-71.05645
10,35.533186197111455,-86.15850806195179
10,40.751263,-73.991258
10,36.038598,-94.048329
10,32.773869,-117.207481
10,34.029465,-118.225029
10,41.49625,-81.65169499999998
10,25.884943,-80.243219
10,35.78515,-78.64263000000003
10,40.003929,-75.22068
10,33.64539,-85.503059
10,37.601048,-77.500073
10,39.997096,-75.837787
10,36.087421,-86.692184
10,26.714718,-81.811447
10,38.288826,-85.646011
10,38.662716,-120.937607
10,34.961769,-82.048363
10,42.667122,-73.733002
10,34.173649,-118.553482
10,33.996173999999996,-118.145668
10,37.48288,-77.44462
10,40.739803,-73.84568
10,32.484505,-93.77739
10,30.001528000000004,-95.282379
10,37.577756,-77.474458
10,41.629898,-84.76775400000002
10,32.923908000000004,-96.764305
10,29.44518900000001,-98.524918
10,39.108974,-94.81218
10,30.145918,-92.032539
10,41.79115,-87.63089000000002
10,33.949703,-118.170532
10,42.93688,-78.766462
10,46.91562295,-114.03910518
10,33.925995,-118.230431
10,33.990974,-117.931923
10,44.925537,-92.969231
10,37.69546,-77.03482
10,29.876465000000003,-95.563377
10,27.514044,-82.563133
10,32.825855,-96.78421
10,33.57603,-117.134638
10,35.493266999999996,-97.655197
10,40.62404,-111.93802
10,33.916428,-118.285736
10,30.2391,-97.737892
10,29.74675,-95.461098
10,34.060925,-84.324577
10,38.7949,-77.14371
10,34.020298,-118.192253
10,40.54976,-111.89592
10,30.245646,-82.284378
10,34.069389,-118.149956
10,37.897511,-122.071253
10,44.570949,-75.64662
10,29.967684,-90.020573
10,34.0238,-118.24385
10,30.383745,-89.439636
10,29.78597,-95.791747
10,38.79775,-77.13485
10,45.7177,-122.87525
10,26.033539,-80.16436800000002
10,30.503807,-87.22216800000002
10,34.212063,-118.348564
10,35.961109,-119.290558
10,47.604468,-122.185417
10,43.582987,-116.43381200000002
10,42.401615381038646,-83.07160735090699
10,33.673435,-117.886009
10,30.14081,-91.940376
10,25.927208,-80.230537
10,34.383891820743635,-92.181333303012
10,42.282291,-83.383781
10,36.257919,-86.65686
10,37.505138,-122.492821
10,34.232502000000004,-118.473007
10,29.535257,-98.427429
10,42.272628999999995,-73.723259
10,40.047035,-76.312119
10,41.245155,-96.138725
10,40.540545,-74.312619
10,32.444107,-80.994911
10,30.157446000000004,-81.7472
10,33.873173,-118.266052
10,41.963921,-87.98264300000002
10,39.107194,-94.569394
10,33.91479,-118.185352
10,35.323318,-80.641441
10,30.361799,-97.702332
10,41.483046,-73.257675
10,25.926325,-80.24675
10,32.732785,-97.392379
10,34.17942,-118.39529
10,32.911095,-96.881683
10,42.130135,-124.348618
10,30.406576,-91.099596
10,30.233653000000004,-97.794799
10,34.495915000000004,-85.334797
10,34.004471,-118.063873
10,30.38742,-81.55812
10,29.754378999999997,-95.622078
10,42.416943,-82.937172
10,42.476501,-83.11179399999997
10,30.852292,-83.290355
10,32.294553,-80.93649599999998
10,45.02218,-123.97222
10,42.392182,-87.88377
10,32.940331,-97.101303
10,34.64913011,-118.15309882
10,41.843296,-87.746881
10,44.774909,-93.288253
10,35.395684,-118.949724
10,42.133765999999994,-86.370049
10,42.328316,-71.251801
10,38.26978,-122.0529
10,39.984216,-76.737489
10,34.072632,-118.058411
10,40.009144,-75.284058
10,25.92624306666409,-80.14081120452812
10,41.932915,-83.35840999999998
10,37.700886,-121.77406299999998
10,40.920261,-73.145943
10,33.980621,-117.340233
10,34.071899,-117.872307
10,34.095545,-78.875128
10,40.005589,-76.617752
10,39.945358,-82.480621
10,33.023794,-80.20535500000003
10,36.431061,-119.801193
10,34.819278999999995,-82.777588
10,39.708778,-84.201088
10,33.82544,-84.3605
10,34.58248,-118.136219
10,30.432018,-91.162094
10,34.22987,-117.222099
10,40.72158,-112.04793
10,37.682783,-122.129036
10,33.447665,-84.450075
10,38.869064,-77.308052
10,39.152880906872014,-76.64529204332045
10,33.8071,-79.016
10,34.379204,-81.68016800000002
10,29.695414000000003,-95.297751
10,45.304998,-93.002707
10,47.206741,-123.127868
10,33.384614,-117.249166
10,33.598690000000005,-111.980415
10,33.901070000000004,-84.244003
10,27.429140000000004,-81.41806
10,41.264126,-73.68420400000002
10,40.637283,-76.162102
10,35.285164,-80.88022600000002
10,34.097442,-117.985918
10,33.974651,-118.28396
10,33.772312,-84.54969799999998
10,33.969075,-118.053627
10,28.601156,-81.445498
10,36.76775336248031,-76.36241555177516
10,25.733831,-80.335894
10,33.5024,-117.6586
10,46.184158,-122.897873
10,33.27647,-111.858673
10,30.186178,-92.021851
10,47.661079,-122.321655
10,33.996459,-117.281972
10,35.753116999999996,-78.648903
10,29.737913,-95.476601
10,34.071686,-117.87188700000002
10,41.763547,-72.69471
10,36.863602,-76.35137900000002
10,30.435336,-91.177242
10,29.397026,-98.650926
10,30.469861,-91.072606
10,32.902821,-80.023232
10,36.576004,-80.743263
10,45.040955,-93.28466
10,30.178659000000003,-97.778275
10,39.359821,-77.16568000000002
10,38.596554,-121.54927
10,34.170448,-118.304298
10,44.023895,-92.488213
10,33.972759,-117.332201
10,44.79385,-93.40224
10,43.011326,-83.517525
10,47.03185,-114.31897
10,39.456989,-76.310097
10,32.160823,-110.973238
10,30.71146,-81.671562
10,40.77412800000001,-73.829697
10,42.859307,-76.117699
10,39.09675,-122.801961
10,33.239231,-84.997416
10,32.713122999999996,-96.683334
10,42.165401,-70.90519
10,33.75264,-117.83181
10,34.075771,-117.619904
10,32.630695,-80.88215600000002
10,44.625747,-123.061869
10,32.627533,-97.321709
10,37.52132,-77.427353
10,35.872829,-86.883313
10,33.023174,-116.895821
10,41.873531,-87.735199
10,39.973331,-76.672394
10,29.705601,-95.478363
10,30.506676,-91.116356
10,38.79770300000001,-77.576828
10,42.53772,-83.11634000000002
10,29.68089,-95.37319
10,36.327334,-119.398244
10,37.965991,-84.388851
10,33.720264,-117.189316
10,29.860804,-95.300537
10,34.887489,-82.15567800000002
10,42.63578295687372,-73.77777457202063
10,32.915031,-96.864662
10,32.764069,-117.161346
10,32.668259,-117.111092
10,44.80871558168026,-93.1870758529034
10,27.53023,-82.50806
10,33.732155,-117.988617
10,28.42425,-81.460961
10,38.258358,-121.296295
10,28.596674,-81.375382
10,29.18109298,-81.08977675
10,34.007389,-117.962822
10,40.298889,-83.069572
10,28.52798,-81.45915
10,39.863171,-76.89380600000001
10,42.98817,-117.0563
10,32.730818,-81.014978
10,40.4949,-77.108124
10,42.480083,-71.115051
10,37.943891,-122.480415
10,40.04410900000001,-75.256055
10,39.701706,-105.857292
10,38.051891,-78.914938
10,25.974383,-80.230755
10,30.510489,-87.22036
10,38.629108,-90.319801
10,33.612621999999995,-117.085093
10,40.274548,-75.291412
10,31.317459000000003,-89.412918
10,33.952674,-118.369196
10,39.721527,-84.161034
10,34.275841,-119.287926
10,39.92433,-86.24579
10,30.250401,-97.695488
10,34.000883,-117.844104
10,41.984051,-88.16304000000002
10,38.93284,-104.807922
10,35.080760999999995,-81.71086700000002
10,41.738021999999994,-87.93453199999998
10,39.94645,-104.98803999999998
10,34.152931,-118.282509
10,34.823883,-82.291893
10,27.996738,-82.581886
10,29.443754,-98.66468
10,34.00293,-118.411255
10,41.270378,-73.933846
10,34.065228000000005,-117.806824
10,40.114956,-75.07093
10,34.062588,-118.248718
10,29.717669,-95.53904
10,29.870035,-95.38485
10,35.902039,-78.807571
10,36.03593400000001,-86.783676
10,35.34701,-80.85706
10,40.022736,-111.762596
10,37.656654,-121.901588
10,32.705769000000004,-96.891449
10,35.887024,-78.67952
10,40.076588,-75.15911899999998
10,45.81167,-119.38329
10,33.431721,-82.014229
10,44.81851,-123.02339
10,29.93951,-95.337357
10,29.863302,-95.469643
10,37.38051,-121.95901
10,37.967489,-122.51856
10,39.74092841129426,-77.28578209840163
10,42.953632,-83.674103
10,39.192307,-76.771513
10,40.27674,-121.096985
10,40.843702554508,-73.89557719195416
10,39.16008400000001,-84.552544
10,29.744559999999996,-95.33992
10,41.14716,-112.02607
10,32.47234,-93.737358
10,37.017349,-76.450241
10,40.16775,-76.82977
10,42.11552,-70.937958
10,42.254211,-71.03922299999998
10,35.466499,-97.521248
10,39.960312,-75.181198
10,46.987111,-93.660482
10,36.641968,-121.825234
10,37.955482,-122.053391
10,30.44890800000001,-91.165878
10,39.54244,-110.723811
10,29.516857,-98.4645
10,44.858868,-93.350571
10,34.081771999999994,-80.924461
10,36.087669,-86.714912
10,42.51366,-82.91858
10,39.12804000000001,-84.500099
10,33.358273,-112.422119
10,38.064242,-122.805105
10,42.598675,-123.384007
10,40.737804,-73.238434
10,25.707569,-80.285507
10,40.750211,-73.753562
10,35.850623,-78.798932
10,38.90565,-77.013981
10,36.20612,-95.930865
10,35.027060999999996,-81.457359
10,32.939547999999995,-96.822014
10,40.08356451969106,-75.39338707887937
10,26.102423,-80.168648
10,33.465969,-112.15181
10,43.131454,-77.6875
10,40.63135,-111.86599
10,38.770052,-120.435858
10,33.951859000000006,-80.377449
10,42.051860999999995,-88.333786
10,26.83497,-80.0987
10,39.70243,-86.11232
10,33.089456,-117.301621
10,41.836582,-88.065239
10,35.347095,-80.85707099999998
10,32.247425,-80.832123
10,40.627883,-73.932539
10,45.094265,-122.93868
10,35.254185,-80.835981
10,35.2528,-80.856117
10,41.318905,-73.59060699999998
10,40.813492,-96.668282
10,35.464279,-97.521133
10,29.937079,-90.01459200000002
10,35.40136,-119.044044
10,35.854843,-78.635437
10,30.450705,-91.180344
10,36.94656,-121.84686299999998
10,32.804676,-117.112984
10,34.83003,-82.30165
10,45.398832,-119.28311
10,29.736616,-95.581207
10,32.778923,-117.061584
10,41.187401,-73.193088
10,33.813198,-84.367058
10,43.124596,-75.296844
10,40.9575,-111.89135
10,28.607572,-81.49685
10,32.631557,-80.881538
10,37.73473,-122.40638
10,26.547255,-81.85266899999998
10,42.456455,-71.37984499999997
10,30.416859,-89.191513
10,35.79001599999999,-78.647087
10,34.080483,-83.880087
10,30.641271999999997,-98.260201
10,38.539390999999995,-121.473549
10,34.2332,-118.410217
10,40.757806,-73.720555
10,41.089240999999994,-112.031372
10,29.809859999999997,-95.337486
10,33.796211,-84.393692
10,29.71241,-95.16516
10,33.999134999999995,-118.129116
10,36.117677,-79.35199
10,38.721241,-120.833457
10,34.056740000000005,-118.255508
10,25.945115,-80.205365
10,41.353965997498726,-72.86784052814069
10,32.745422,-117.188568
10,35.107637643646676,-109.60142254777143
10,41.87523,-87.64806999999998
10,44.023222,-117.005367
10,41.700531,-71.460289
10,34.002823,-81.028755
10,42.4217,-73.54924
10,34.155559999999994,-118.43462
10,33.565954,-117.67219
10,35.014747,-85.274752
10,45.36645,-122.68943
10,32.947837,-80.68313
10,37.658806,-121.434761
10,33.933471000000004,-118.353479
10,38.692959,-121.351631
10,38.704971,-90.339684
10,36.110931,-86.745224
10,35.853771,-78.616524
10,38.217556,-122.136856
10,40.7449,-73.320892
10,40.97103900000001,-76.54073299999997
10,34.938732,-82.22719599999998
10,35.755058,-78.80645
10,25.866732,-80.323059
10,37.88668513,-122.30925679
10,35.016548,-85.280357
10,31.74568,-106.334686
10,36.976351,-121.907108
10,37.282482,-79.941193
10,41.38056,-87.30651999999998
10,41.945060999999995,-71.436867
10,29.52097,-98.507976
10,33.921413,-111.45498700000002
10,43.10890300000001,-75.24939300000003
10,41.736645,-87.624557
10,41.77494,-83.48835
10,45.551941,-118.464737
10,43.03915,-83.57637
10,37.90094000000001,-122.310699
10,38.232579,-122.610778
10,40.92468381,-73.82641911
10,29.766052,-95.410509
10,38.75001500000001,-90.439163
10,42.402504,-71.068893
10,30.318059,-86.13255600000002
10,30.277547,-97.741944
10,45.037479,-93.042572
10,37.891363,-121.498116
10,35.830528,-78.61879
10,39.711602,-75.35339300000003
10,28.361092,-82.696164
10,37.844219,-122.027832
10,35.484741,-97.515862
10,41.036846,-73.675552
10,40.667041999999995,-74.18051899999998
10,29.597488,-95.426414
10,34.645119,-117.216599
10,28.068529,-82.451092
10,37.747028,-112.378121
10,39.704231,-121.742935
10,40.608307,-74.039266
10,32.6611,-97.2699
10,34.111996000000005,-118.265465
10,34.938103000000005,-81.95096600000002
10,39.100994,-84.522743
10,35.146840000000005,-80.89619
10,33.774260999999996,-118.075089
10,36.83450818044265,-76.14281773530891
10,29.657101,-95.253929
10,30.35811,-81.55466
10,35.568165,-78.167473
10,33.735981,-117.994247
10,39.635666,-84.275688
10,38.0247,-121.964081
10,45.56164383866519,-93.39210391000084
10,25.98887801,-80.16583085
10,35.14076,-89.98358
10,34.048237,-117.946465
10,33.984337,-117.842659
10,43.084656,-87.969589
10,37.046096,-122.059929
10,29.68305,-95.349144
10,40.770863,-73.917137
10,33.859325,-118.290604
10,35.640537,-97.564278
10,44.2641,-121.15206
10,39.126499,-94.567909
10,33.08448,-80.65303
10,42.274947999999995,-88.962929
10,33.764664,-84.385124
10,25.963003,-80.157545
10,27.914777,-82.348487
10,30.354785999999997,-97.715271
10,42.007065,-88.336205
10,30.038219,-81.709122
10,36.14835619909216,-86.78037285763368
10,31.80738,-106.26002
10,44.874979,-93.067222
10,36.34188294393376,-117.388690709508
10,39.947238,-74.934815
10,45.067024,-93.185898
10,47.599186,-122.323753
10,35.166973,-80.742683
10,29.712151,-95.315582
10,35.269795,-89.6503
10,42.470828999999995,-88.093384
10,28.1389,-81.9039
10,33.9307701586059,-117.87992119732914
10,37.587634,-120.993652
10,40.84108,-73.103401
10,39.271216,-76.648043
10,35.234138,-80.833481
10,39.05772,-84.500237
10,36.862076,-121.579842
10,42.310329,-88.190742
10,38.917759,-76.82459300000002
10,41.764183,-87.90439599999998
10,31.416528999999997,-83.505356
10,43.214263,-71.540673
10,34.159302000000004,-118.466156
10,35.203949,-80.750381
10,40.8048212526283,-73.91182064974826
10,33.941177,-117.236427
10,39.980175,-75.269287
10,33.866344,-117.713768
10,45.62472,-121.52573999999998
10,42.308979,-71.12159
10,28.699947,-81.232298
10,33.916349,-118.370348
10,33.465881,-111.943649
10,35.42825300000001,-97.547943
10,39.98245900000001,-76.708149
10,42.977863,-85.68293800000002
10,29.345049,-98.547818
10,32.789390999999995,-96.805054
10,37.581234,-122.049049
10,36.808464,-119.799454
10,38.899723,-77.445082
10,45.53222,-122.56464
10,29.961015000000003,-95.376513
10,38.150979,-122.449418
10,44.96317,-120.98178
10,45.65455555894062,-110.8514177793939
10,30.208585999999997,-97.804848
10,40.100258,-111.688016
10,42.970295,-73.801781
10,35.14596104605128,-90.12395024256644
10,41.059029,-73.838321
10,48.456311,-122.235345
10,35.352428,-118.970276
10,25.731925,-80.317114
10,35.725239,-78.651115
10,29.690563,-95.545601
10,40.767609,-73.904984
10,29.61665,-95.36805
10,38.004065999999995,-121.837662
10,46.720734,-114.534984
10,42.101349,-71.21198299999998
10,27.4344,-81.366003
10,33.978811,-118.0779
10,38.007217,-122.54142
10,35.177513,-80.756599
10,38.640011,-121.482452
10,39.777621030617816,-75.23558735811595
10,30.45639000000001,-91.072113
10,33.952412,-81.233498
10,32.359036,-86.244722
10,45.572688,-93.294285
10,35.045719,-80.874336
10,28.514099,-81.347482
10,35.106159000000005,-106.609523
10,34.035331,-118.274338
10,47.571735,-122.32016000000002
10,43.038605,-83.665253
10,40.009109,-74.851135
10,39.69714000000001,-75.58489200000002
10,38.937076,-94.458988
10,43.046864,-76.13655899999998
10,39.960541,-82.972672
10,29.692249,-95.520493
10,37.506687,-122.338402
10,40.70072,-112.25837
10,35.38568,-118.98818
10,35.804024,-78.707542
10,34.159506,-118.46407
10,47.813749,-122.6456
10,25.685709,-80.407318
10,37.57284,-77.47659
10,35.21934628,-80.82466721
10,30.181101,-92.019272
10,35.272928,-80.83968
10,29.682362,-95.392548
10,40.464165,-78.76391600000002
10,35.236378,-80.802658
10,31.748087,-106.282509
10,34.767654,-82.284082
10,33.967231,-118.083476
10,37.70343,-121.926193
10,38.593428,-121.444756
10,30.406678999999997,-97.852509
10,34.090939,-118.258583
10,27.627556,-81.544609
10,45.512402,-122.687546
10,33.638695,-112.186462
10,34.74884,-86.767578
10,41.322778,-72.258718
10,39.081291,-84.521751
10,29.79751,-95.449532
10,33.949721999999994,-118.09185
10,35.672949,-78.44970699999998
10,33.177704,-117.22274
10,44.41814,-119.005201
10,40.942337,-74.029823
10,37.089748,-76.459
10,32.407749,-86.215843
10,42.792812,-72.465691
10,37.474609,-122.273399
10,30.458079,-91.099643
10,34.033485,-118.028877
10,38.155343,-85.716819
10,30.029682,-95.405697
10,45.610214,-117.601094
10,30.213499,-92.03067
10,47.59886,-122.33418
10,35.235104,-80.921188
10,36.083954,-86.698929
10,40.780978999999995,-73.2472
10,39.29335,-76.63401800000003
10,43.03038,-83.831978
10,38.740028,-90.336494
10,32.766788,-97.313087
10,29.801540000000006,-95.37191
10,38.658825,-112.594269
10,33.718574,-84.502501
10,40.150639,-84.61122900000002
10,33.462708,-112.206703
10,34.102709999999995,-117.28965
10,33.39328,-86.78766
10,33.40461,-82.015236
10,44.87496,-93.143456
10,35.204482,-80.818538
10,34.086909999999996,-78.838417
10,34.068878000000005,-117.839455
10,38.248834,-122.631708
10,34.011461,-118.172248
10,33.719120000000004,-84.39681
10,29.870708,-95.365799
10,39.983044,-78.789879
10,39.881142,-75.009789
10,29.96549000000001,-95.336006
10,36.15093,-119.330856
10,35.877926,-97.39415
10,33.877044,-118.109924
10,33.686162,-84.499871
10,40.849838,-73.942696
10,36.50233400000001,-119.394796
10,30.29454,-97.8246
10,38.899298,-94.524359
10,40.115726,-75.345146
10,34.157715,-118.37941
10,39.318506,-108.21121399999998
10,40.562396,-111.428132
10,40.020485,-76.383896
10,35.55088,-82.60908
10,29.77437,-95.312811
10,45.44521,-122.73647
10,40.7565,-73.97236600000002
10,29.9608,-95.360817
10,39.946457,-82.94358100000002
10,34.708225,-86.589485
10,34.338046999999996,-117.398705
10,35.107931,-90.029044
10,38.682713,-121.33628799999998
10,39.24476265888574,-119.81342911663144
10,29.72427,-95.459808
10,42.108467,-80.04974399999998
10,25.670913,-80.415251
10,33.4645,-112.289886
10,29.790567,-95.379372
10,30.581108,-88.17047099999998
10,33.441738,-84.695145
10,45.987897,-95.831608
10,34.125075,-118.476649
10,40.90086579,-74.14268374
10,34.365223,-118.503448
10,38.9309,-94.65537
10,40.743338,-73.836926
10,40.272739,-75.257935
10,36.05032,-95.969017
10,29.33483,-81.12983
10,41.546818,-124.052096
10,44.777527,-93.217903
10,39.09623,-94.564209
10,33.819734000000004,-117.408169
10,42.323071,-83.443558
10,32.672655,-97.202751
10,40.684174,-112.269974
10,42.312492,-71.101555
10,35.118732,-81.08329
10,34.764229,-111.6567
10,40.075066,-75.530792
10,39.25471,-85.94153
10,42.804829,-86.07794200000002
10,30.390302,-91.011613
10,33.962238,-118.244438
10,29.931688,-95.409752
10,25.856016,-80.325027
10,37.75148034,-121.47004723
10,44.99168,-93.205048
10,37.935956,-77.470855
10,38.505627,-121.45596299999998
10,37.105304,-77.54101899999998
10,44.86552,-93.24777
10,35.258274,-80.736237
10,43.003876,-78.821487
10,35.775089,-78.62197900000002
10,30.489649,-91.165626
10,27.601345,-82.50284599999998
10,38.820793,-76.84874
10,35.941727,-78.56107
10,42.583988,-70.974281
10,39.755447,-84.265915
10,36.13147,-86.898384
10,33.778013,-84.390772
10,39.792694,-86.116585
10,45.577263,-93.614349
10,45.67433,-121.271661
10,39.09606099110081,-76.68908715211539
10,42.553341,-82.871391
10,36.090389,-95.858711
10,34.698254,-117.206955
10,33.566303000000005,-117.63205
10,42.046349,-88.267586
10,42.397745,-83.109156
10,33.95257115,-117.30348229
10,33.354982,-112.426714
10,39.463912,-74.721149
10,32.883163,-80.019791
10,33.94551157935168,-86.86998009640278
10,38.533592,-121.464689
10,40.721882,-74.180237
10,37.442,-121.89033700000002
10,33.459824,-112.009254
10,36.121318,-115.137439
10,32.838356,-97.227905
10,35.31973,-97.38831
10,35.892769,-78.559616
10,37.611702,-77.447014
10,27.792159318791427,-82.35633730849095
10,41.50898,-90.672646
10,34.84539,-87.37841
10,34.792709,-86.577538
10,33.99372697,-118.14357161
10,29.78476,-95.66375
10,25.58931,-80.35939
10,30.32283,-97.814445
10,35.178459000000004,-79.484306
10,34.25312876685022,-118.43106150570664
10,30.309439,-97.710243
10,35.147175,-80.724228
10,39.77013400000001,-86.166985
10,33.668552000000005,-112.082962
10,43.009518,-83.69062
10,36.249699,-86.757103
10,44.765953,-93.578499
10,30.18925,-97.76786
10,30.339102,-97.700294
10,41.873112,-71.39057199999998
10,34.139167070226,-112.14561581558156
10,36.94389,-76.31893000000002
10,29.590434,-98.295223
10,34.724445,-92.321755
10,33.130984999999995,-97.207443
10,38.290184,-77.552208
10,34.333362,-102.30433
10,38.87935,-77.24844499999998
10,33.939155,-117.1994
10,33.376743,-82.072075
10,45.010032,-93.182978
10,33.524840999999995,-80.887527
10,34.159659999999995,-118.466141
10,41.111059,-74.100267
10,29.706411,-95.309212
10,34.07711,-118.281677
10,35.49518,-80.56636
10,30.418976,-97.747017
10,41.06236,-81.52306999999998
10,42.955933,-85.666527
10,39.055949,-76.928403
10,35.759071,-78.639938
10,44.739298,-94.274554
10,41.563175,-75.651062
10,41.218067,-80.953445
10,37.548061,-122.291321
10,34.646358,-118.247365
10,43.010345,-83.67938199999998
10,34.989090000000004,-81.19693000000002
10,34.829315,-86.571396
10,38.668037,-121.314911
10,34.155708000000004,-118.431091
10,30.505133,-87.20313399999998
10,44.57735,-120.17694
10,28.463009000000003,-81.593613
10,30.307512,-97.711952
10,47.497233,-122.103265
10,40.7579,-74.19156600000002
10,34.86351,-86.571404
10,43.19838,-77.94362
10,41.860432,-87.97794300000002
10,40.165218,-75.20713
10,40.866253,-74.00843
10,32.79497,-96.719389
10,39.136765,-77.715126
10,40.75072,-73.75083000000002
10,41.26244000000001,-73.614494
10,37.315353,-121.940292
10,40.082329,-75.161385
10,35.14186,-85.24875
10,25.637748,-80.503524
10,38.369602,-77.465867
10,42.40479112,-83.15977693
10,37.43441,-120.779671
10,35.911186,-78.865112
10,37.476887,-77.51879100000002
10,42.22869,-83.41986
10,41.070145,-73.891296
10,38.84367,-76.949614
10,30.18557,-81.55809
10,36.15884000000001,-86.84634399999999
10,30.424327,-91.153276
10,40.699314,-74.269196
10,35.318531,-80.7789
10,41.824883,-87.91774000000002
10,40.679028,-73.700172
10,42.22771,-121.76541
10,33.237179,-81.093405
10,36.111336,-86.795186
10,42.963421,-85.682625
10,37.841363,-122.297042
10,40.847969,-73.94277199999998
10,33.79179,-117.83107
10,42.301105,-71.048355
10,30.381040999999996,-91.03833
10,38.56373,-121.492944
10,33.689026,-84.402458
10,34.81521248800843,-82.44139552077081
10,38.57713,-77.32564
10,36.160736,-95.895615
10,35.82550399999999,-78.621486
10,40.739815,-73.790329
10,35.115608,-82.456594
10,41.967819,-88.11055
10,33.849319,-84.430122
10,28.314851,-82.699377
10,33.85991,-118.30502
10,40.01084,-78.65628000000002
10,36.768196,-77.823799
10,37.021919,-120.132483
10,33.659696999999994,-117.652581
10,41.175728,-73.16935699999998
10,30.45603,-97.666496
10,29.447161,-98.428131
10,30.341871,-91.724251
10,39.797958,-84.255135
10,35.19001,-89.92719
10,30.380863,-81.55544300000003
10,38.467091,-121.78582
10,42.222538,-71.032257
10,34.06037,-118.214925
10,40.051342,-76.752094
10,34.035331,-118.274338
10,27.9536,-80.606392
10,36.564112,-121.915297
10,36.989047,-122.018367
10,34.388241,-119.301414
10,33.767390999999996,-117.8675
10,34.024703,-117.91748
10,40.728626,-73.882706
10,34.200523,-79.593811
10,35.874546,-78.679291
10,28.2661593,-81.60793662
10,26.783161,-80.09902199999998
10,39.69538,-75.62019000000002
10,40.850067,-73.944817
10,40.00865200000001,-75.210701
10,33.58211,-112.09128
10,38.271202,-85.783112
10,29.832621000000003,-95.523666
10,40.730488,-122.07643
10,27.816875,-82.664064
10,43.023579,-83.70356
10,40.343328,-80.060311
10,40.92738,-75.08485
10,34.929218,-82.288002
10,34.038047999999996,-118.276451
10,45.514794,-122.691328
10,32.743179,-96.837601
10,33.846602000000004,-117.204206
10,32.805118,-96.793433
10,30.391909,-91.090813
10,35.19988499999999,-114.066448
10,40.00544,-120.958
10,37.58237800000001,-122.252899
10,29.972690000000004,-90.06557
10,48.48402,-122.336929
10,40.028046,-77.13479
10,40.65081,-73.949577
10,42.00539000000001,-88.14473000000002
10,36.842211484733376,-76.21658921205419
10,44.933655,-92.196892
10,37.761818,-122.40586100000002
10,37.162004,-121.986206
10,39.022217,-76.94937900000002
10,33.482071000000005,-112.867722
10,37.607793,-77.467775
10,33.523918,-82.036888
10,39.593117,-76.066345
10,29.658504,-95.352706
10,33.065529,-117.292503
10,37.640083,-122.090614
10,35.21657000000001,-80.86893
10,38.81876,-77.22235
10,34.012335,-118.163604
10,40.25133,-74.15652
10,36.124236,-115.15497
10,40.696033,-73.984413
10,34.31193,-117.47303
10,34.134419,-81.418173
10,33.437336,-86.722099
10,38.917309,-76.973095
10,47.23906,-122.41054
10,35.484994,-82.559713
10,30.528329,-87.297756
10,25.700047,-80.413232
10,30.235531,-97.756363
10,37.962456,-122.053886
10,33.652176000000004,-84.367058
10,34.11404,-117.379135
10,37.798084,-121.092079
10,46.51973,-93.60891
10,32.456708,-83.738104
10,34.146162271336806,-81.23826384505634
10,30.329611,-97.69725
10,34.02934670432077,-118.200756310853
10,47.233191999999995,-122.433136
10,41.144562,-87.265961
10,33.968391,-117.32851399999998
10,33.90016,-118.05839
10,38.60212683659265,-109.57522273011408
10,42.809731,-71.255409
10,39.141336,-121.67159
10,38.791473,-77.175667
10,41.921859999999995,-71.456429
10,34.019993,-118.181259
10,32.669319,-96.925911
10,30.277679,-97.7659
10,33.99630189,-117.9269135
10,38.87343,-77.22048000000002
10,33.335462,-112.16917
10,39.824321999999995,-83.138039
10,42.972839,-83.765465
10,38.271679,-122.671249
10,35.046993,-80.848137
10,30.436342,-97.763535
10,30.450740000000003,-91.13901
10,34.016964,-112.797905
10,37.339474,-104.567551
10,37.70154,-121.86729
10,33.778881,-78.792107
10,43.01914,-78.18172
10,38.275566,-122.048225
10,25.547041,-80.400627
10,30.223640000000003,-85.592522
10,36.079605,-86.953575
10,41.871016999999995,-87.76451899999998
10,35.741439,-84.207669
10,33.472038,-79.104698
10,42.94980200000001,-78.76303100000001
10,37.389698,-120.619423
10,32.402512,-86.21328000000004
10,33.793845000000005,-112.134399
10,34.100566,-118.47801
10,41.69592,-92.590812
10,29.760157,-95.374535
10,33.774543,-118.071654
10,32.661957,-96.726608
10,39.430439,-84.187079
10,35.061252,-90.019672
10,33.198307,-87.53765899999998
10,39.913884,-75.34564499999998
10,33.434357,-86.738785
10,34.222843,-84.618013
10,39.232239,-76.649689
10,29.58353,-98.39447
10,39.11380648594325,-76.77843689881907
10,44.38121,-121.17955
10,35.787193,-78.665947
10,38.64604600000001,-121.225441
10,30.370379999999997,-91.081017
10,40.596493,-73.90778399999998
10,40.708568,-73.99904000000002
10,28.443343,-81.341102
10,38.690413,-90.255775
10,35.493259,-97.547699
10,32.321163,-90.158847
10,33.913242,-118.180603
10,33.832195,-84.426773
10,29.783957,-95.468658
10,42.559459999999994,-70.871162
10,34.07887,-118.21998
10,32.762596,-117.163345
10,33.098606,-117.30761
10,34.145014,-117.278604
10,25.631073,-80.381599
10,33.714046,-84.235336
10,34.043040000000005,-118.21722
10,32.525661,-93.69915
10,41.843848,-124.120225
10,34.820254999999996,-82.263573
10,47.46845,-122.20794
10,40.736359,-74.08506
10,30.325134,-87.412741
10,35.31869099999999,-80.779465
10,33.942535,-118.369968
10,33.960159000000004,-118.243073
10,42.995842695031186,-83.7067329879584
10,30.267331,-97.755127
10,38.925773,-77.214297
10,33.71443,-84.26864
10,47.607258,-122.330215
10,41.466838,-74.34715600000001
10,39.750698,-84.223984
10,38.455166,-123.134079
10,39.00799,-76.40386
10,37.101387,-120.219238
10,38.275051,-85.697266
10,30.063286,-95.908958
10,28.589518,-81.37751300000002
10,33.426558,-112.030471
10,40.527344,-74.29988900000002
10,45.503631,-122.67368799999998
10,28.421394,-81.400216
10,40.855,-73.96766
10,33.098614000000005,-117.307594
10,45.250637,-93.555107
10,34.082366,-117.54495
10,40.225204,-76.758545
10,37.746971,-122.404579
10,33.280529,-117.023529
10,36.986912,-120.074257
10,33.876339,-118.088943
10,29.804646999999996,-95.56987
10,39.54263806324222,-111.95286154693626
10,35.60974500000001,-97.602814
10,48.620426,-122.355934
10,37.407558,-122.066429
10,34.631184000000005,-86.87996700000002
10,32.890932,-96.708908
10,30.036323,-95.255871
10,35.042228,-80.768714
10,33.45916,-82.05686999999998
10,33.385932000000004,-111.829776
10,38.84713,-104.738739
10,38.716705,-121.374313
10,32.729862,-117.108001
10,47.5938,-122.319389
10,40.798752,-74.466713
10,35.688541,-78.65033000000003
10,29.685159999999996,-95.296303
10,42.334579,-122.870636
10,40.694168,-73.543617
10,37.701668,-121.769699
10,32.998815,-117.227132
10,34.024151,-117.559241
10,34.022175,-118.165727
10,32.970335,-117.24964
10,43.048023,-77.647903
10,37.610683,-120.977959
10,32.496311,-93.74176
10,32.803379,-79.91922
10,42.171607,-83.684379
10,41.205303,-96.098503
10,41.811031,-71.405548
10,33.878475,-117.657646
10,32.885628000000004,-96.699989
10,41.02462,-80.704071
10,39.420141,-76.65137299999998
10,36.22002482396974,-86.77477240521061
10,34.128746,-117.938159
10,35.914641,-79.52220799999998
10,41.766422,-71.097488
10,42.866062,-85.67959599999998
10,28.37553,-81.41774000000002
10,34.57512259,-111.88220143
10,35.12495399,-90.07180809999998
10,34.13944,-118.01561
10,37.722614,-122.447754
10,34.904003,-82.320435
10,38.116356,-104.672348
10,29.997714,-90.049953
10,31.555022,-84.85668100000002
10,37.929759999999995,-77.466484
10,35.753819,-78.661781
10,33.480221,-112.056351
10,30.57852,-91.127083
10,40.202999,-76.850014
10,33.811,-84.37305
10,40.895204,-74.240786
10,44.84594,-93.123901
10,41.28797,-72.545171
10,27.581776,-82.578934
10,38.920288,-77.216437
10,40.796146,-74.314148
10,40.481461,-74.301537
10,41.713715,-75.671074
10,32.26115,-110.995
10,42.942873,-83.64845600000002
10,41.871059,-87.764015
10,35.753244,-78.586437
10,32.77868,-117.115718
10,30.037621,-95.604515
10,39.089741,-121.547073
10,33.581219,-112.117088
10,28.483237,-81.07863499999998
10,27.945595,-82.537514
10,40.6828,-73.667815
10,40.440673,-111.900286
10,29.682281,-95.399956
10,29.645149,-95.368401
10,39.647472,-86.28827700000002
10,32.981522,-80.138184
10,39.035698,-94.553692
10,36.060909,-95.732727
10,36.180172,-86.745316
10,45.9104,-123.69463
10,27.80557,-82.67960699999998
10,41.538321999999994,-73.000488
10,33.945774,-117.29612
10,34.072012,-117.885837
10,35.911552,-78.65136
10,39.760387,-84.20121800000003
10,41.749531,-87.973763
10,42.27807,-83.154
10,35.782711,-78.64325
10,39.894737,-86.054138
10,48.80836129165265,-95.11217236473507
10,40.35032,-111.768
10,35.284515,-80.670731
10,45.815502,-122.686028
10,29.683126,-95.365807
10,35.062851,-80.99140200000002
10,38.025349,-79.14035799999998
10,41.744587,-87.838448
10,32.32286,-111.052897
10,39.04689000000001,-84.58416700000002
10,39.207147359661064,-76.54487013780334
10,34.735039,-86.627296
10,33.662552000000005,-117.874924
10,34.16341,-118.47246
10,32.100528999999995,-86.469172
10,35.208954,-80.822823
10,36.108266,-95.884191
10,30.215513,-97.73494
10,39.808361,-86.159035
10,28.356851,-80.701844
10,32.790445,-96.760433
10,33.422241,-82.00660699999997
10,42.998791,-85.718544
10,30.408199,-91.026009
10,38.573838,-121.469224
10,29.695547,-95.311424
10,38.239735,-77.499596
10,37.83432,-122.016472
10,41.83864000000001,-88.06454000000002
10,37.531162,-121.941162
10,40.038925,-86.48002
10,45.217254,-107.36145
10,25.21037,-80.423695
10,40.683224,-75.29388399999998
10,33.883167,-117.53994
10,28.237540000000006,-81.65302
10,39.88274000000001,-86.29587
10,40.034531,-82.81223299999998
10,41.24196,-111.945369
10,40.921581,-73.809692
10,40.352429,-76.718312
10,42.98213124254712,-83.74211668928271
10,43.710331,-92.700462
10,39.08914,-76.62509
10,27.956660999999997,-82.46093
10,37.773079,-122.407671
10,34.151317999999996,-118.150017
10,36.146016,-86.695213
10,40.065504,-75.331873
10,42.533428,-73.78426400000002
10,34.171248999999996,-118.518524
10,40.841228,-72.937637
10,40.495609,-78.0485
10,37.199667,-77.333638
10,34.878345,-82.361816
10,40.88344,-74.16317
10,29.72031,-95.535362
10,38.266611,-121.30091000000002
10,39.44247,-105.74431
10,47.74166500000001,-103.283101
10,42.337340999999995,-83.124863
10,46.93731,-122.44232
10,30.40802,-91.148666
10,35.080677,-82.06210300000002
10,42.411559999999994,-71.079178
10,41.875668,-87.696175
10,28.509007,-81.41926600000002
10,40.696529,-73.980995
10,40.514305,-74.367077
10,25.898411,-80.340797
10,40.728466,-73.928268
10,38.025463,-122.111618
10,40.264021,-75.370671
10,35.446782,-82.56245799999998
10,40.72288,-73.82757
10,42.040828999999995,-87.804283
10,37.93136,-77.46757099999998
10,42.471166,-82.917653
10,39.98222,-75.1008
10,33.931358,-117.660141
10,40.440285,-75.906508
10,33.887547,-118.356453
10,41.29224,-96.115158
10,38.210824,-122.644325
10,33.463863,-86.82453199999998
10,40.79475760440448,-74.1918218132296
10,27.33754,-82.48776
10,39.519119,-83.845673
10,39.335885,-120.305866
10,31.879389,-106.42177
10,40.137652,-75.113285
10,29.93951,-90.06700000000002
10,38.544781,-121.473984
10,43.66555809953849,-73.77449154818643
10,42.366226,-83.057098
10,34.021965,-117.813141
10,33.563083,-117.722269
10,40.071427,-74.95743900000002
10,28.56082,-81.37931
10,33.978249,-81.195084
10,32.63212,-80.88179000000002
10,40.271713,-79.492582
10,44.96504,-93.2873
10,41.7719,-88.010963
10,25.927736,-80.204414
10,33.549471999999994,-112.198797
10,41.833031,-88.102814
10,34.172234,-118.389229
10,39.514253,-121.194256
10,32.27029,-86.356537
10,35.309186,-80.718672
10,34.57314848883355,-82.71631121595993
10,33.776562,-117.487381
10,33.011707,-80.237877
10,34.559502,-118.132719
10,34.441292,-119.7603
10,42.972031,-85.656868
10,26.40708900000001,-81.896187
10,45.605713,-122.68235
10,38.134083,-122.476372
10,37.238808,-93.224854
10,35.178001,-80.879662
10,30.167681,-97.7855
10,41.511803,-93.524567
10,35.868408,-78.543297
10,43.899192,-92.483726
10,41.308125,-95.97068
10,45.191086,-93.889664
10,32.8438,-79.981049
10,33.49493,-112.195099
10,35.501397,-108.834873
10,35.246311,-80.96891
10,47.240807,-122.400208
10,42.57591605166161,-114.15795922224925
10,38.6786,-77.232109
10,34.05574,-118.45195
10,34.136696,-117.4692
10,35.052162,-80.849739
10,38.93894791584521,-94.5483291144631
10,36.914062,-79.21109799999998
10,40.258133,-76.8377
10,39.447665,-77.38569
10,38.118233,-85.643753
10,37.964026,-78.83508
10,32.779202000000005,-117.070122
10,35.734823942014046,-78.01248908005708
10,33.9117157457642,-84.42571520765101
10,42.370872,-71.06598699999998
10,33.481445,-117.142807
10,33.807207,-117.35836299999998
10,44.97736,-93.08854
10,32.787292,-96.766083
10,29.784281,-95.646057
10,32.961918,-84.955917
10,38.073071,-122.229774
10,45.54483,-122.38868
10,42.68082261,-88.03210616
10,37.926365,-122.060478
10,34.353497999999995,-117.440504
10,34.46309,-93.14603
10,30.47027000000001,-91.152527
10,33.509991,-82.02823599999998
10,39.015469,-77.47674599999998
10,34.22963,-117.278572
10,28.230419,-80.708054
10,25.706185,-80.317718
10,33.976349,-117.969299
10,33.079166,-117.296616
10,41.569027,-87.356064
10,29.52973900000001,-98.684853
10,35.12248,-80.85441999999998
10,42.50208020189999,-83.75799536665076
10,33.62355,-112.33095
10,34.055149,-118.214073
10,35.088722,-85.220454
10,39.972496,-75.193634
10,41.702572,-93.4431
10,39.03658,-76.850255
10,33.08798,-117.30068
10,40.022789,-75.03613299999998
10,35.408607,-119.032126
10,36.28518,-80.8191
10,32.907067,-96.728514
10,43.10560200000001,-76.053146
10,45.58757,-118.56516
10,37.983482,-121.260373
10,41.552612,-73.063778
10,42.87095,-78.84551
10,34.086883,-80.225616
10,32.765996,-117.138903
10,34.248005,-117.181903
10,42.398345,-93.570691
10,32.40002,-110.95523
10,41.87402,-87.73034
10,25.601998,-80.35269699999998
10,34.094589,-80.93208299999998
10,33.142414,-86.748924
10,32.884708642802785,-83.77361655195344
10,32.854622,-117.064957
10,28.038261,-82.034561
10,32.817375,-79.954727
10,35.94759000000001,-78.543182
10,42.1082,-70.766418
10,38.877410999999995,-77.274788
10,35.784737,-78.655385
10,37.31437800000001,-121.94033799999998
10,30.195118,-81.739292
10,29.36862600000001,-98.451759
10,33.496761,-82.315353
10,33.961678000000006,-118.369339
10,38.854649,-77.388481
10,40.80988,-73.90308
10,30.373377,-97.726532
10,41.158836,-95.939011
10,29.385799,-98.465439
10,44.88565,-93.136252
10,30.300240999999996,-97.648232
10,43.025848,-123.299438
10,40.039619,-76.292037
10,42.99459,-83.74710999999998
10,37.886696,-122.309274
10,34.26442,-111.226273
10,29.85800900000001,-95.361374
10,34.392551,-118.472771
10,32.410740000000004,-93.795723
10,44.970128,-93.321754
10,46.6479,-122.96329
10,42.06588,-87.867393
10,40.732988,-74.120261
10,40.091686,-75.260008
10,42.247378999999995,-71.038315
10,38.000484,-122.037735
10,41.763298,-124.19677
10,29.744,-81.34482
10,34.299389,-82.682571
10,30.195999,-92.108231
10,35.319721,-97.547676
10,29.946369,-90.112689
10,41.579205,-73.909103
10,29.740569,-95.355031
10,25.81655,-80.321713
10,37.563477,-122.038589
10,40.308132,-74.787315
10,30.48251,-81.642021
10,29.727835,-95.349907
10,40.407326,-104.993233
10,36.326553,-119.313722
10,29.043587,-81.206988
10,33.8806,-81.036598
10,33.659474,-84.360413
10,40.4689,-120.93148
10,43.04715,-88.24945
10,34.00743,-117.96641
10,28.005711,-82.30252800000002
10,25.898762,-80.382774
10,30.197201,-97.787766
10,41.468075,-73.82114399999998
10,29.413387,-98.457863
10,32.450634,-93.865158
10,43.121288,-77.4757
10,40.31184,-111.730217
10,33.80668,-118.287826
10,35.770168,-78.623413
10,30.315347999999997,-81.76990500000002
10,25.811359,-80.190285
10,34.152394,-118.099798
10,35.802351236172655,-78.6246120925969
10,37.218431,-76.605168
10,39.741489,-84.159468
10,42.931102,-85.659474
10,40.155186,-79.775444
10,42.76631,-76.1188
10,35.898502,-78.611923
10,28.518253,-81.392876
10,38.79849,-77.07993
10,42.13375900000001,-86.369766
10,42.9618,-88.01602199999998
10,39.421669,-87.69390899999998
10,32.746803,-97.31938
10,42.46283,-123.3189
10,35.23069,-80.83131999999998
10,36.141299,-86.731852
10,41.87346,-71.38358000000002
10,34.053032,-118.22757
10,38.836692,-104.655433
10,34.079735,-80.881203
10,33.876092,-118.125184
10,39.49596,-76.178947
10,36.33475899679024,-121.19032502116586
10,36.151093,-86.769402
10,33.741622,-117.433024
10,37.716759,-120.444344
10,34.039055,-118.244347
10,29.759541,-95.398163
10,25.71231,-80.31786
10,29.86986,-95.409668
10,26.139532327527327,-80.3434360023482
10,45.619228,-94.552539
10,33.865866,-117.542
10,40.291273,-75.271778
10,45.058203000000006,-121.515644
10,37.166389,-93.29538
10,30.193731,-92.058693
10,30.06038546547861,-81.49800896605731
10,34.249376,-117.442305
10,28.563640000000003,-81.55852
10,30.467035,-97.62989
10,38.796543,-123.01255
10,41.101711,-73.992599
10,42.313526,-71.0466
10,34.03653,-81.005013
10,41.66267,-87.59124
10,37.422634,-121.926025
10,36.76992,-82.07058
10,42.053382,-88.29556600000002
10,30.267784,-97.74556
10,30.365919,-90.989517
10,43.230784,-77.55467
10,33.852451,-118.286057
10,34.010075,-84.567451
10,32.304906,-95.27883
10,37.72071500000001,-122.1782
10,30.47027000000001,-91.152527
10,42.47740200000001,-83.098373
10,40.207188,-75.50748399999998
10,30.339417,-97.71786
10,37.384694,-120.71314
10,36.840433,-76.021051
10,28.583835,-81.706682
10,32.914043,-96.869408
10,39.57841,-110.78579
10,27.937754,-82.202995
10,26.19129,-80.20883
10,34.061333000000005,-80.50016
10,35.137959,-80.85260799999998
10,30.521481,-91.156677
10,34.1611,-118.469614
10,42.466202,-88.017151
10,34.02879,-117.57561499999998
10,38.436691,-105.245781
10,34.88957,-78.84897
10,34.000702000000004,-117.844833
10,41.530476,-72.768856
10,40.847359,-73.10163100000003
10,30.29087800000001,-97.741287
10,39.200447,-85.958199
10,41.690239,-74.02739
10,42.173756360806586,-84.75161433179498
10,32.770531,-96.817871
10,40.85738,-76.811808
10,38.001556,-121.349991
10,26.09292,-80.22378499999998
10,30.762421000000003,-88.225571
10,42.025772,-88.311874
10,40.844776,-73.925507
10,34.340403,-118.901704
10,29.774099,-95.24736
10,38.476648,-77.680832
10,35.074913,-106.639992
10,33.995759,-117.874432
10,29.73633,-95.29277
10,34.065833000000005,-117.494244
10,45.515594,-122.798401
10,33.75345,-118.29126
10,33.629072,-117.716852
10,36.01409500000001,-86.62056
10,29.700159000000006,-95.517706
10,34.220429,-83.78459699999998
10,36.05365,-86.71500400000002
10,33.021729,-80.17804
10,37.318287,-121.831551
10,32.900307,-96.71769
10,41.321901,-87.30226800000001
10,33.557535409767354,-117.54867911282754
10,40.741542,-73.842067
10,38.315792,-122.482628
10,36.31245,-119.224693
10,35.175948999999996,-80.798241
10,29.783490000000004,-95.47476
10,33.987823,-118.137901
10,34.641113,-86.84387199999998
10,29.74608,-95.363358
10,33.737125,-84.230553
10,26.331159999999997,-81.78134200000002
10,28.849539,-82.579559
10,28.402999,-81.456828
10,44.04998,-121.30685
10,27.7914,-82.63030400000002
10,41.771,-72.678963
10,39.942509,-82.837593
10,28.027948,-82.146906
10,34.033908000000004,-118.221436
10,42.386848,-71.045799
10,34.136525,-117.492587
10,33.928101,-118.340904
10,32.291481,-110.950005
10,35.739399,-78.56868
10,28.112551,-82.502602
10,32.836908,-85.763726
10,45.131001,-93.001709
10,42.879242,-85.242874
10,29.560935,-95.115713
10,32.979896999999994,-117.253082
10,40.115406,-75.20528399999998
10,38.802506,-121.723977
10,41.90462,-88.01769
10,43.0542,-76.11865999999998
10,45.599387883922574,-121.16468310298364
10,29.73716,-95.332207
10,38.51141,-122.77594
10,42.154205,-87.95503199999996
10,41.956192,-87.88005799999998
10,44.991835355544126,-93.0884349341722
10,38.262384,-77.169246
10,33.48505,-82.02993000000002
10,30.877176,-88.044342
10,33.887463000000004,-118.104279
10,33.494949,-112.11705
10,30.390669,-97.739723
10,41.66645,-86.73064000000002
10,29.730881,-95.384323
10,35.249763,-80.856438
10,41.49341,-94.237499
10,45.30489,-93.55562
10,32.190765,-110.926483
10,30.285799,-81.522087
10,34.06997,-117.29582
10,40.488289,-78.24590400000002
10,30.004408,-90.20681
10,40.094006,-75.301402
10,45.4444,-117.3463
10,39.062382,-94.6259
10,27.497153000000004,-82.475188
10,38.55615,-121.44319
10,36.54164,-121.908317
10,35.152495,-80.970321
10,40.033957,-79.03619499999998
10,38.507082,-90.348827
10,38.59343,-121.444756
10,41.286087,-72.60199
10,42.153004,-87.897217
10,36.191635,-86.687271
10,33.543289,-86.568512
10,37.509937,-122.25148
10,37.314029999999995,-121.827065
10,38.07995438557587,-75.58833003008084
10,42.693039,-73.804863
10,33.39949,-79.327209
10,32.952301,-80.162842
10,30.215055,-97.710312
10,39.271123,-77.549205
10,32.1633,-110.9863
10,37.41912245732585,-81.06619477233379
10,37.988369,-122.040344
10,34.08599,-84.52950200000002
10,41.807749,-86.22115
10,33.924438,-118.368996
10,37.145508,-121.98497
10,34.041412,-118.064323
10,44.405186,-123.945107
10,32.27837,-110.772522
10,40.825656652255894,-73.93121838534388
10,33.721718,-84.39520999999998
10,42.19358,-70.95165
10,41.151293,-122.308477
10,38.98074746113309,-85.69455027539398
10,28.435965999999997,-81.404533
10,28.41864600000001,-81.409248
10,40.613124,-78.360372
10,41.823238,-87.723907
10,37.556204,-121.915423
10,42.4402,-83.21964
10,30.527809,-91.183434
10,42.201359,-87.889297
10,35.253525,-118.842667
10,36.225597,-86.776039
10,38.596142,-121.415352
10,42.733212,-73.698502
10,40.934653999999995,-73.879021
10,36.90831,-121.756889
10,41.584319,-73.770753
10,35.179981,-80.75298000000002
10,40.53582,-79.064892
10,38.090988,-122.228821
10,29.39255,-98.518631
10,28.5019,-80.782898
10,34.766452,-120.424082
10,37.573044,-77.519808
10,29.802637,-95.544861
10,33.036159999999995,-101.195641
10,45.53889871,-122.66996026
10,25.61397,-80.346863
10,41.801375,-87.793504
10,33.827366,-84.25235
11,29.997601,-90.15554
11,32.777640999999996,-96.811302
11,37.67228,-77.5748
11,39.667492,-84.222435
11,40.587475,-111.900688
11,41.182751,-111.949142
11,36.103431,-95.975726
11,47.12109,-122.55306000000002
11,40.052135,-76.396179
11,38.660477,-121.36087
11,38.61752,-104.88627
11,33.760139,-78.960396
11,36.110802,-86.74294300000004
11,36.141913,-95.985128
11,44.796205,-123.033303
11,34.220814000000004,-81.41194200000002
11,38.814556,-122.712074
11,33.95306,-80.921715
11,27.894291,-82.745819
11,32.76703,-97.31352
11,44.88773,-93.370209
11,44.805096,-93.228691
11,29.766033,-95.544365
11,34.15955,-118.462669
11,43.143269,-77.547494
11,44.87394000000001,-93.163254
11,34.132464,-117.951128
11,36.924278,-109.603973
11,39.986488,-75.207527
11,33.987499,-118.13755
11,33.60622,-112.30188
11,33.743008,-118.002853
11,42.47731,-83.09465
11,35.478851,-97.63665
11,38.223202,-85.821999
11,41.076804,-75.572198
11,32.598147,-83.474935
11,40.701851,-73.428719
11,35.640883,-78.565454
11,29.6994,-95.361603
11,28.878432512145626,-82.0925366874595
11,34.922027,-82.094749
11,34.066826,-117.803238
11,36.304031,-86.702347
11,36.378082,-82.407516
11,42.762669,-74.114166
11,38.340778,-77.491455
11,37.48491168004281,-121.93823218287494
11,45.461114,-123.844484
11,48.804126,-122.395623
11,45.600791,-121.174832
11,40.494276,-79.91931
11,34.155546,-118.430533
11,33.638418,-78.99032700000002
11,27.062044,-82.416359
11,32.816254,-96.810677
11,30.151896,-90.874746
11,40.245548,-82.864708
11,33.808208,-117.096008
11,29.681091,-95.488386
11,25.96417000000001,-80.16585500000002
11,38.14388,-120.45067
11,30.459961,-81.678787
11,25.88389,-80.26292
11,32.907973,-96.904967
11,39.58691,-107.1959
11,38.71471500000001,-121.290394
11,40.987835,-73.676209
11,25.782436,-80.222771
11,40.68684,-112.02479
11,33.526759999999996,-80.89007600000002
11,34.163906,-118.472343
11,36.967334,-76.414987
11,25.672817,-80.400233
11,40.871497999999995,-72.49569699999998
11,37.99231,-122.3068
11,33.508644,-86.791031
11,35.748863,-78.717766
11,41.65813,-87.58708
11,33.598015000000004,-117.118477
11,36.014412,-86.62026999999998
11,27.942207,-82.33123499999998
11,36.139107,-86.880516
11,29.595364,-95.194229
11,42.574749,-71.24115
11,43.000865999999995,-83.69324499999998
11,25.82045,-80.283203
11,36.863918,-120.783524
11,34.068443,-117.973114
11,36.431629,-78.294724
11,45.76439738251798,-95.03041863396152
11,34.766693,-82.57315799999998
11,41.19284,-79.643967
11,39.75725900000001,-84.18222800000002
11,34.676125,-79.761589
11,33.684878999999995,-117.171242
11,33.997458,-117.888348
11,33.404171000000005,-110.860413
11,33.373913,-117.253624
11,35.159821,-80.973282
11,32.923908000000004,-96.776161
11,34.362049,-89.56551400000002
11,29.795097,-95.544716
11,42.90071500000001,-78.84794699999998
11,33.397205,-112.05336
11,32.276608,-90.198174
11,41.23122,-111.978638
11,32.290092,-110.97811000000002
11,33.983788,-86.587563
11,27.1257,-80.277328
11,30.170086,-82.72144300000002
11,34.005975,-117.728456
11,42.32303,-88.16473
11,35.478802,-97.610008
11,38.745308,-77.08358100000002
11,33.528847,-112.073722
11,39.631936,-84.200942
11,36.133362,-95.859947
11,27.887801,-80.505235
11,37.408207,-122.003815
11,45.732446908732726,-109.7493946547043
11,40.82368,-73.87745
11,32.878857,-96.688614
11,27.5836,-82.58908000000002
11,35.811226,-78.611214
11,36.017348999999996,-95.904228
11,39.479538,-76.85209499999998
11,25.942232,-80.303853
11,45.693823098918465,-120.3808343404752
11,35.435238,-97.654022
11,36.51515300000001,-121.434847
11,42.97282,-71.453011
11,36.110104,-86.773399
11,29.46043,-98.55912
11,41.058189,-73.815895
11,37.811588,-122.36335
11,46.234942674416374,-123.87189030588208
11,42.927132,-85.609154
11,34.277824,-118.604782
11,35.776352,-78.62244399999999
11,38.617538,-121.361435
11,42.59385,-114.5633
11,28.832712,-81.321655
11,43.096586,-77.857242
11,39.868140999999994,-75.102379
11,38.28765900000001,-78.93321999999998
11,33.11261,-117.09718
11,33.870213,-117.703827
11,35.804569,-78.446922
11,39.504313,-84.742563
11,40.167695,-76.915657
11,29.817341,-95.42025
11,28.514059000000003,-81.39067
11,32.836544,-96.778915
11,41.20806500000001,-73.094406
11,38.94704,-104.80195
11,41.62286,-87.578728
11,38.423725,-121.395569
11,38.228474,-85.636246
11,28.590165999999996,-81.238419
11,36.984516,-122.029732
11,44.966023,-93.265651
11,42.474015,-71.443832
11,32.931297,-97.315849
11,40.60767,-111.90516
11,34.09182,-117.991814
11,38.974918,-121.609984
11,34.266068,-118.469322
11,36.040113,-86.785001
11,32.279079,-95.306117
11,39.905521,-76.86108399999998
11,40.21434,-77.21181
11,34.056067999999996,-117.5466
11,41.10211,-73.995099
11,36.966522,-76.29454
11,42.4877,-83.21249
11,43.013809,-83.634682
11,28.265873,-81.24158100000002
11,35.216331,-80.832649
11,39.959583,-75.175446
11,25.935124,-80.12176099999998
11,27.947223,-82.353861
11,35.110066,-85.14094899999998
11,34.5788,-82.690758
11,43.138306,-77.671593
11,33.850418,-84.36198399999998
11,35.88308,-119.270775
11,35.03363,-80.81002
11,27.64556,-82.67291999999998
11,29.41747100000001,-98.504936
11,39.167389,-84.423547
11,45.47359,-122.677765
11,29.764164,-95.357315
11,37.88424000000001,-122.17981
11,33.27021,-80.56671899999998
11,42.486069,-83.438911
11,40.133813,-75.132641
11,30.225895,-97.762283
11,29.74678,-95.359001
11,34.858925,-82.259857
11,45.803872,-110.02241
11,30.327609999999996,-97.626534
11,33.941777,-113.180404
11,36.176937,-95.975594
11,39.81626,-84.13039
11,28.421372,-81.402214
11,39.016411,-94.128975
11,43.230845,-75.08036899999998
11,33.002853,-96.795761
11,34.087021,-80.933159
11,38.19627,-85.707207
11,44.061932,-123.089949
11,37.744233,-122.405397
11,34.087621,-82.04101800000002
11,41.580222,-73.909031
11,36.109703,-86.8564
11,30.43566,-85.43019
11,35.24134,-80.84357
11,29.718128000000004,-95.557549
11,34.06544,-117.806725
11,37.891191243944675,-122.15016961039473
11,41.58011,-78.93368000000002
11,34.112742,-118.266295
11,33.460894,-112.08548799999998
11,35.443368,-82.538016
11,41.365555,-82.077925
11,39.81222,-104.98282
11,39.36034,-74.462158
11,36.110985,-86.74593399999998
11,40.088722,-76.38028
11,34.691792,-82.19680799999998
11,39.384001,-77.286805
11,29.735395,-95.347
11,44.887415,-93.365898
11,42.38287800000001,-83.030412
11,40.752016,-73.74679499999998
11,42.392273,-82.995827
11,35.329769,-80.825951
11,28.913229,-82.110443
11,45.36399,-122.60608
11,39.803288,-77.34326899999998
11,37.464554,-77.42543
11,34.136482,-112.146423
11,39.119683,-84.535483
11,45.533913,-122.58028
11,33.876362,-118.082367
11,32.83445,-97.06038
11,29.993658,-90.062409
11,35.057204999999996,-80.81633000000002
11,44.832819,-117.534825
11,40.75544,-73.74301
11,32.787983000000004,-117.114128
11,29.510353,-98.397858
11,40.745308,-73.986839
11,35.460381,-97.636398
11,33.302943,-84.359026
11,27.887142,-82.762294
11,42.107491,-70.943336
11,41.91169,-88.032387
11,33.72311,-117.80041
11,37.317268,-121.939301
11,35.784942,-78.70344200000002
11,35.64504504186799,-119.33106064739546
11,28.4816,-82.60820799999998
11,33.876290999999995,-81.215535
11,27.388756,-82.524555
11,39.93011,-86.16551
11,25.78784,-80.209907
11,33.977333,-118.43821
11,39.26523,-106.29028999999998
11,33.644195,-117.915929
11,34.065228000000005,-117.806824
11,34.215610999999996,-80.703911
11,31.762423,-106.352898
11,47.496716,-121.815345
11,33.833954,-118.26368
11,39.744423,-75.556435
11,44.43099,-121.88084
11,34.813778000000006,-82.33629599999998
11,40.997068,-73.65679499999997
11,29.323236,-81.055275
11,35.811039,-78.61210600000003
11,35.211151,-80.866547
11,37.19836,-107.771027
11,37.188489,-121.797077
11,33.450480999999996,-79.118973
11,37.58735,-122.3536
11,36.155617,-86.862488
11,34.053532000000004,-81.120087
11,38.749187,-90.753372
11,34.4774043558384,-86.89834713894415
11,46.146278,-95.936638
11,39.745384,-84.183006
11,30.425065000000004,-85.638439
11,26.43132,-81.808327
11,40.26039719562406,-75.58410286867341
11,33.913971000000004,-118.106412
11,35.26215999999999,-80.77315
11,38.707386,-77.222847
11,40.73587,-73.11794300000003
11,31.702815,-106.321101
11,38.770740999999994,-77.182808
11,40.730492,-74.044632
11,33.876362,-118.082367
11,47.245049,-122.33656299999998
11,35.097542,-81.851799
11,38.134155,-121.257645
11,32.831509999999994,-96.78069
11,30.169291,-97.69133
11,34.410088,-119.550873
11,40.415076,-120.724999
11,37.584024,-77.45102800000002
11,40.72237,-74.17714000000002
11,45.66663622834364,-94.17590975716509
11,40.126576,-75.062464
11,27.57622000000001,-82.425484
11,44.968632,-93.251747
11,42.308789491451705,-87.87681698757228
11,42.132975,-122.555847
11,40.71431,-122.415448
11,28.051111,-82.78775
11,32.979343,-96.714302
11,33.912684999999996,-84.286293
11,29.857651,-95.300537
11,40.86515,-77.73446700000002
11,40.024708,-75.229637
11,25.687316,-80.384433
11,35.820194,-78.593369
11,35.137716999999995,-106.60179
11,34.103214,-117.510582
11,38.27216,-85.750282
11,35.673963,-79.042687
11,33.274529,-117.154814
11,32.980638,-117.249633
11,40.689522,-73.575661
11,27.950424,-82.51400799999998
11,32.741066,-117.156609
11,40.75777,-73.73823
11,33.460969,-112.37942
11,33.933578000000004,-118.39624
11,36.287642,-110.995224
11,40.950981,-76.456703
11,39.010725,-76.861864
11,33.875278,-118.193325
11,36.322437,-119.40309
11,29.73675200000001,-95.566574
11,34.01875,-118.423801
11,45.38563,-122.57885
11,25.731925,-80.317114
11,38.249216,-121.290209
11,35.272011,-80.810799
11,32.749481,-97.289185
11,34.112970000000004,-117.82395
11,32.94851,-96.7362
11,34.027451,-118.274498
11,25.818438,-80.20613900000002
11,34.437119,-110.630005
11,42.476306,-88.106509
11,33.873668,-118.342666
11,29.754883000000003,-95.625282
11,25.734217,-80.335882
11,36.768161,-76.261767
11,33.689274,-85.188339
11,25.91568,-80.32515
11,33.923931,-117.8797
11,40.515221,-74.374847
11,35.210751,-80.858772
11,35.22475361807239,-80.8379924293478
11,35.241761,-118.588626
11,40.887373,-76.73969100000002
11,43.11533,-75.207741
11,42.007359,-70.73026999999998
11,40.71954,-111.86471
11,39.56325,-94.788352
11,42.02736,-73.994433
11,43.577071999999994,-121.979301
11,32.725689,-81.241989
11,34.034596,-118.054045
11,30.481449,-81.64361600000002
11,33.551829999999995,-117.181465
11,34.086846,-117.685669
11,40.619063,-78.22924599999997
11,27.79781,-97.409401
11,42.836598,-78.79312900000002
11,44.37736,-123.76389
11,35.296112,-80.79334300000002
11,32.237972,-110.862323
11,35.566349,-97.716362
11,39.167727,-84.423734
11,39.32552,-120.601631
11,28.601229,-80.85520600000002
11,47.8321,-122.209061
11,32.867417,-97.065702
11,25.596959,-80.401169
11,29.770832,-95.326358
11,39.063999,-77.481239
11,27.938809999999997,-82.770844
11,37.273827,-79.935928
11,25.612516,-80.37829599999998
11,41.148987,-80.674637
11,40.080890999999994,-75.410927
11,32.670959,-96.94722
11,39.415372,-76.625336
11,42.78698,-74.01414
11,40.110825,-75.123482
11,35.25354,-81.082581
11,28.53554,-81.31059300000003
11,41.20306,-96.061989
11,40.503816,-80.135386
11,25.90498,-80.32467
11,33.68512,-117.171562
11,38.108714,-77.51776600000002
11,42.487068,-83.47573100000002
11,40.107822,-75.324211
11,33.49361,-112.392448
11,45.05838,-93.40447
11,38.38457,-81.804429
11,41.27774,-95.970161
11,37.775527,-79.353238
11,41.879181,-87.961578
11,39.030918,-84.554161
11,33.650208,-78.981125
11,36.731269,-81.889356
11,35.790932,-78.65934
11,29.588251,-98.63078
11,32.163319,-110.9356
11,35.005277,-85.228256
11,33.638569,-112.368088
11,38.592815,-121.284149
11,35.27533,-80.793518
11,33.68148,-84.31313
11,39.313505,-84.433177
11,33.68788,-117.90468
11,27.712505,-82.382713
11,44.952963,-93.08281
11,35.456672,-82.542896
11,42.971188,-73.7929
11,41.310207,-75.754173
11,25.796823,-80.32386
11,41.077989,-73.921084
11,39.698074,-74.894131
11,41.87286,-83.39948000000003
11,35.546772,-80.44369499999998
11,30.22617,-97.769699
11,34.173481,-118.553467
11,35.20955700000001,-80.875587
11,32.250622,-110.902718
11,40.129116,-75.37217700000002
11,37.57371,-122.26222
11,47.615227,-122.327911
11,27.960135,-82.762573
11,27.447709999999997,-82.57539399999997
11,42.909792,-82.499863
11,38.75139,-90.44763
11,39.505966,-74.918762
11,41.512809999999995,-88.052353
11,37.622929,-121.237968
11,33.348628999999995,-111.971848
11,33.426848,-112.030793
11,28.557673,-81.20708499999998
11,42.294182,-71.482414
11,40.669263,-74.91521
11,28.451602,-81.477678
11,37.541798,-77.390244
11,29.15448,-82.126482
11,37.63084,-122.11348
11,42.48584,-83.426192
11,30.38942,-97.678513
11,39.269881,-121.112603
11,34.244686,-79.890297
11,29.817181,-95.399483
11,45.22639,-123.183
11,40.69656,-112.024857
11,32.827473,-96.885841
11,31.778019,-106.450874
11,36.072701,-79.7939
11,40.538317,-121.592858
11,27.952396000000004,-82.410335
11,42.941727,-85.677576
11,33.435661,-111.930588
11,26.240798,-80.13648
11,34.751779,-114.564596
11,29.706059999999997,-95.42009
11,34.416142701938554,-79.41558480224886
11,34.804493,-82.350121
11,39.933487,-76.957138
11,26.188128,-80.151657
11,45.53028,-122.68706
11,38.222846999999994,-85.505775
11,33.912116999999995,-118.073502
11,40.824783,-73.824629
11,40.243778000000006,-75.540222
11,42.341422,-123.333189
11,43.04518,-75.95259
11,35.146625,-80.925259
11,28.334972,-81.591014
11,34.193481,-79.84384200000002
11,34.032406,-118.221825
11,36.157108,-86.803719
11,40.011524,-75.24252299999998
11,35.365547,-80.78700500000002
11,40.524303,-124.149567
11,36.065725,-119.052995
11,38.287632,-122.801308
11,40.703838,-112.024902
11,34.000624,-117.845274
11,38.944318,-121.097889
11,38.844752,-77.827678
11,32.446171,-80.993965
11,30.440191,-91.208458
11,29.589319,-95.449135
11,33.103729,-79.961311
11,38.672344,-104.708359
11,35.89452,-78.75554699999998
11,41.060403,-78.44941
11,26.641109000000004,-81.84034
11,34.03038,-117.684303
11,41.960873,-91.670921
11,38.77375900000001,-77.248968
11,33.889658000000004,-118.360721
11,34.077618,-117.623329
11,35.536678,-97.556442
11,34.072422,-117.926685
11,28.192721999999996,-82.398499
11,34.269695,-79.703766
11,40.034092,-76.311562
11,45.21468,-93.03433
11,30.249094,-97.768127
11,29.717735,-95.519997
11,44.690545,-69.635564
11,38.862522,-77.344803
11,34.18554,-118.31786
11,40.641029,-74.205772
11,41.012623,-73.850014
11,29.483403999999997,-98.525993
11,25.9321,-80.20384
11,45.39707,-122.74702
11,41.2913,-73.83115
11,28.055049,-81.952169
11,29.470146000000003,-98.439903
11,33.85870300000001,-84.433886
11,30.343719,-81.668091
11,42.96431,-85.67866
11,34.028079999999996,-81.101624
11,33.986553,-81.245346
11,34.023974,-117.77058
11,40.841629,-72.789932
11,40.319803,-77.165458
11,30.159691,-92.052299
11,28.027067,-82.152771
11,30.288843,-81.982872
11,32.185691999999996,-111.092575
11,36.130089,-95.940353
11,33.85223,-118.284859
11,38.25962,-121.29682
11,42.83533,-73.74
11,40.756111,-74.25350999999998
11,37.987965,-122.313423
11,40.764523,-111.966534
11,44.94446,-123.04166
11,34.641483,-82.44742600000002
11,34.122913,-118.073008
11,40.925354,-73.858391
11,41.61103,-93.5787
11,30.171301,-97.613533
11,34.070057,-117.156342
11,30.395243,-91.085792
11,34.228375,-117.414552
11,32.795308,-117.154459
11,42.96603,-83.63298
11,36.133263,-95.940346
11,35.770012,-78.406914
11,35.474353,-87.04645500000002
11,40.891742,-78.216408
11,25.899142026777746,-80.38345456085024
11,33.971848,-118.377823
11,41.728481,-71.458443
11,41.002552,-121.442871
11,25.869213,-80.208313
11,37.72506,-122.137403
11,26.720584630838772,-80.13568282089169
11,42.160547,-122.635834
11,41.101711,-73.992599
11,40.879065,-73.98105
11,38.550553,-121.474073
11,36.98167,-120.60334
11,30.193790000000003,-97.767204
11,40.163317,-75.96235300000002
11,29.516769,-98.464363
11,47.00322,-122.674
11,29.725815,-95.484075
11,40.84524,-73.92778
11,44.943723,-93.077364
11,43.250469,-89.377785
11,29.68453,-95.305603
11,37.708294,-122.122627
11,37.504786,-121.964069
11,34.03133,-84.04701999999997
11,34.858398,-82.43602800000002
11,34.028313,-118.449326
11,32.78089600000001,-117.089873
11,39.401253,-76.566017
11,30.648351,-91.213083
11,25.779662,-80.359403
11,27.96544500000001,-82.434227
11,35.216141,-80.88372
11,35.78170895559415,-80.97175955733789
11,34.23501849158175,-118.2938826078496
11,38.459351,-121.405899
11,38.912285,-76.934168
11,27.388169,-82.461623
11,41.873627,-87.804436
11,32.924122,-96.772858
11,30.006413,-90.01913499999998
11,30.22732,-97.773369
11,33.0798232553812,-112.11748480743351
11,33.36142,-82.014023
11,33.172127,-87.478539
11,35.768791,-78.61734799999998
11,44.92777,-93.34969
11,33.904008000000005,-84.475064
11,36.150162,-86.857933
11,41.533691,-73.08806899999998
11,27.386602000000003,-82.398113
11,39.684731,-75.69426
11,30.39490300000001,-91.109634
11,42.983616,-85.652878
11,40.375095,-77.154422
11,40.644154,-73.639427
11,37.896483,-121.670639
11,35.260574,-112.151093
11,37.66896,-122.1094
11,39.19527100000001,-84.235504
11,35.318905,-78.572683
11,38.9418,-94.816051
11,37.790371,-121.294769
11,33.395226,-117.592834
11,40.85601,-73.971816
11,40.833118,-73.828262
11,32.236202,-110.909943
11,25.925121,-80.30821999999998
11,41.054367,-73.809586
11,33.793865000000004,-84.392921
11,38.71928,-121.373665
11,29.376369,-98.5532
11,38.51086,-90.36274
11,42.154079,-87.95926700000004
11,36.983821,-120.086006
11,31.23752,-85.431679
11,40.886999,-74.13164
11,37.64888,-77.597899
11,37.437805,-122.136307
11,33.62713,-111.89625
11,34.153839000000005,-118.32589
11,39.788914,-74.99054
11,32.85606,-96.55642
11,39.108299,-94.621216
11,47.022742,-122.905188
11,33.944679,-80.886864
11,28.095184000000003,-82.57902299999998
11,33.818647,-84.362072
11,35.087025,-80.838181
11,39.03486,-76.9074
11,32.785740000000004,-96.76731
11,30.648414,-91.155899
11,40.721515999999994,-74.40971400000002
11,37.851887,-122.025788
11,38.863803,-76.99578100000002
11,25.598595,-80.354202
11,37.274483,-122.002647
11,34.19656,-119.096092
11,28.022982,-82.24479699999998
11,25.926966,-80.188204
11,34.508162,-117.150833
11,36.13248400000001,-86.779198
11,43.24843,-75.00079000000002
11,33.562746000000004,-117.672794
11,25.733624,-80.351742
11,40.534264,-112.298454
11,38.481701,-121.390251
11,44.78203,-123.03926
11,40.702803,-73.863543
11,35.210999,-80.903595
11,28.493247,-81.433384
11,37.734631,-122.406319
11,34.324314,-80.042542
11,44.0875,-123.06415
11,29.530849,-98.562462
11,30.31069,-97.708069
11,32.83336,-96.874598
11,34.027836,-118.454117
11,45.04393,-93.28476
11,40.99277,-74.34823399999998
11,33.856705,-118.284599
11,30.516857,-83.056793
11,42.197693,-83.239189
11,39.949843,-75.141343
11,37.736153,-77.453192
11,34.299178999999995,-118.419296
11,40.75677752,-111.91228509
11,39.605505,-77.743527
11,47.63166,-122.1792
11,38.851665,-123.589317
11,31.15342,-85.64058
11,33.876484000000005,-118.100624
11,44.62433,-121.943289
11,30.246025,-97.744598
11,37.752502,-122.40303
11,32.881134,-117.201172
11,29.68417,-95.476784
11,35.27626400000001,-80.83500699999998
11,30.46064,-87.27937299999998
11,37.17589,-76.543891
11,43.311218,-72.286224
11,41.234097,-96.064453
11,44.19098,-93.996351
11,35.224468,-80.835892
11,36.844383,-76.196579
11,27.893897999999997,-82.33805799999998
11,33.944069,-79.15831
11,39.03535723667605,-104.7755706305276
11,33.778013,-84.390772
11,33.911641,-98.49008
11,39.6604,-104.998497
11,35.927429,-84.048908
11,29.624160999999997,-95.465149
11,40.847237,-81.408592
11,43.00001500000001,-78.853088
11,47.75536,-122.194267
11,35.315619,-82.42048199999998
11,27.446194,-82.505562
11,40.22969126682172,-76.4350497718981
11,34.068081,-118.028755
11,33.884646999999994,-118.129112
11,35.61224,-119.65052
11,33.97146,-117.33087
11,37.772806,-79.431037
11,40.04245,-76.30933399999998
11,33.999309000000004,-118.067722
11,33.931838,-118.300299
11,28.938274,-81.964314
11,32.791649,-96.749649
11,36.17384000000001,-86.602226
11,39.82067,-85.80295600000002
11,35.29069099999999,-97.529732
11,36.324723,-86.873441
11,36.113308,-86.86288499999998
11,29.597541999999997,-95.385712
11,34.029968,-117.131332
11,39.30282,-76.82426
11,45.661913,-110.956793
11,44.94361996629265,-93.39987158730791
11,35.893295,-78.599075
11,45.407412,-122.570056
11,34.129684000000005,-117.924377
11,38.296314,-77.505882
11,30.30459,-97.748619
11,37.29134000000001,-121.93673
11,37.553675,-77.48203199999998
11,37.68502,-122.09214
11,34.742508,-82.745056
11,29.753281,-95.380424
11,34.071579,-118.134758
11,25.890108,-80.189852
11,30.44031,-91.21205
11,31.766373,-106.363358
11,28.52413,-81.348074
11,40.73773,-74.07833000000002
11,40.788742,-72.947441
11,35.041759000000006,-81.906319
11,28.216955,-82.728699
11,27.548506,-82.441071
11,40.74276500000001,-111.989918
11,43.096159,-77.58181400000002
11,41.231236,-111.97863
11,36.118832,-95.940277
11,36.970898,-121.87336
11,30.478331,-91.113966
11,33.75157100000001,-117.846097
11,26.528066,-81.869511
11,33.964062,-118.084572
11,44.96612,-93.26988
11,44.476035833146675,-117.34296441022232
11,28.18607,-82.43786999999998
11,28.198897,-82.748687
11,28.86136,-82.09178
11,33.832649,-117.87297
11,41.041528,-73.576104
11,38.310992,-77.471497
11,28.344901,-81.36056500000002
11,40.75196500000001,-111.88823
11,34.082366,-117.54495
11,34.381069000000004,-118.570869
11,34.13559,-118.001335
11,33.752186,-117.846947
11,35.19675,-80.79128
11,38.647966,-121.332479
11,32.724087,-117.15831
11,29.767586,-95.207962
11,32.740952,-96.757301
11,40.659599,-73.43363199999997
11,36.021099,-95.850967
11,33.750659999999996,-84.71537
11,33.949703,-118.170532
11,33.358723,-111.970062
11,39.040501,-119.947731
11,32.840336,-97.15683
11,39.837,-83.09363
11,37.771915,-122.423416
11,25.730776,-80.367698
11,43.861576,-91.256851
11,27.269512,-82.448784
11,45.191296,-93.890083
11,28.640197,-81.442592
11,30.503615140769465,-87.2606599326741
11,40.274441,-76.998932
11,37.573536,-77.458917
11,34.077659000000004,-117.998176
11,33.461441,-112.269836
11,34.028288,-118.274325
11,37.716638,-122.159539
11,45.46607136704699,-122.7860677236424
11,33.775738,-117.853043
11,41.986228999999994,-73.98819
11,30.59738,-83.1229
11,30.521317,-91.161606
11,38.903535,-77.019902
11,39.752968,-84.205368
11,40.283829,-77.092377
11,29.69143900000001,-95.346031
11,43.046388,-89.473587
11,39.899335,-75.175477
11,35.427299,-80.930008
11,40.584104,-73.923793
11,32.836559,-96.768753
11,39.575672,-76.34269
11,32.753693,-117.011932
11,40.835464,-111.915421
11,34.092240000000004,-118.20629
11,43.17342638948834,-83.76853108366123
11,47.51733400000001,-122.34539
11,34.506254,-82.727536
11,33.80719000000001,-84.37983
11,39.972439,-84.487167
11,33.904171000000005,-86.621437
11,39.830181,-84.87269599999998
11,42.966171,-87.92905400000002
11,33.688175,-117.920509
11,40.057598,-82.910454
11,40.653336,-77.631799
11,28.056032,-82.746323
11,34.776348,-82.391144
11,38.976208,-77.31061
11,33.928902,-118.289368
11,38.002979,-121.141312
11,35.042643,-81.891307
11,34.35018181784463,-117.89240956250242
11,41.090263,-73.803444
11,38.59026,-121.770523
11,28.435979,-81.40539799999998
11,38.49614,-121.434441
11,25.67974,-80.38894
11,34.165503,-118.492347
11,34.06647,-117.988969
11,29.776709000000004,-95.370232
11,42.98211,-83.74221
11,36.254768,-119.808807
11,25.98188,-80.229954
11,39.147304,-94.655651
11,41.811435,-78.43381
11,39.941486,-86.018967
11,40.491082,-121.898629
11,35.229385,-80.92465200000002
11,35.840351,-78.689758
11,33.14555,-87.543846
11,32.883507,-96.74366
11,32.844840999999995,-96.834846
11,43.128433,-87.91330699999996
11,34.433769,-118.38575
11,30.245049,-97.757332
11,39.018909,-76.924339
11,37.56319600000001,-77.371335
11,38.58167767506322,-90.35646557764836
11,44.96434,-93.242874
11,29.84679,-95.276321
11,34.02888,-118.00291
11,40.25164,-88.624992
11,39.05658,-77.15437299999998
11,44.778042,-93.505272
11,27.940759999999997,-82.353447
11,35.105232,-106.671021
11,34.421658,-119.600106
11,33.485645,-80.471733
11,40.706905,-73.428276
11,25.76972300000001,-80.33341300000002
11,28.51897,-81.351639
11,42.164504,-87.92081800000003
11,37.739313,-121.590853
11,32.952301,-80.162842
11,38.388729,-122.71608
11,28.509323,-81.398201
11,35.16555,-80.832359
11,47.54535300000001,-122.275116
11,34.070271000000005,-80.913963
11,35.895598,-77.184791
11,44.861897,-93.288467
11,40.245243,-75.638403
11,29.703279,-95.088806
11,33.558689,-112.0383
11,25.953452,-80.205487
11,34.026844,-118.429916
11,30.379181,-91.066399
11,41.552555,-70.605598
11,34.509477000000004,-93.157924
11,34.786869,-82.371429
11,47.571705,-122.334213
11,37.863935,-122.302816
11,32.20783,-110.858049
11,40.728751,-74.031867
11,35.826279,-78.666092
11,38.189342,-121.372208
11,35.23530200000001,-80.943451
11,41.147312,-96.138885
11,37.47295,-77.52508
11,29.68116,-95.383957
11,32.759461,-97.041999
11,34.347021000000005,-117.476956
11,35.043944,-85.296297
11,35.235119,-80.94079599999998
11,42.959417,-85.65920799999998
11,43.0245,-88.10093
11,29.76026,-95.482933
11,42.27685200000001,-71.172081
11,35.71838,-119.729019
11,44.862,-93.51128
11,45.52396,-122.66549
11,28.607559,-81.207588
11,43.99137,-84.77627
11,47.22836,-122.46193999999998
11,44.62031500000001,-123.64924
11,38.626541,-121.392189
11,28.480663,-81.293656
11,41.846153,-87.645332
11,34.173640999999996,-118.553467
11,40.906596,-75.074729
11,25.925615,-80.210594
11,33.943279,-118.24916100000002
11,42.231352,-77.188653
11,38.90383,-76.942262
11,38.99913400000001,-123.358366
11,40.55548310260507,-76.00224852525709
11,44.966629,-93.274109
11,25.878423,-80.355039
11,40.05928,-75.33974
11,36.874294,-76.19753299999998
11,43.038265,-76.182198
11,27.996227,-81.957115
11,37.81494,-121.993459
11,33.436932,-117.618973
11,43.165673,-77.680705
11,47.320869,-122.590424
11,35.217678,-80.873695
11,33.864307000000004,-84.479675
11,38.37937474232493,-76.25047087633011
11,27.83923900000001,-82.699936
11,37.401337,-77.424767
11,40.583932,-73.92500799999998
11,33.073085999999996,-96.687325
11,40.679293,-73.361725
11,35.565559,-97.5224
11,28.332388,-81.54585300000002
11,40.151185,-75.901584
11,29.735319,-95.460625
11,32.79378,-96.749039
11,44.819558,-124.063623
11,42.290218,-71.071609
11,34.75861,-120.40081
11,33.84788,-117.856112
11,25.862013,-80.208099
11,38.926969,-75.538365
11,26.83385,-81.103599
11,37.662885,-121.907436
11,41.312222,-96.059883
11,34.005615,-117.966125
11,29.744633,-95.391273
11,25.74906707,-80.21247983
11,43.030421999999994,-77.964821
11,34.060547,-118.215164
11,25.713015,-80.33467399999998
11,40.805782,-74.285801
11,43.029758,-88.048241
11,40.205044,-83.030357
11,41.281494,-72.956215
11,29.94598,-90.09825
11,42.23785,-83.74095200000002
11,40.252608,-75.643084
11,42.833221,-70.912361
11,45.069094,-93.277793
11,33.946490999999995,-117.388732
11,30.41119,-91.05161
11,34.55485,-118.13202
11,27.791819,-82.706825
11,36.169899,-80.260529
11,32.651866,-96.880014
11,31.32494,-89.347931
11,39.44529,-84.366587
11,25.858411,-80.207993
11,39.49918,-76.386948
11,34.136456,-117.496102
11,39.194221,-84.475555
11,40.784305,-124.182655
11,32.683634999999995,-97.413349
11,30.167254999999997,-81.540367
11,41.08400702456911,-111.98618531173712
11,33.676777,-117.757103
11,29.78978,-95.354027
11,33.8764,-118.072685
11,41.830627,-87.699799
11,45.01034,-93.17044
11,41.658359999999995,-73.789627
11,38.242259999999995,-86.359802
11,33.722122,-84.394981
11,37.797863,-122.273018
11,39.864232,-75.34858
11,29.405519,-98.629181
11,38.35435,-122.363793
11,33.545208,-86.61868299999998
11,29.76984,-95.345284
11,33.434494,-111.869812
11,41.56972800000001,-87.394935
11,42.860584,-84.911873
11,28.56986,-81.416258
11,34.313805,-111.036034
11,27.523637,-82.561645
11,27.880369,-82.83337399999998
11,47.202419,-122.255608
11,34.919899,-82.322182
11,35.196751,-80.79128299999998
11,39.924366,-86.185181
11,34.134353999999995,-117.674277
11,35.670986,-120.082271
11,30.26778,-97.74556
11,37.185821999999995,-120.491852
11,38.34597,-122.666893
11,40.111813,-75.28514100000002
11,35.138165,-89.868752
11,29.769436,-95.387619
11,39.983591,-76.733362
11,34.529839,-82.695961
11,42.467762,-83.418633
11,34.155972,-118.289993
11,39.738113,-104.825134
11,44.57378,-93.298676
11,43.328839,-87.920866
11,41.95379000000001,-87.7178
11,37.36076,-121.904587
11,33.710499,-78.862297
11,47.190434,-122.298996
11,33.892573999999996,-84.25904799999998
11,34.71365,-82.907852
11,40.835491,-75.6726
11,34.18725371344477,-93.06740641549555
11,35.979057,-78.53933
11,33.867816,-118.052427
11,34.829239,-82.30319200000002
11,43.610691,-116.31431299999998
11,27.447840000000006,-82.599807
11,33.754379,-84.3787
11,36.718184,-121.683358
11,39.301314,-119.824921
11,41.19076,-96.02383
11,41.108057,-76.88003
11,32.735374,-80.222672
11,34.797601,-92.302713
11,34.293171,-118.851898
11,41.460079,-81.69515200000002
11,37.38942700000001,-120.677195
11,41.930038,-90.608078
11,47.85291,-122.25628
11,32.368679,-86.052628
11,29.458218,-98.556244
11,40.697229,-74.124476
11,38.802307,-77.16325400000002
11,38.923637,-75.95823100000001
11,36.104403999999995,-95.908028
11,29.407172999999997,-82.24767299999998
11,25.734217,-80.335882
11,25.945115,-80.205365
11,37.257313,-121.79615
11,40.68405900000001,-77.382568
11,41.75071,-88.030571
11,29.980052,-90.07454
11,45.754132,-111.144523
11,45.35896,-122.60804
11,34.134693,-117.335403
11,33.68844867,-117.33446717
11,39.26807,-76.658676
11,42.152616,-83.684058
11,41.285042,-96.014359
11,35.277466,-80.766449
11,36.066345,-79.76645699999997
11,37.7250874,-77.449826
11,36.158588,-86.823799
11,36.081074,-86.758255
11,42.255829,-71.124123
11,34.119675,-117.775688
11,40.008099,-75.068779
11,40.821928,-73.836213
11,38.259167,-85.73777
11,39.383872,-120.085254
11,41.304836,-111.968665
11,45.532844,-122.687423
11,47.620533,-122.343765
11,40.802613,-73.325885
11,33.904888,-79.046677
11,35.59202,-82.567901
11,40.435772,-79.999023
11,26.16601109,-80.15752673
11,38.849664,-77.414232
11,41.569736,-87.39624
11,29.823347,-95.33555
11,40.75944000000001,-73.85337
11,28.450114000000006,-81.466826
11,40.34816,-122.326439
11,33.381873999999996,-96.580933
11,37.287048,-121.960732
11,29.3993,-82.242186
11,28.5385,-81.339912
11,33.876565,-118.076325
11,32.79715,-96.683228
11,34.252352,-117.234872
11,33.637983,-111.924299
11,33.723077,-84.50322299999998
11,27.99919,-82.45384
11,30.446346,-97.776436
11,35.295296,-80.755089
11,30.448351,-91.185806
11,39.695904,-86.18692
11,33.641575,-117.171295
11,38.362072,-121.96868899999998
11,33.995353,-118.176811
11,28.185947,-82.35263499999998
11,33.1989562509861,-80.60352444610308
11,30.188546999999996,-92.014168
11,33.813171000000004,-118.168556
11,33.774757,-118.086456
11,41.890133,-87.96691899999998
11,31.76391,-106.338951
11,45.922317,-95.324566
11,30.30588,-97.618538
11,36.801315,-119.785477
11,37.771,-122.419657
11,34.045120000000004,-118.271172
11,43.74541,-118.08077
11,34.03345,-118.14574
11,35.065018,-80.84581
11,35.2620685098874,-109.27350640244828
11,30.234284999999996,-97.723618
11,37.18725,-104.49811
11,38.524944,-121.46463
11,31.796645,-106.332202
11,33.169369,-87.503906
11,36.075409,-95.886436
11,33.695392,-84.404615
11,29.66502,-95.046371
11,33.86116,-117.537743
11,43.134319,-83.694603
11,33.562678999999996,-86.522148
11,40.839326,-73.883916
11,30.43321,-91.057474
11,29.74434500000001,-95.372345
11,42.30859,-87.86255600000001
11,34.706375,-81.19079599999998
11,30.85103631004881,-86.24425291973951
11,38.874974,-77.28339100000002
11,28.508842,-81.4188
11,35.207599,-80.79785600000002
11,32.714596,-117.247644
11,29.76119000000001,-95.383163
11,38.236736,-122.263405
11,34.393288,-80.728981
11,40.80736,-78.06182
11,40.821564,-97.347107
11,32.787673999999996,-96.76564
11,35.460819,-97.56559
11,29.89631,-95.41237
11,34.755711,-82.384407
11,33.889456,-84.462474
11,39.81277,-84.22742
11,41.394875,-75.649121
11,35.908066,-78.728386
11,33.930457000000004,-117.41423799999998
11,38.95059000000001,-105.31563
11,34.441792,-119.805527
11,33.93919,-117.22181
11,38.45165,-121.37164
11,34.031174,-118.43358700000002
11,36.111031,-86.746727
11,34.573357,-82.71174599999998
11,35.618629,-97.50486
11,38.524921,-121.4562
11,32.84362,-96.87718
11,35.24115399999999,-80.93897199999998
11,30.380939,-87.35108199999998
11,33.936046999999995,-117.40438799999998
11,29.768089,-95.643646
11,33.701347,-84.116447
11,32.826015000000005,-96.624748
11,34.427618,-118.414797
11,42.972621999999994,-85.691895
11,39.279816,-76.553085
11,33.821361,-118.290326
11,37.342422,-79.849083
11,34.082256,-117.698196
11,38.538952,-121.736778
11,35.257011,-80.897163
11,34.378941,-117.69061299999998
11,40.52674,-111.880869
11,35.36338,-97.521072
11,40.90588,-73.87836999999998
11,44.99067,-93.08911
11,35.228611,-80.846817
11,34.067404,-117.572162
11,33.945564000000005,-118.279663
11,41.92064166049041,-77.11888432465973
11,30.393827,-81.73722099999998
11,37.335063,-80.01509
11,33.81438375,-118.1763804
11,29.31666,-98.610611
11,35.115307,-106.497711
11,29.752961397029143,-81.3484275337155
11,33.462765000000005,-112.235046
11,34.020405,-118.157303
11,34.635314,-79.583114
11,40.900417,-73.795441
11,34.009774,-81.246975
11,35.427151,-119.030151
11,42.65788,-88.25816999999998
11,41.873608,-87.80426800000002
11,33.572990000000004,-117.180885
11,40.124706,-75.364532
11,33.098614000000005,-117.307594
11,37.548776,-77.432978
11,32.661743,-96.726181
11,40.895004,-74.01664
11,39.126688,-77.790356
11,35.59465,-97.602959
11,43.021731,-73.791113
11,25.671608,-80.335075
11,29.021254777769947,-82.15639471968576
11,34.810776000000004,-82.438164
11,37.182449,-93.313263
11,37.20716,-79.5822
11,26.194332,-80.295029
11,44.03254,-121.31305
11,34.049492,-118.184921
11,32.99865,-80.093887
11,38.4886,-122.349183
11,36.630245,-119.68856
11,34.892429,-85.074714
11,33.928825,-118.29126
11,43.64513,-88.441643
11,33.933886,-118.279873
11,30.17657100000001,-97.77932
11,42.932365,-78.766121
11,34.072111,-117.942651
11,33.96679,-118.164841
11,33.988963365392735,-118.354157208832
11,39.965889,-76.705875
11,34.586490000000005,-120.008625
11,39.152632,-94.586596
11,43.06078,-83.753128
11,30.346390000000003,-97.71373
11,27.880426,-82.83239
11,34.028308,-118.449313
11,33.139771,-117.181976
11,30.428328000000004,-91.170776
11,35.165068,-80.741528
11,38.556751,-121.473267
11,31.723846,-106.308717
11,36.22089,-86.77469599999998
11,43.037823,-83.63801600000002
11,29.783464,-95.409599
11,31.321472,-89.38119
11,40.614792,-80.095589
11,35.2234,-80.866638
11,34.052231,-117.418228
11,38.703087,-90.269577
11,47.714912,-117.378716
11,34.121549,-118.079309
11,34.064537,-118.000038
11,37.72382,-121.936828
11,33.949665,-118.091896
11,40.58139,-73.946022
11,38.325075,-121.327087
11,35.49325200000001,-97.576889
11,40.765079,-111.988853
11,40.843962,-73.89770899999998
11,34.868935,-120.459265
11,33.495521999999994,-112.112961
11,41.834911,-71.416199
11,34.193481,-79.84384200000002
11,35.278481,-80.736389
11,35.142765000000004,-80.918251
11,33.991466,-118.282681
11,38.014014,-121.876434
11,28.34968,-81.577866
11,40.666149,-73.82324799999998
11,40.782818,-73.943871
11,39.869024,-86.047076
11,34.14324000000001,-117.25646
11,42.175598,-122.659849
11,32.734759999999994,-96.713753
11,34.507442,-92.961
11,43.00884600000001,-77.439339
11,26.846434,-80.106636
11,42.862865,-73.780396
11,41.171219,-73.192627
11,41.869686,-87.961433
11,33.905621000000004,-118.37055
11,35.004505,-85.21145600000001
11,36.342499,-82.402351
11,32.705048,-96.933884
11,33.690228000000005,-84.402641
11,27.792292,-82.639852
11,35.353176,-119.052328
11,43.05368,-76.10413
11,33.904942,-78.840477
11,34.43013310416016,-117.37783312741576
11,25.869564,-80.323174
11,43.21439,-77.44665
11,32.814372999999996,-80.033928
11,25.81282,-80.207146
11,42.48975,-83.28475999999998
11,32.845905,-97.313146
11,33.856190000000005,-117.377258
11,33.359668,-111.94933799999998
11,43.05125,-83.615974
11,40.001743,-75.27505500000002
11,27.079983,-82.424925
11,34.433743,-118.385757
11,35.15202,-80.957748
11,38.670624,-77.252075
11,41.033402,-76.853852
11,39.86802700000001,-104.987701
11,35.164909,-80.876068
11,38.88949,-77.21281
11,33.574167,-114.587307
11,37.292137,-80.104111
11,41.50058,-74.019547
11,25.963024,-80.15508100000002
11,37.060772,-121.05741
11,40.59297,-73.90811
11,26.659611,-81.883636
11,30.24214000000001,-97.759598
11,43.78317,-117.732995
11,47.51817,-122.31459
11,39.098366,-84.273895
11,33.81814,-81.012134
11,40.738304,-73.28535500000002
11,41.292716,-111.968945
11,34.087852000000005,-117.302002
11,29.688303,-95.557724
11,33.638721999999994,-112.346937
11,44.069369,-73.45599
11,42.915066,-85.58364399999998
11,28.254140000000003,-81.620287
11,28.876447,-81.282852
11,42.946022,-85.667458
11,39.481859,-119.787249
11,38.929525,-77.518884
11,35.210766,-80.82459300000002
11,43.145806,-123.380605
11,45.57917,-122.11554
11,38.487161,-121.424884
11,43.38526,-94.05239
11,30.391626,-91.162056
11,38.498243,-121.448163
11,28.421352,-81.404709
11,39.855822,-75.027629
11,28.53912,-81.475815
11,40.337258,-74.631159
11,34.182689,-118.111552
11,38.43387722950728,-82.18004107436093
11,35.17739,-80.81746
11,38.971893,-94.717972
11,37.485174,-77.110783
11,44.83656,-93.398556
11,29.808375,-98.006954
11,37.929455,-122.060905
11,35.90159600000001,-78.66301700000002
11,33.08733400000001,-96.82312
11,30.195715000000003,-92.005432
11,36.734795,-78.101964
11,25.788906,-80.20429200000002
11,35.61035,-78.4582
11,32.806542,-117.215807
11,33.873932,-118.224747
11,38.141819,-121.39906299999998
11,44.929886,-123.030014
11,32.38736271842772,-90.1956832404604
11,35.619884000000006,-97.594482
11,39.28418,-76.735102
11,40.84005,-73.92905999999998
11,35.23125800000001,-80.826263
11,36.720226,-78.110124
11,32.811792,-117.200939
11,35.104198,-80.989193
11,34.040557,-118.176745
11,25.927299,-80.18821700000002
11,39.312394,-120.470642
11,41.226871,-77.018883
11,42.12976813296256,-72.06066727603881
11,40.73713,-74.07499
11,33.673071,-111.980111
11,30.192759,-97.777557
11,35.794273,-78.61286899999998
11,25.848493,-80.20930200000002
11,35.68579099999999,-78.61972
11,45.42141,-93.922517
11,37.97994600000001,-122.317108
11,37.58111,-77.4692
11,35.172466,-80.857323
11,25.891505,-80.221073
11,32.913666,-96.745026
11,40.027939,-76.22361
11,33.585581,-84.378514
11,34.780297999999995,-82.349503
11,42.468279,-83.419382
11,34.929001,-117.188988
11,35.43521900000001,-97.654037
11,46.97619,-108.769557
11,40.84454,-73.90265699999998
11,38.785603,-77.178637
11,45.661443,-110.790954
11,44.86195,-93.308762
11,31.791829999999997,-106.395638
11,32.82152,-96.81691
11,32.839287,-80.740902
11,30.19045,-90.43865
11,44.832683801437206,-93.16482424691598
11,40.770164,-74.299446
11,43.215834,-77.44660999999998
11,39.824321999999995,-83.138039
11,44.467109441545155,-93.93041253045116
11,28.747149,-81.929913
11,33.75074,-117.80957
11,33.773895,-84.39035
11,33.235458,-87.549187
11,33.873756,-118.233841
11,30.343472,-83.09060699999998
11,39.711082,-104.99884
11,40.647923,-79.26734499999998
11,39.956909,-83.044914
11,30.454643,-91.084511
11,32.856211,-96.649249
11,37.526009,-122.268837
11,37.386206,-122.068386
11,25.796891,-80.247534
11,31.054164,-97.452915
11,37.83449,-92.098998
11,34.193042999999996,-79.843948
11,30.010876,-90.01284
11,34.06743,-117.42777
11,27.708961,-82.67930600000003
11,33.795361,-117.877853
11,41.50514,-73.67985
11,32.868538,-117.229431
11,32.750347,-117.155373
11,25.582365,-80.366116
11,38.507793,-121.445129
11,43.04574,-77.65904
11,35.018868,-85.333236
11,33.883671,-117.548141
11,28.992397,-82.594392
11,33.612334000000004,-117.260309
11,33.997143,-117.931618
11,35.11735,-80.7795
11,25.9274,-80.21497
11,38.11074,-85.89428000000002
11,41.409637,-73.78675799999998
11,40.16487100000001,-76.200592
11,37.753955,-122.151837
11,25.808224,-80.313148
11,43.024151,-83.686531
11,44.10252,-73.68865
11,34.165352,-118.492332
11,37.548218,-77.424042
11,39.84113,-86.24755
11,35.59465,-97.440613
11,41.648628,-87.579491
11,30.343942,-97.678296
11,36.075378,-95.904312
11,38.2206,-121.272224
11,46.66334000000001,-92.4755
11,39.89268,-75.92005999999998
11,34.133091,-80.87906600000002
11,35.25757,-80.84143
11,34.165009000000005,-118.474892
11,35.75701117498513,-78.67010235748926
11,32.491619,-111.170181
11,41.90416,-88.120651
11,33.585128999999995,-79.02741999999998
11,34.023418,-117.748131
11,41.806574,-88.08321
11,43.19128,-77.61531
11,45.53302,-122.622887
11,40.828385,-73.84033000000002
11,33.870728,-117.744682
11,35.295568,-80.779904
11,42.86577800000001,-85.67944
11,45.3262,-93.00354
11,37.959934,-122.511864
11,38.25824,-85.741051
11,33.668408,-117.819203
11,33.75762820227738,-117.18917727414518
11,33.42934,-111.890968
11,27.86496,-82.63799
11,38.603214,-121.435478
11,37.46253400000001,-121.925712
11,35.07811189,-92.29802012
11,30.478101,-90.573642
11,28.551491,-82.397133
11,37.262039,-79.925529
11,40.140083,-75.10826899999998
11,26.146186,-80.202835
11,38.577995,-121.507378
11,42.974533,-83.665084
11,33.989156,-118.28594
11,34.879258,-120.423513
11,41.008331,-73.697777
11,25.762089000000003,-80.30386700000003
11,33.947379999999995,-84.14019
11,35.835735,-78.669815
11,34.135571,-117.972252
11,35.650543,-78.45657299999998
11,37.65791,-121.90289
11,37.544521,-121.920685
11,30.498087,-84.246711
11,25.73778,-80.38459
11,29.626385,-95.517746
11,38.59943,-90.424454
11,32.840557000000004,-96.913956
11,25.812668,-80.206154
11,35.105228000000004,-106.67083
11,25.839958,-80.316328
11,30.26835100000001,-97.736519
11,25.801352,-80.20574
11,44.428651,-121.920271
11,33.95591,-118.28105
11,38.360729,-75.596977
11,38.798267,-90.585999
11,35.222485,-80.847412
11,35.22898,-80.86691
11,44.939808,-93.075615
11,35.061,-80.95747
11,35.792374,-78.745468
11,33.97472,-118.237709
11,38.778951,-77.187511
11,36.150326,-86.857811
11,30.233734,-97.741081
11,25.764375,-80.265059
11,36.419351,-121.32376
11,40.430885,-80.026131
11,33.862865,-117.259636
11,34.22557800000001,-118.252991
11,37.059386,-121.584344
11,33.579861,-79.028252
11,30.485336,-91.167463
11,35.785896,-78.650757
11,35.287975,-80.858292
11,35.474998,-97.514267
11,34.622898,-79.645699
11,41.98226500000001,-73.827888
11,35.108721,-118.319949
11,34.135645000000004,-117.96436
11,47.597301,-122.321068
11,33.873646,-118.212814
11,47.590278999999995,-122.335098
11,32.8405,-117.272522
11,36.773519,-81.772413
11,25.79699500000001,-80.310774
11,34.163258,-118.472382
11,34.028889,-118.219105
11,40.84598,-73.93016999999998
11,39.41052,-74.55485999999998
11,34.139329,-118.204766
11,30.422998,-91.139091
11,42.314278,-83.171257
11,37.468787,-122.155244
11,33.953078999999995,-81.418022
11,32.752915,-117.15761
11,30.378086,-97.608429
11,33.632969,-112.082916
11,32.879121000000005,-96.689139
11,33.722111,-84.3946
11,27.98076,-82.45325
11,35.246288,-80.899559
11,33.053117,-117.28851
11,30.411044,-91.05074
11,28.619283000000006,-81.745924
11,33.646851,-117.861092
11,36.060955,-95.992485
11,37.68504,-113.10651
11,32.206493,-110.840958
11,34.028981,-118.01313
11,44.182774,-94.008848
11,38.934483,-77.24681899999999
11,39.69593,-86.186295
11,43.147938,-76.125969
11,29.736933,-95.557762
11,30.639155,-87.084703
11,39.957581,-104.987968
11,40.66497,-80.2417
11,40.663013,-73.814545
11,43.002407,-83.733376
11,33.985714,-118.247734
11,29.65576,-95.52793
11,32.194477,-110.977654
11,37.549774,-77.446601
11,33.814225,-118.173007
11,34.0719,-117.87206
11,38.664615999999995,-121.735634
11,42.363281,-124.416238
11,34.071699,-117.871833
11,25.644953,-80.40696
11,30.319754,-97.95253
11,38.6112,-121.42654
11,33.928234,-118.254326
11,26.122418,-80.253333
11,33.97757,-80.931252
11,26.492567,-81.83811999999998
11,29.760065,-95.37455
11,42.106007,-73.95874
11,40.111641,-74.88765699999998
11,33.956723,-80.932105
11,34.967793,-82.14415
11,33.961544,-118.36953
11,33.733856,-117.833977
11,41.00120187,-73.65239739
11,41.49469000000001,-73.160454
11,33.460233,-117.136356
11,41.630309999999994,-73.920753
11,37.711071,-120.99491100000002
11,37.68141,-77.66574
11,33.979156,-117.370739
11,39.026359,-121.45096
11,45.812528,-122.684738
11,40.192974,-74.87943299999998
11,37.631477,-122.084183
11,35.84317,-119.264778
11,47.462715,-122.265778
11,38.02780300000001,-78.589302
11,35.7774,-78.55973
11,26.684065000000004,-81.79888199999998
11,29.858069,-95.500142
11,32.615241999999995,-117.091118
11,40.783638,-73.24434699999998
11,45.763111,-122.878571
11,47.546386,-122.325717
11,35.82788400000001,-78.6214
11,33.454151,-117.249573
11,32.879482,-80.716492
11,39.973362,-76.694191
11,32.773277,-117.030075
11,32.78443,-96.7914
11,38.597893,-121.418567
11,34.275146,-118.536369
11,43.018425,-83.654655
11,35.812756,-78.651093
11,33.771381,-117.831139
11,33.08084,-117.29712
11,39.31234,-84.65052
11,37.25975633,-121.85862422
11,34.775146,-82.463272
11,34.398637,-94.404584
11,38.678749,-121.351256
11,37.477854,-79.879776
11,39.032051,-123.271492
11,34.320664,-118.495922
11,42.438934,-83.432281
11,40.779449,-77.759567
11,37.316517,-121.957802
11,34.719879,-86.582207
11,48.10014,-122.184731
11,37.31724143010464,-121.92675232829129
11,36.93527,-120.033037
11,32.790468,-117.14933
11,32.797459,-96.814995
11,40.788208,-74.049171
11,29.71649600000001,-95.380928
11,27.261752,-82.52391899999998
11,37.310699,-121.923264
11,25.918639,-80.292875
11,25.916786,-80.211798
11,36.089951,-95.868607
11,42.790496999999995,-74.015869
11,43.003311,-87.916092
11,42.106891999999995,-76.01857
11,25.469262,-80.477347
11,38.566206,-121.470454
11,40.181358,-122.225548
11,32.68731951697975,-117.11411833707275
11,34.035740000000004,-118.274246
11,33.68723,-117.87246
11,29.948151,-95.393158
11,35.84104,-78.67831
11,30.32085,-81.72008000000002
11,41.632153,-72.873917
11,43.331978,-73.6567
11,47.23572,-122.4249
11,41.84938,-87.64451
11,34.124142,-118.476906
11,39.826229,-75.421987
11,42.971356,-85.737162
11,38.862587,-77.341661
11,36.735474,-119.871544
11,38.892019,-77.01402399999998
11,33.94733,-118.279709
11,33.7882,-118.22377
11,33.596586,-111.891667
11,34.000561,-117.94404
11,30.466222,-97.570009
11,33.788071,-117.831001
11,25.939962,-80.147703
11,36.044495,-79.77445999999998
11,34.08719,-117.665876
11,42.105511,-70.9291
11,29.484987,-98.593033
11,40.429618,-79.875823
11,30.561094,-84.21768399999998
11,43.599083,-116.493534
11,36.047837,-79.11766
11,38.53868,-121.51269
11,43.10751,-77.59982
11,39.65142846088576,-75.95338940584205
11,39.014663,-122.07066
11,33.436089,-111.92618600000002
11,40.066299,-75.66791500000002
11,41.873775,-87.902
11,30.628712,-88.116295
11,45.09017100000001,-93.436061
11,30.460407,-97.794289
11,30.70488810524604,-97.65093684149907
11,43.401122,-123.336038
11,41.063147,-74.649874
11,25.899633,-80.18226999999997
11,35.694862,-78.618759
11,39.251576,-77.532862
11,41.810158,-88.072929
11,41.089221,-112.025341
11,45.06949,-93.28677
11,32.49216,-93.770422
11,28.595913,-82.400757
11,32.77132,-96.811363
11,29.448565,-98.602692
11,33.21302,-117.389061
11,30.424801,-97.626419
11,40.928036,-73.768127
11,33.831509000000004,-118.084274
11,38.621365,-121.378347
11,36.15554,-86.78679699999998
11,40.104433,-75.166166
11,32.235284,-110.875424
11,27.179422,-82.482056
11,29.583521,-98.394493
11,40.719569,-111.86379
11,38.915501,-104.816948
11,32.783343,-96.790204
11,34.392921,-79.839058
11,33.869680166083,-117.67154574338116
11,32.769989,-96.856689
11,40.79374,-74.46842
11,33.5121,-82.042877
11,44.9532,-93.09444
11,28.272354,-81.33487
11,32.719153999999996,-117.102951
11,44.0301,-121.31459
11,45.429549,-122.565519
11,36.812814,-81.599117
11,34.054771,-81.110031
11,33.764728999999996,-79.01992800000002
11,35.260908,-81.05108299999998
11,41.760571,-72.665939
11,37.331117,-119.655526
11,34.051454,-118.449425
11,37.82761,-121.99748999999998
11,34.073521,-118.466965
11,43.869946,-121.403046
11,33.23888,-87.576584
11,30.645366999999997,-91.106369
11,35.862644,-78.711937
11,42.209129,-87.99189
11,38.979053,-76.321823
11,34.047577000000004,-118.214676
11,36.1472,-86.74367
11,40.02924,-76.315422
11,35.52640557272183,-80.86337685546462
11,34.733624,-92.306029
11,30.520541,-88.270485
11,33.984337,-117.842659
11,34.022857,-118.157685
11,33.81094,-84.392471
11,34.400475,-112.232202
11,27.997177,-82.763092
11,44.06232,-123.08008999999998
11,34.081295000000004,-117.29863
11,45.325611,-94.640099
11,35.30187100000001,-91.636811
11,28.328478000000004,-81.412479
11,42.153706,-88.033526
11,40.020306,-75.31594100000002
11,38.238457,-122.095987
11,34.011859,-117.979494
11,33.310546,-117.478637
11,34.976083,-82.207607
11,35.248173,-82.328514
11,42.417549,-82.936852
11,35.196705,-79.402153
11,41.099949,-73.953362
11,30.424627,-97.671585
11,40.01263400000001,-75.300476
11,39.739307,-104.720093
11,39.870865,-75.323144
11,41.529964,-73.810356
11,42.219479,-87.994293
11,37.741912,-121.574492
11,33.890293,-84.460991
11,26.192339,-80.20953399999998
11,35.22913,-80.83142099999998
11,34.995816,-85.237487
11,41.20187,-95.967369
11,39.756199,-75.534729
11,37.688805,-122.390747
11,38.607736,-120.85081
11,47.65652,-122.32258
11,38.4519,-121.40824
11,36.735882,-119.702415
11,41.736923,-72.66458
11,34.066489000000004,-117.216964
11,35.916901,-78.778572
11,39.031004,-86.69202800000002
11,35.040264,-82.085136
11,35.249486,-109.288045
11,42.689469,-84.567565
11,41.517986,-73.973198
11,41.593426,-93.715424
11,33.732585,-117.989329
11,36.109299,-80.225403
11,36.713141,-76.671829
11,40.753433,-73.744879
11,33.364079,-117.062653
11,29.812896999999996,-95.429428
11,33.914231,-118.104707
11,37.598606,-122.422501
11,40.111521,-75.409951
11,47.603889,-122.33812
11,28.529831,-81.386078
11,38.89167800000001,-77.16713
11,36.120548,-86.750023
11,41.536178,-73.086365
11,32.907849,-96.769059
11,40.130814,-75.401535
11,46.173289,-123.75678
11,29.77746,-95.42557
11,28.186373,-82.403442
11,40.585515,-73.930418
11,47.60530900000001,-122.339493
11,45.11065,-93.18823
11,38.641311,-77.28833900000002
11,35.862808,-78.64211999999998
11,30.135168,-91.99044
11,32.796888,-117.11233
11,34.031768,-117.327417
11,33.318958,-80.5485
11,30.450506,-91.183456
11,41.188217,-73.180748
11,40.047543,-75.000198
11,38.679447,-90.01355
11,43.098835,-83.694061
11,40.953712,-73.850098
11,38.810131,-120.909332
11,25.733158,-80.323387
11,41.90586500000001,-87.965073
11,40.736382,-73.856186
11,41.398003,-73.07003
11,34.27786,-118.60828
11,43.0336,-87.970139
11,42.091511,-88.335197
11,26.708982,-81.600975
11,46.06516,-123.69138
11,39.37567591648399,-77.23310351334938
11,40.8686,-73.908328
11,38.414712,-122.295104
11,40.802449,-73.830072
11,28.548462,-81.475639
11,34.4189,-79.412285
11,38.871964,-77.04316999999998
11,33.936508,-84.159424
11,38.946359,-76.846179
11,28.916015,-82.111253
11,38.195381,-85.707649
11,41.845657,-87.62352800000002
11,40.72298,-73.576927
11,39.046243,-78.248456
11,47.206554,-122.461746
11,30.290654999999997,-81.629631
11,41.97450041750921,-77.20881342851062
11,27.26768,-81.34832
11,33.990781,-117.934224
11,29.85117,-81.322716
11,28.51203,-81.486092
11,39.934489,-82.860519
11,34.05851,-118.177689
11,41.767208,-72.138641
11,34.853123,-111.60746
11,33.199203000000004,-87.550667
11,37.494759,-122.305199
11,39.982811,-76.64269200000003
11,34.012581,-118.490646
11,25.586608,-80.386566
11,33.265369,-80.572213
11,44.063068,-123.101089
11,34.234497,-79.80537
11,32.276726960981954,-90.18785119013695
11,33.131039,-117.105442
11,42.86371,-73.769408
11,25.748043,-80.303947
11,29.586258,-95.183838
11,36.94419600000001,-76.26650699999998
11,37.317623,-120.414854
11,41.0490524766872,-73.72674822772157
11,37.594566,-120.960228
11,39.860755,-75.98678100000002
11,37.15876,-121.982567
11,45.89937000000001,-123.6826
11,34.150729999999996,-118.660248
11,40.610404,-74.03563299999998
11,35.834865,-78.61533299999998
11,41.538158,-73.04424399999998
11,44.883335,-93.01458
11,46.892473,-98.38453
11,42.91861,-78.696907
11,32.275096177900906,-90.20574688868425
11,39.199869,-120.813831
11,33.3521,-110.986397
11,35.202007,-80.786354
11,37.464581,-121.175583
11,37.756397,-122.148796
11,42.335423,-71.065086
11,36.704324,-77.31412399999998
11,45.562679,-122.678474
11,44.690972,-122.04602
11,37.692074,-122.109787
11,34.030097999999995,-117.707176
11,41.652553999999995,-70.928802
11,25.78198,-80.30866
11,42.815757,-83.569629
11,40.802269,-72.86103100000003
11,36.101479,-86.809021
11,38.116787,-85.703171
11,29.780581,-95.454178
11,41.751129,-88.012718
11,42.34656,-71.06184
11,40.04936099033332,-77.96118378602046
11,27.955945,-82.465835
11,32.23922,-107.42159
11,36.753754,-119.728118
11,41.830811,-88.10417199999998
11,33.854690999999995,-117.790428
11,33.964733,-118.070839
11,34.14350151999405,-117.25640416089412
11,32.719299,-117.081917
11,38.22285,-85.57436
11,47.230411,-122.45269
11,30.025679,-90.012155
11,44.096873,-121.301873
11,40.834341,-74.148513
11,30.481556,-91.152946
11,45.835533,-119.620699
11,35.04369378073194,-85.31425595242827
11,41.845711,-87.646713
11,35.152302,-89.88346899999998
11,45.677638,-118.888945
11,40.745762,-74.240196
11,26.956768,-80.167224
11,34.269534,-118.446274
11,29.618038,-98.422714
11,34.068478000000006,-117.839523
11,30.249233,-81.59436
11,36.783047,-119.784378
11,34.199013,-117.372086
11,32.83659,-96.778809
11,25.883661,-80.323273
11,32.66362,-97.28869
11,40.987644,-73.66999100000002
11,34.730561,-92.145617
11,25.592304,-80.379005
11,29.597804999999997,-95.387077
11,34.070438,-117.410728
11,43.047676,-76.22249599999998
11,34.174473,-118.159714
11,29.762033,-95.213066
11,33.28733,-111.87024
11,41.261795,-96.042931
11,45.159191,-93.391624
11,26.496127,-81.848485
11,36.75218,-78.437401
11,25.766133,-80.33623100000001
11,34.044483,-81.11749300000002
11,33.976724,-118.256409
11,40.186087,-122.209031
11,37.2504,-80.186025
11,33.520920000000004,-81.94216899999998
11,25.748096,-80.309099
11,40.855741,-73.87535799999998
11,32.924294,-96.781418
11,37.62963900000001,-77.375313
11,32.705641,-96.917959
11,30.439347,-88.543941
11,28.01048,-82.26413000000002
11,36.990278,-121.557778
11,37.548229,-77.4319
11,25.994694,-80.24771899999998
11,25.890169,-80.188806
11,33.524208,-86.664017
11,35.871471,-78.589928
11,36.10447,-95.85108
11,32.941216,-117.21866599999998
11,34.365183,-118.503648
11,34.759464,-82.474365
11,39.4589,-76.31124100000002
11,30.432772,-91.057461
11,35.47879000000001,-97.653786
11,38.89459,-77.00203
11,26.12938,-80.21771
11,34.037035,-118.308904
11,41.84376500000001,-71.881355
11,33.385288,-81.835237
11,32.647514,-96.878441
11,40.704073,-112.024909
11,40.448372,-122.256866
11,39.77124,-104.99057
11,32.78529,-79.929047
11,26.591289,-81.67745500000002
11,33.87339,-118.214371
11,38.5879,-121.41528999999998
11,40.263638,-75.81366700000002
11,34.034099,-118.178807
11,33.707764000000005,-117.95713
11,40.715733,-73.826256
11,37.692102,-122.09089
11,38.610725,-121.404236
11,42.7842,-71.4944
11,36.106461,-79.760933
11,41.18059,-77.001427
11,30.052379,-95.431923
11,46.710401773230025,-92.27368712381232
11,40.021252,-75.317856
11,40.72572,-112.02055
11,43.8476,-93.28608
11,40.853624,-73.962913
11,29.750437,-95.501122
11,36.611279,-121.849007
11,37.427599,-113.235598
11,42.705181,-83.30708299999998
11,29.981182,-90.11367
11,33.524075,-112.112328
11,28.561052,-81.27776300000002
11,36.058427095241264,-79.6991908546462
11,40.571243,-80.247337
11,39.161888,-84.473663
11,38.737549,-120.811272
11,42.665169,-73.768883
11,43.554101,-112.598139
11,45.54144,-122.47785
11,39.585095,-107.198125
11,34.140572,-118.471418
11,32.815616999999996,-96.789314
11,34.044903999999995,-81.118438
11,47.593685,-122.320629
11,42.277555,-124.404143
11,35.565681,-97.567169
11,40.43843,-79.76035999999998
11,35.752975,-78.631218
11,39.777116,-76.96087800000002
11,35.375768,-118.965118
11,33.925064,-118.209892
11,40.517741,-78.39268
11,40.767563,-74.02151500000002
11,31.177273,-85.401909
11,32.748711,-96.656898
11,32.950561,-117.199556
11,37.932468,-122.40181
11,32.745166999999995,-97.329781
11,43.12569000000001,-77.710739
11,29.7717,-95.45596
11,37.543349,-77.462858
11,35.31115,-80.75713
11,45.098398,-123.353338
11,45.58414000000001,-122.67911
11,43.033131,-83.630363
11,40.760201,-74.026794
11,32.4832,-83.77001
11,45.71953,-123.23836
11,45.53958,-122.6706
11,31.771564,-106.377419
11,40.576469,-74.544151
11,34.27898,-118.68277
11,34.58313,-83.070824
11,29.96717,-90.01975
11,33.458108,-81.848235
11,28.513111,-81.354614
11,33.521673,-79.067761
11,25.963211,-80.159674
11,38.671021,-121.549782
11,34.266094,-118.47403
11,25.788609,-80.203537
11,27.275741999999997,-82.44903599999998
11,35.510006,-78.343102
11,40.697754,-76.17201999999997
11,33.69014,-117.768295
11,43.554933,-119.873001
11,29.737488,-95.519753
11,32.633034,-96.857086
11,40.023567,-75.225082
11,27.28657,-82.53076300000002
11,34.035095,-118.333626
11,44.973809,-93.395048
11,41.81266,-88.157921
11,35.8917,-119.053484
11,36.96096,-81.063309
11,37.810501,-122.248596
11,32.351857,-110.995626
11,38.307476,-104.603206
11,32.265128999999995,-110.914253
11,33.912918,-118.140831
11,34.174285999999995,-117.447578
11,40.770261,-73.564758
11,34.15955185873909,-118.46253991070526
11,39.633625,-104.827584
11,34.068478000000006,-117.839523
11,40.04313,-76.30227
11,28.107897,-82.73994
11,28.019776,-81.908323
11,35.026779,-85.305103
11,45.240632,-123.138556
11,41.899517,-88.094376
11,30.851861,-85.03529
11,35.260509000000006,-80.875862
11,33.815434,-118.184982
11,36.94284796697168,-80.91841578444995
11,33.876404,-118.073196
11,33.912987,-118.180145
11,28.449891,-81.483435
11,36.404872999999995,-86.72228199999998
11,38.442604,-121.404045
11,47.545315,-122.334122
11,34.024646999999995,-117.756958
11,28.324129,-80.771164
11,41.21973,-96.023956
11,25.93702900000001,-80.12499
11,37.63681,-122.43967
11,39.91252100000001,-86.13842
11,34.031116,-118.020706
11,41.043217,-74.633736
11,43.14762,-77.70928
11,33.963198,-81.421222
11,30.286972,-81.527185
11,38.87735,-77.27545400000002
11,40.060243,-75.653786
11,40.065937,-75.321083
11,34.60812,-82.523666
11,37.324515580953005,-122.39987254084394
11,37.279693,-79.937585
11,34.893101,-82.344971
11,35.58021,-97.56719
11,45.600803000000006,-122.046913
11,26.272906,-81.73235600000002
11,36.07716,-86.641418
11,33.87655,-118.082226
11,30.46065,-87.282726
11,37.519249,-77.52176700000003
11,34.087452,-117.64888
11,38.930240999999995,-84.541801
11,34.836265999999995,-82.316238
11,33.917629,-118.269608
11,47.644138,-122.302155
11,25.627141,-80.383572
11,38.702354,-121.315094
11,45.56381,-122.59326
11,35.464264,-97.521118
11,40.907453298373646,-73.88639330828724
11,35.204483,-80.818535
11,30.20850900000001,-97.74382
11,40.407326,-104.993233
11,34.030654999999996,-81.08657099999998
11,34.02922,-118.012617
11,27.43125,-82.575462
11,30.43096,-91.135223
11,34.124161,-80.931221
11,38.022960999999995,-120.41597
11,33.529961,-80.83824200000002
11,34.062634,-118.248734
11,37.54649000000001,-77.676254
11,42.42165684679785,-82.93088793715035
11,47.65112,-122.3473
11,39.32599,-120.600579
11,34.051781,-79.537086
11,35.24672,-80.93974
11,39.630035,-104.905278
11,33.778290000000005,-84.241318
11,47.537407,-122.334723
11,33.390541,-82.027061
11,34.484962,-79.673416
11,35.301926,-80.746872
11,30.24036,-97.693581
11,30.48811,-84.426659
11,44.09699000000001,-123.12996
11,29.746651,-95.448532
11,34.04797,-118.266563
11,36.887809,-76.25973
11,34.06104000000001,-118.24729
11,29.813948,-95.379364
11,44.0352,-91.71944
11,33.773361,-84.331383
11,42.378699,-122.904094
11,42.39113,-71.08333
11,28.420921000000003,-81.473778
11,33.364128,-117.542603
11,27.899132,-82.702597
11,35.216099,-80.856247
11,34.120125,-117.70002
11,32.837621,-83.61465
11,34.385760999999995,-89.506187
11,32.33709,-110.97737
11,34.995791,-85.235124
11,36.983821,-76.30173
11,29.795612,-95.238716
11,37.78352,-121.209778
11,33.945332,-118.368233
11,40.042837,-76.184427
11,33.038288,-80.148521
11,33.414799,-111.866364
11,29.658009999999997,-98.438538
11,29.87081,-95.420677
11,34.785591,-82.903122
11,34.20742,-118.217354
11,35.042264,-120.510092
11,38.934272,-92.923461
11,42.883575,-85.565315
11,37.560636,-121.908875
11,33.85991,-118.30502
11,33.993362,-118.06916
11,42.12213,-71.22919
11,32.56831,-117.075958
11,42.48959,-83.28581199999998
11,28.666309,-80.869629
11,35.39038,-89.41468
11,41.818524598875904,-74.05638098681422
11,33.937964,-118.09816
11,33.974655,-84.090408
11,34.043648,-117.800934
11,33.462204,-112.067948
11,35.162621,-80.9226
11,32.779312,-117.06636
11,40.699012,-74.15613
11,40.804381,-73.91829399999997
11,28.357818,-81.504859
11,37.742897271930005,-121.53654456080658
11,25.883503,-80.214614
11,36.176937,-95.975594
11,29.744165,-95.361115
11,37.31904387456265,-122.04858899058318
11,33.6256,-112.09969
11,32.206856,-111.020287
11,40.814686,-80.323608
11,35.140869,-80.735039
11,30.343981,-97.67836
11,31.74892,-106.48497
11,29.940561,-95.413773
11,30.1464,-89.86211
11,38.872124,-78.52729000000002
11,34.153209999999994,-118.367584
11,40.224777,-76.719597
11,35.13272166235384,-90.48134922938117
11,33.709928999999995,-84.401953
11,41.76837,-88.04184000000002
11,46.921633,-95.101018
11,34.491943,-118.198242
11,34.000004,-118.332039
11,40.84454,-73.90265699999998
11,26.802956,-80.09831199999998
11,34.001573,-81.77181
11,25.684222,-80.453266
11,42.958397,-85.63951899999998
11,35.835335,-78.88205699999997
11,33.888992,-118.188797
11,30.24135,-97.75798
11,30.428633,-91.078613
11,32.696301,-117.094757
11,32.85765052,-96.75138831
11,37.553013,-122.295738
11,42.37498,-83.21669
11,36.674389,-80.710175
11,30.47612,-84.310059
11,40.6979,-112.26008
11,33.319904,-111.968475
11,40.591911,-74.23568
11,34.207875,-118.849379
11,35.841228,-78.67848199999997
11,40.762718,-73.21021999999998
11,35.312031,-80.780357
11,36.147976,-95.877739
11,34.026974,-118.251025
11,40.502139,-122.335563
11,38.306192,-122.302975
11,35.716961,-78.655441
11,37.775101,-122.233337
11,26.483809,-80.084739
11,30.319893,-97.712631
11,37.003417,-78.973187
11,40.116902,-123.818569
11,32.85694,-96.88835
11,41.684070825378015,-93.15349459603712
11,34.152287,-118.113274
11,38.970741,-76.755447
11,38.11512800000001,-85.70186600000002
11,45.615944,-122.676697
11,32.817505,-96.87088
11,39.32148,-77.01902
11,29.564919,-98.482277
11,41.87101,-87.76894
11,34.815159,-82.44136800000003
11,38.832211,-121.170113
11,33.749121,-84.383494
11,34.030269,-117.580657
11,28.175346,-82.740588
11,39.206245,-76.641121
11,42.95966,-115.29534
11,42.951309,-83.692352
11,40.995852,-73.658079
11,41.7394,-70.49511
11,30.229626,-97.788528
11,34.04797,-118.266563
11,40.087006,-75.164589
11,34.131529,-83.689637
11,32.193653999999995,-102.75386
11,47.44821,-122.21566
11,35.132095,-90.023926
11,38.63549,-121.345993
11,33.464191,-112.335197
11,35.060604,-80.95616899999997
11,40.8509,-122.290935
11,31.86017,-106.434464
11,25.890186,-80.188322
11,36.146255,-86.809898
11,37.697594,-122.085686
11,35.21567899999999,-80.852959
11,39.179433,-77.673128
11,43.137538,-76.117041
11,35.193409,-80.825218
11,39.728157,-75.61888499999998
11,30.652222,-88.122475
11,40.197247,-74.610886
11,29.697740999999997,-95.411789
11,32.907188,-96.895508
11,35.39757700000001,-118.98427
11,32.708134,-96.829781
11,33.527493,-81.63436899999998
11,37.967606,-122.51926
11,34.003772999999995,-118.281029
11,37.742088,-121.572433
11,30.113815069055015,-90.57651400522909
11,41.038508,-78.398065
11,36.780251,-76.432503
11,42.070932,-121.666249
11,40.691647,-73.999306
11,34.756802,-82.58667
11,33.849857,-117.875832
11,40.510812,-76.133643
11,32.35182881,-88.69375348
11,35.19675,-80.79128
11,41.232681,-95.879204
11,34.478503,-118.330892
11,36.661118,-121.816261
11,45.67525300000001,-121.277524
11,45.791605710764934,-95.08889079048588
11,33.49886,-86.8116
11,33.680344,-117.858902
11,42.34494,-88.067673
11,36.3638,-82.382019
11,39.81935900000001,-85.914627
11,30.42819,-91.107392
11,28.566579,-81.204554
11,29.938696000000004,-95.383148
11,35.61448931677048,-119.922949075127
11,39.973492,-83.06237800000002
11,32.06185,-81.252088
11,35.167164,-80.742699
11,34.18865,-83.5903
11,40.309364,-76.592102
11,32.259469,-110.841062
11,28.369562,-81.537415
11,31.788509,-106.371117
11,42.914703,-83.72618100000003
11,34.001858,-81.16465
11,33.467048999999996,-81.96189100000002
11,34.773819,-86.538795
11,34.935471,-82.003174
11,41.318831,-72.347452
11,37.520306,-121.98381
11,39.07538,-120.255889
11,29.784805,-95.563637
11,40.846603,-74.017075
11,33.723778,-84.510223
11,33.763969,-78.958832
11,39.058891,-84.538078
11,36.040012,-86.743492
11,38.465637,-77.407822
11,34.096596000000005,-118.476944
11,42.972385,-83.681923
11,40.540539,-112.29837
11,39.098,-121.55151399999998
11,41.926895,-73.912605
11,27.78873,-82.66034
11,36.254982,-119.313148
11,35.196751,-80.79128299999998
11,42.983036,-83.733452
11,36.065777,-95.96009
11,34.700565000000005,-87.634621
11,35.578199,-81.505949
11,38.016663,-121.941956
11,45.04692,-122.95519
11,42.795471,-71.43621800000003
11,42.302181,-71.05085799999998
11,33.826553000000004,-118.210342
11,36.121181,-95.92244
11,37.903449,-75.579243
11,42.006778999999995,-87.796494
11,35.20818,-80.87631
11,44.229378,-69.81290200000001
11,41.990318,-87.751091
11,28.484226,-81.396835
11,32.794609,-96.722565
11,48.05026,-122.944591
11,36.140797,-95.954086
11,43.387619,-73.493813
11,32.864112,-96.683063
11,29.370782,-98.636918
11,41.598999,-73.321579
11,30.479944,-97.801826
11,42.2551,-88.50488
11,37.903864,-122.312909
11,39.635858,-75.806638
11,39.391016,-76.665188
11,33.656537,-117.401028
11,39.84072804,-86.24633431
11,37.066551,-121.2192
11,30.69117665276197,-88.02354454952227
11,37.740879,-121.505043
11,31.723846,-106.308716
11,34.000702000000004,-117.844833
11,40.315512,-76.920997
11,40.816849,-73.293762
11,38.546848,-121.79734
11,35.695042,-78.575058
11,29.94701,-90.11916
11,35.36468,-119.04012
11,28.315281,-81.403702
11,28.533636,-82.499512
11,36.16074,-95.904549
11,37.76630759221188,-122.40523695887372
11,26.877124,-81.983145
11,43.060654,-83.762344
11,34.821621,-82.284828
11,38.695733,-76.872573
11,35.784996,-78.584091
11,29.723551,-95.390099
11,43.17084000000001,-77.60134000000002
11,37.958683,-122.052551
11,42.791154,-73.76075300000002
11,39.99639000000001,-82.98494000000002
11,32.292912,-90.167908
11,40.763809,-73.41439799999998
11,40.773846,-73.87383299999998
11,43.031078,-83.751251
11,40.088043,-75.215137
11,40.158386,-77.614296
11,28.672804,-81.45967900000002
11,43.002407,-83.733376
11,33.787563,-118.075218
11,37.786705,-122.19603
11,40.219646,-79.602592
11,28.56063,-81.12963
11,28.449909,-81.48013900000002
11,38.87167,-77.635233
11,27.996306,-82.386377
11,40.11219000000001,-74.990768
11,35.44541500000001,-97.618752
11,45.317703,-93.837212
11,34.212063,-118.348564
11,32.235649,-80.80561800000002
11,44.758477,-88.56172099999998
11,35.772148,-78.764061
11,40.034967,-120.963533
11,34.510525,-82.699554
11,43.392551,-71.982864
11,33.19656,-97.139359
11,43.129181,-77.65939300000002
11,28.451390000000004,-81.2997
11,33.447632,-82.085693
11,40.744392,-73.773125
11,46.149895,-123.408554
11,30.43058,-91.11348
11,42.378673,-83.23441600000002
11,29.857691,-95.300522
11,40.760147,-73.099614
11,33.743320000000004,-84.349197
11,33.298473,-111.894398
11,36.209229,-86.922028
11,35.861435,-78.619217
11,34.979557,-81.005325
11,37.824808,-122.3115
11,32.702999,-96.814636
11,40.126961,-75.088272
11,34.412884000000005,-119.556017
11,30.500048,-91.16992
11,28.04484,-82.025439
11,29.46405,-98.62101
11,41.57433,-73.909112
11,37.842739,-122.297623
11,34.12167,-80.891502
11,32.765812,-96.75016
11,35.508514,-78.33946999999998
11,39.696018,-84.096947
11,33.87039,-117.67008
11,29.987603999999997,-95.72036
11,39.741184,-89.671677
11,41.075813,-73.81804699999998
11,30.178690000000003,-81.513962
11,30.423977,-91.074997
11,35.519796609709175,-78.56004595719071
11,33.591429999999995,-86.15779
11,28.619308,-81.258957
11,41.781757,-88.097672
11,40.273164,-74.537819
11,35.315331,-80.873482
11,34.023289,-118.171051
11,36.138377,-86.820114
11,30.643086,-91.164931
11,33.971848,-118.377823
11,36.666828,-121.684845
11,37.974005,-122.300992
11,40.905716,-123.82881
11,43.18987,-77.50393000000003
11,25.926862,-80.188198
11,38.343027,-78.933738
11,35.795643,-78.51531999999997
11,33.034335999999996,-80.160461
11,32.336735,-83.76775400000002
11,33.055078,-96.829979
11,32.812153,-96.861626
11,34.756985,-82.285072
11,42.306728,-71.05863199999997
11,29.218639000000003,-81.10051700000002
11,36.00081325,-79.78690982
11,32.795097,-96.81076
11,35.467892,-97.724609
11,35.884296,-78.74080699999998
11,30.232693,-97.819176
11,40.289961,-78.783254
11,42.863029,-83.739799
11,30.47998,-91.115509
11,34.805679,-82.230453
11,42.949474,-78.702972
11,39.936611,-86.343689
11,39.036251,-94.320938
11,33.960041,-118.280762
11,33.774521,-118.074913
11,37.939696999999995,-121.622749
11,35.348884999999996,-120.63076
11,30.391937,-91.090851
11,32.818653000000005,-96.628258
11,34.066421999999996,-81.022377
11,40.6908,-73.58076
11,39.926884,-86.029678
11,43.123081,-77.649277
11,45.687663,-92.990352
11,37.893341,-121.853035
11,38.555428000000006,-121.354332
11,38.794966,-77.567414
11,29.732767,-95.418678
11,34.1736,-118.55031
11,35.985964536495274,-83.6485826965158
11,40.797789,-73.793663
11,40.12093,-75.068794
11,41.511868,-88.082077
11,33.626651,-117.272969
11,29.775896000000003,-95.456031
11,28.454246,-81.399773
11,38.546711,-121.451491
11,28.52314,-82.287582
11,30.066605,-95.434387
11,39.751213,-86.187386
11,40.472012,-74.296501
11,33.799786,-84.39235699999998
11,36.240181,-86.748512
11,44.966715,-93.219042
11,41.139863,-112.068802
11,27.894423,-82.692665
11,30.20602,-97.795158
11,40.51936,-74.301247
11,34.041414,-117.39631599999998
11,30.191143,-97.779541
11,38.87964,-77.154162
11,32.72432,-96.76198
11,32.922188,-96.846504
11,41.024265,-73.695335
11,47.663115999999995,-122.317421
11,35.493259,-97.511932
11,38.91901,-76.93823
11,28.663784000000003,-81.37106899999998
11,29.752863,-95.410683
11,28.546013,-81.504875
11,28.226439000000006,-81.173395
11,41.886163,-112.494336
11,45.282337,-93.003328
11,34.024632000000004,-118.166138
11,27.954599,-82.42569
11,28.64068,-81.35619
11,25.73260100000001,-80.35358599999998
11,28.98464,-81.276749
11,37.385916,-120.737097
11,34.102717,-118.19783
11,35.21125,-80.82824699999998
11,39.734127,-84.20517
11,40.100741,-75.274731
11,30.13807700000001,-92.032562
11,37.827286,-122.284508
11,32.450886,-86.40655500000004
11,33.802997,-118.13604
11,40.709215,-73.819913
11,37.897104,-122.311689
11,37.945374,-122.058299
11,41.888409,-88.092026
11,35.6437,-78.84053
11,29.755226,-95.297762
11,45.212869,-93.587606
11,30.36000300000001,-97.729836
11,34.014109999999995,-118.419771
11,42.93091177919897,-74.29097771609165
11,43.14819,-77.63606999999998
11,34.06933,-118.235847
11,39.013451,-77.036563
11,38.334632,-79.049868
11,43.140598,-77.494263
11,34.844139,-85.047379
11,41.266281,-76.913048
11,40.83700776080686,-73.82526040042006
11,41.20119,-111.99447
11,36.041194,-79.833388
11,42.958152,-76.924841
11,37.882277,-121.28191499999998
11,38.294897,-77.506416
11,33.46986,-82.058899
11,39.26840901356092,-76.56008362733574
11,32.76984,-117.139748
11,33.09544,-117.086105
11,37.651083,-121.023424
11,29.943306,-90.09282
11,41.047195,-73.542992
11,34.194008000000004,-80.28057700000002
11,38.83850200000001,-77.00891899999998
11,38.59744,-121.399691
11,42.163239,-87.965103
11,33.628056,-81.806725
11,42.944191,-71.04808
11,34.219716,-119.07864
11,29.484087,-98.403099
11,32.82795,-96.767967
11,27.865244,-82.786934
11,38.986557,-77.09476
11,25.913275,-80.12258299999998
11,40.897599,-74.023212
11,34.156835,-118.41378600000002
11,35.727982,-78.56600999999998
11,30.2388,-97.753548
11,32.429959000000004,-93.715478
11,39.93611,-82.26019000000002
11,45.02186500000001,-93.40087
11,43.157219,-77.659142
11,44.8479,-93.1265
11,40.784368,-76.35618199999998
11,44.862076,-93.268143
11,44.976890999999995,-93.088715
11,38.595883,-121.443877
11,34.21455,-118.23269
11,25.808144,-80.240279
11,41.938469,-88.003387
11,26.117047,-80.13710400000002
11,42.803276,-70.984039
11,39.957336,-75.15773399999998
11,38.874071,-77.04137800000002
11,40.22311,-82.985161
11,38.010287,-122.542092
11,39.794146999999995,-121.452988
11,34.004933,-117.386964
11,27.779886,-82.679485
11,32.99617,-80.240746
11,33.862963914709745,-117.53891587201338
11,33.91213,-84.379103
11,41.287045,-95.972282
11,28.29882000000001,-81.57753000000002
11,36.734061,-121.637609
11,39.926311,-75.405807
11,28.386256,-81.480492
11,32.183235883559306,-110.95608830399055
11,38.748276,-89.681386
11,29.722198,-95.376961
11,47.468937,-122.20797
11,35.110981,-80.826202
11,37.69392,-122.06907
11,37.931458,-122.516098
11,34.642502,-82.79504399999998
11,33.003815,-111.753822
11,41.998015,-88.08008000000002
11,29.737473,-95.514214
11,34.442421,-119.78923
11,33.8078,-118.08161
11,34.734231233431174,-92.39848494485663
11,38.9592,-77.20844
11,38.116604,-79.017831
11,37.74398,-121.1287
11,45.09288,-93.18835
11,32.759876,-97.183525
11,39.639999,-84.23159799999998
11,30.199115999999997,-92.025581
11,33.409866,-82.091637
11,36.073606,-79.173598
11,38.57833,-90.44679
11,28.496393,-81.39693100000002
11,35.60194,-97.739082
11,27.940759999999997,-82.353447
11,27.89452,-82.770844
11,34.152229,-118.28241
11,37.855083,-122.493523
11,37.673387,-122.474122
11,39.768757,-75.048988
11,28.696739,-81.562698
11,40.629559,-73.983047
11,33.473095,-112.203346
11,36.757239,-119.889182
11,38.90049000000001,-121.074821
11,36.454597,-119.491829
11,35.10315,-80.88398000000002
11,26.182751,-80.15241999999998
11,36.240833,-86.751648
11,33.744976,-84.390343
11,38.70659000000001,-90.49738
11,32.253932,-110.977996
11,26.62223,-80.06739
11,37.038738,-121.966564
11,33.552351,-83.362153
11,26.708103,-80.149695
11,39.762301,-121.858451
11,30.367386,-97.713081
11,47.712932,-122.34483
11,40.788319,-73.941017
11,40.72946,-74.12546
11,40.64024000000001,-73.919464
11,30.410888,-91.058603
11,33.968163,-118.16787
11,34.773756,-92.261735
11,35.818668,-78.62451899999998
11,34.615520000000004,-82.486588
11,44.996757,-93.458011
11,40.845209,-73.91650600000001
11,32.738712,-117.007721
11,34.02895,-118.034408
11,34.651089,-79.661613
11,29.857084000000004,-95.33358
11,32.99759745582105,-80.67008614501631
11,34.2107,-118.346591
11,29.768244,-95.381615
11,38.268387,-104.387413
11,30.209196,-97.772629
11,30.004902,-90.026077
11,38.606053590590456,-90.2135789390077
11,29.709335,-95.459984
11,33.602789,-112.290004
11,34.740387,-86.600533
11,36.166328,-86.798302
11,47.391167,-122.291801
11,35.042389,-80.84684
11,42.131451,-70.915993
11,47.871268,-114.286285
11,25.898399,-80.209801
11,27.143543,-82.41549
11,41.94272,-87.888292
11,42.89999127367544,-73.78457665408237
11,38.805042,-121.205551
11,47.667988,-122.30061299999998
11,27.904186,-82.700661
11,33.740025,-80.208725
11,32.923935,-96.769043
11,42.386353,-83.020195
11,40.129181,-111.730492
11,28.077427,-81.58003199999997
11,35.24525999999999,-80.95846
11,27.767126,-82.638451
11,33.914577,-118.370293
11,42.206112,-71.798676
11,34.151001,-114.287666
11,33.806702,-84.393867
11,32.8739,-96.89827
11,39.584515,-77.63652900000002
11,38.012475,-121.891025
11,34.506069000000004,-82.96376
11,42.63076,-73.77942
11,34.082366,-117.54495
11,41.12582,-74.161507
11,35.435261,-97.462822
11,41.06248498,-81.51983142
11,39.055574,-94.56116
11,27.839077000000003,-82.73687199999998
11,36.796127,-121.703346
11,40.091061,-75.38448299999997
11,33.87592,-118.16354
11,27.965084,-82.447891
11,38.972473,-76.123616
11,30.185229999999997,-81.558762
11,44.96678,-93.08933
11,29.66498,-95.528107
11,40.70797,-74.24797099999998
11,41.648628,-87.579491
11,32.779209,-117.070122
11,35.7355,-78.650429
11,39.186588,-84.482376
11,34.153828000000004,-118.348568
11,31.70784,-106.27849
11,39.53409,-119.7725
11,28.515557,-81.376346
11,32.810701,-96.806939
11,42.912622,-85.609025
11,25.73417,-80.302918
11,41.660187,-70.32
11,40.272865,-79.082367
11,37.824455,-122.313889
11,40.177353,-75.39415699999998
11,25.91782000000001,-80.292923
11,40.638357,-74.021086
11,47.240723,-122.357033
11,43.006882,-83.753052
11,41.89563,-87.656952
11,38.994614,-94.502281
11,29.328059000000003,-82.151589
11,34.731464,-77.472435
11,41.588207,-73.90778399999998
11,41.257607,-95.938492
11,37.4997,-77.53426
11,32.227871,-110.943901
11,39.74028,-104.71198
11,35.81652800000001,-78.60067
11,36.142517,-95.961967
11,40.984509,-75.283897
11,35.025589000000004,-81.711899
11,29.086867,-81.323492
11,34.93605,-78.847603
11,41.811466,-72.52079
11,38.329511,-121.823267
11,39.136701,-77.210487
11,39.423649,-76.997139
11,44.29982,-120.7228
11,40.289371,-75.365994
11,26.632873999999997,-81.714012
11,39.955799,-75.180633
11,41.573814,-87.4618
11,40.73404,-73.11582
11,32.945187,-117.108101
11,36.161159999999995,-95.940331
11,28.340159999999997,-81.39344799999998
11,36.73148989659913,-76.29913687669611
11,28.512699,-81.39698800000002
11,43.006891,-83.748798
11,40.55893,-111.90256
11,30.429129,-97.694374
11,43.804298,-123.043175
11,35.815208,-78.605576
11,33.482634999999995,-79.26909599999998
11,28.549599,-81.260559
11,41.81663,-87.92565
11,39.305931,-76.744034
11,33.414734,-111.909096
11,40.55786490421029,-85.6597459312169
11,44.119,-116.944138
11,30.17499500000001,-92.070824
11,42.35302,-71.073921
11,39.912453,-86.157852
11,30.189079,-97.780197
11,32.72036,-96.874336
11,34.033669,-84.576927
11,37.86948,-122.30474
11,40.769516,-73.709113
11,28.999723,-82.041312
11,27.812342,-82.332877
11,39.32527,-94.70502
11,29.602457,-98.443062
11,40.598934,-74.063751
11,38.959545,-92.335842
11,41.139866,-112.066295
11,36.808193,-76.19548
11,33.506313,-82.091553
11,36.104572,-95.85981
11,36.104485,-95.851059
11,35.249035,-80.782608
11,34.310328999999996,-77.777962
11,40.472435,-80.004784
11,40.474716,-74.42757399999998
11,33.616157,-84.442666
11,40.6903,-73.99865
11,38.598151,-121.417752
11,32.876987,-96.991074
11,34.193481,-79.84384200000002
11,39.905186,-86.03958100000001
11,36.76037192327136,-76.27205729448188
11,40.524136,-79.905502
11,40.045794,-75.423376
11,34.04187,-117.315854
11,40.275784,-111.71904
11,33.689371,-117.767804
11,30.566250085684928,-87.03640580135807
11,39.071770906262046,-94.48794722512012
11,39.744339,-75.568443
11,31.727844,-106.302872
11,40.7238,-111.32475
11,32.221626,-110.875191
11,40.74815,-73.54171
11,39.987408,-78.256874
11,33.854085,-117.889319
11,33.469028,-82.031784
11,29.869896,-95.407791
11,41.890001,-87.929884
11,26.09004,-80.2129
11,30.48535900000001,-86.108827
11,45.129871,-93.390007
11,41.874131,-87.72039000000002
11,30.247169,-97.776093
11,33.520794,-86.84993
11,39.09949500000001,-74.80619
11,33.580376,-117.671654
11,40.14662,-82.970809
11,35.42993187887463,-119.07163739147629
11,27.635063,-80.446686
11,27.802145,-82.799769
11,34.122634999999995,-118.478424
11,33.308906,-111.972345
11,34.884171,-82.309967
11,34.924988,-82.194447
11,35.609982,-97.58049
11,43.95366,-121.34905
11,28.236866,-82.354196
11,33.908501,-117.287224
11,38.22488,-122.1259
11,28.194645,-82.390025
11,35.151409,-89.881622
11,34.032321,-118.219719
11,36.158691,-95.981247
11,34.040368,-117.706945
11,33.752539,-117.846658
11,34.018963,-118.178658
11,45.93584,-122.76441
11,28.476837,-80.776612
11,38.879217,-77.250736
11,37.473546,-79.80044699999998
11,37.830025,-122.26738
11,38.986404,-76.577354
11,40.845262,-73.927777
11,30.234882,-92.002243
11,41.212517,-96.033539
11,43.673278,-116.354227
11,39.581581,-79.97851899999998
11,34.829615999999994,-82.51913499999998
11,37.06649,-121.219147
11,36.197361,-86.608551
11,33.168486,-87.556732
11,34.008499,-81.23895999999998
11,28.231046000000006,-82.37249
11,38.001559,-121.349978
11,33.940331,-118.007969
11,33.732189,-84.738457
11,32.76709,-117.147491
11,27.967208000000007,-82.45356
11,43.171703,-86.20694
11,41.547922,-73.027277
11,43.262982,-73.676964
11,33.968167,-118.167854
11,29.946122999999996,-95.433449
11,34.902640999999996,-82.096802
11,35.823192999999996,-78.313896
12,33.705636,-111.505809
12,35.777813,-78.560852
12,40.763707,-111.916142
12,45.067928,-93.24945
12,32.810444,-117.114265
12,40.099602,-75.30242199999998
12,40.194065,-75.47357099999998
12,29.851217,-95.563315
12,32.720383,-96.824661
12,33.884659,-78.687508
12,35.684551,-78.54051
12,28.546217,-81.50484499999997
12,47.64259000000001,-122.31911
12,43.010345,-83.67938199999998
12,32.786541,-96.805244
12,41.78398,-72.66006
12,41.272303,-75.519468
12,27.891275,-82.700287
12,37.17202,-76.55045
12,42.33181,-83.14236
12,39.919509999999995,-86.18402900000002
12,34.50613,-82.96405
12,30.27392,-97.752808
12,28.230443,-80.69423
12,39.648062,-77.569019
12,33.925729,-118.309352
12,39.109035,-94.812096
12,40.138443,-75.328728
12,38.452541,-122.806755
12,33.961544,-118.36953
12,41.279207467835995,-75.52131772005309
12,45.199475,-93.552428
12,40.80894113,-73.19013476
12,27.96543,-82.43249
12,35.263714,-118.633217
12,33.862614,-118.043518
12,29.786259,-95.362029
12,34.13539,-118.00448
12,40.88774,-73.89381999999998
12,34.130031,-117.925573
12,35.20985,-80.75718
12,40.185368,-75.159256
12,29.73831,-95.433006
12,26.639948,-81.817825
12,37.699279,-121.070901
12,45.34690300000001,-122.767072
12,36.83099,-121.771027
12,35.210091,-80.875175
12,46.344057,-94.640326
12,33.34845185263944,-112.46984124130024
12,37.2276,-80.24414
12,44.939849,-93.075459
12,39.351803,-76.496437
12,33.495723999999996,-112.112984
12,25.889269,-80.20943299999998
12,29.0131,-81.2358
12,30.520714,-91.179306
12,33.491322,-111.926117
12,34.078403,-117.741577
12,48.305867,-114.247919
12,32.20852,-110.792325
12,34.851688,-82.39166999999998
12,31.19391,-81.539394
12,34.06896,-117.36194
12,37.897743,-88.945686
12,37.53299000000001,-88.92363
12,40.83636,-73.872629
12,33.904008000000005,-84.475064
12,28.511108,-81.376281
12,40.218435,-75.185372
12,29.921541,-90.04267800000002
12,37.376048,-77.510669
12,35.346497,-80.735374
12,45.605635,-122.682378
12,34.030147,-117.711271
12,33.63237977,-84.40661788
12,39.359557,-77.163391
12,40.623463,-74.020172
12,30.530769,-91.142052
12,28.541975,-81.39726999999998
12,38.8214,-76.886247
12,45.52318,-123.89079
12,42.479927,-71.11506700000002
12,25.925983,-80.158475
12,28.56005900000001,-81.415186
12,25.732437,-80.366639
12,45.83400607087214,-119.62509512844264
12,25.796984,-80.335963
12,35.478474,-97.565781
12,37.96369672,-122.51181722
12,42.369714,-83.05639000000002
12,30.247728,-89.76325200000002
12,37.601589,-77.452667
12,35.175711,-85.215424
12,32.8218,-117.162361
12,41.05803,-73.81679
12,25.671667000000006,-80.38809499999998
12,35.442713,-80.87321
12,41.00858330707069,-76.2433254715145
12,28.000947,-82.307055
12,39.947172,-74.961159
12,35.334038,-97.490196
12,43.65136,-93.322
12,38.630474,-121.2173
12,43.01943,-83.59612299999998
12,37.615155,-77.444689
12,34.177784,-81.323433
12,33.949791999999995,-118.091827
12,44.05493,-121.30704
12,27.441442,-82.459602
12,34.024597,-117.915894
12,40.260159,-76.813622
12,33.465325,-117.66365
12,47.664051,-122.322029
12,33.86235,-117.5388
12,34.929771,-82.29390699999998
12,42.01840281466475,-71.0465991493652
12,33.894108,-118.047256
12,40.051624,-77.959114
12,37.78921,-122.2542
12,28.47803,-81.39676999999998
12,33.69529,-84.40812700000002
12,32.491333000000004,-93.77095
12,28.380506,-81.50502
12,41.143007,-73.269049
12,38.74605,-90.75078
12,33.87679,-118.10739
12,25.882665,-80.361159
12,40.904144,-73.93933100000002
12,39.37668,-76.752071
12,43.182689,-77.599304
12,32.858252,-96.875929
12,42.90351033,-78.76702666
12,38.249892,-77.508544
12,40.64753,-74.522408
12,33.969021000000005,-118.37261200000002
12,30.578523,-87.438865
12,43.56096,-116.393848
12,33.974652,-118.280597
12,36.962262,-76.26899399999998
12,37.352139,-121.838074
12,35.35985200000001,-118.932069
12,42.10342,-88.33629
12,38.960667,-104.784721
12,33.910031,-118.104907
12,40.767174,-74.021164
12,35.381963,-82.48537900000002
12,40.051285,-75.55131800000002
12,33.854557,-117.790454
12,38.255979,-122.347122
12,32.760146,-97.148573
12,34.034332,-117.138807
12,33.786015,-118.093086
12,40.75945973,-74.20881629
12,43.741355,-93.319884
12,33.7089,-117.852142
12,30.167115999999996,-97.785866
12,37.699842,-120.99451299999998
12,39.836014,-84.060863
12,33.871878,-117.701052
12,40.844074,-73.897491
12,37.628963,-77.37380999999998
12,32.990614,-80.23097800000002
12,42.49462,-82.93205
12,34.06393,-117.26829
12,25.88281,-80.24509
12,44.951202,-93.02523
12,30.266754,-97.722542
12,25.925423,-80.153918
12,38.947624,-84.542358
12,41.839418,-88.10171
12,42.283321,-71.051075
12,38.801828,-121.719776
12,30.424335,-91.150719
12,28.088109000000006,-82.457797
12,39.600253,-104.887887
12,33.958705,-117.85876299999998
12,37.902149,-121.466682
12,34.262989000000005,-118.440819
12,33.159001,-117.340241
12,33.856882,-118.284819
12,47.734066,-122.324997
12,37.198009000000006,-121.993042
12,28.591289,-81.38040699999998
12,36.951941999999995,-76.53157
12,32.66157800000001,-96.7611
12,34.15526,-118.2939
12,29.88308,-95.290009
12,37.408958,-121.878571
12,32.679363,-97.196091
12,34.046745,-118.2686
12,36.569786,-121.755606
12,35.16555190069597,-113.5291421408008
12,40.302319,-79.497681
12,35.057848,-81.35727800000002
12,40.5935,-111.9027
12,40.981475,-75.228794
12,39.783832,-105.094681
12,42.46493,-123.32363
12,37.802349,-112.94651
12,39.452423,-74.535995
12,33.87038826926293,-117.74366497937322
12,28.52593,-81.416389
12,35.23797000000001,-89.95109000000002
12,33.463923,-81.698497
12,41.87619,-87.65703
12,41.868801,-83.457291
12,40.00084519367217,-75.82346320116127
12,27.996035,-82.357733
12,25.508814,-80.420469
12,34.019465999999994,-118.239566
12,33.748295,-111.995163
12,36.86191,-76.195589
12,39.937061,-75.036896
12,35.45407,-94.8894
12,42.4466,-83.75282
12,39.212605,-78.146736
12,25.728902,-80.258317
12,41.55642,-74.18704
12,42.47088,-88.09342
12,32.79045,-96.80055
12,37.795124,-122.266594
12,32.885582,-96.700478
12,33.853775,-117.53516
12,40.726035,-73.903086
12,44.862076,-93.268143
12,25.769715,-80.33499599999998
12,29.973335,-90.04526
12,43.191055,-77.5625
12,29.727619,-95.559677
12,39.299252,-119.52186100000002
12,42.38541483858878,-83.25687289198275
12,37.848623,-122.488996
12,40.231857,-76.93265500000003
12,25.793708,-80.321077
12,30.36454,-97.699883
12,26.15478873240397,-81.35194659194302
12,29.65218,-95.38712
12,35.215405,-80.83296999999997
12,35.172391999999995,-80.856121
12,35.167363,-80.742918
12,33.790371,-78.765587
12,35.205757,-106.656357
12,34.813786,-86.571526
12,34.799839,-82.42443100000001
12,29.74172,-95.36463
12,40.29329,-74.054121
12,34.020212,-117.814998
12,36.300312,-119.31365
12,39.1252,-84.54775
12,32.843907,-96.91338
12,35.846767,-78.522766
12,31.783669,-106.429167
12,40.41153,-80.07598
12,44.474191,-88.07974899999998
12,33.596879,-117.675218
12,38.11952233296336,-79.04215693436127
12,34.589172,-118.711842
12,45.449066,-122.578973
12,34.06825,-118.027282
12,42.697666,-73.837727
12,33.136955,-80.31037099999998
12,26.439362,-80.089226
12,25.882227,-80.209389
12,35.24099000000001,-80.79669
12,40.018406,-75.168297
12,25.879791,-80.356029
12,39.777539,-75.048618
12,45.064226,-93.285757
12,40.666658,-73.84005
12,28.56918,-81.244873
12,35.085605,-85.193413
12,35.772736,-78.722374
12,37.896032,-122.070672
12,40.76753,-73.90423
12,33.770920000000004,-84.39050300000002
12,35.005952,-85.229933
12,37.717875,-121.66603
12,26.165554,-80.170937
12,29.748087,-95.392014
12,38.36831,-121.51933
12,42.7138,-123.36718
12,38.623661,-121.517197
12,25.621899,-80.414446
12,48.77064,-122.46319
12,38.190338,-85.730698
12,41.728839,-72.755865
12,36.736155,-119.627885
12,42.704466,-78.916195
12,37.473464,-105.817508
12,39.102461,-94.486565
12,33.848625,-78.81925799999998
12,30.290451,-81.629648
12,42.153564,-87.988268
12,25.934112,-80.12182800000002
12,33.908249,-117.453316
12,27.531184999999997,-82.50864399999998
12,33.868759999999995,-118.19536
12,37.955605,-121.422119
12,34.15316,-118.3583
12,38.917,-111.7407
12,41.517771,-94.174983
12,38.659019,-122.452576
12,35.65603,-80.98549799999998
12,41.617641,-72.789064
12,37.792968,-77.459373
12,30.441351,-91.138245
12,34.640987,-117.22023
12,38.500584,-121.431229
12,30.439781,-89.031166
12,38.662492,-121.510209
12,26.260193,-80.133224
12,25.758039,-80.41670500000002
12,37.925553,-121.64113
12,37.372505,-121.927208
12,30.382531,-81.672688
12,26.076508,-80.16830999999998
12,36.75339500000001,-119.724842
12,30.502756,-87.204475
12,35.435181,-97.574471
12,41.141125,-73.284225
12,39.3607,-76.477698
12,41.894211,-70.942619
12,29.426346,-98.45797
12,35.51263400000001,-97.565704
12,25.689146,-80.38287199999998
12,39.105176,-94.712555
12,30.366226,-91.06678
12,25.899721,-80.180184
12,36.758185,-76.299566
12,35.93508900000001,-86.532036
12,33.960178000000006,-118.280785
12,43.144,-77.648013
12,25.73335100000001,-80.307342
12,30.33463900000001,-81.66731300000002
12,28.55208,-81.4897
12,41.802479,-88.20517
12,27.496078000000004,-82.636658
12,32.348265999999995,-86.176489
12,30.416191,-91.070546
12,41.27749,-73.784161
12,33.471942,-112.112422
12,38.109518,-78.903468
12,29.97112000000001,-90.03573
12,40.77293,-81.388687
12,29.736818,-95.560966
12,40.102345,-75.209244
12,39.341033,-120.341704
12,30.199612,-81.74395
12,37.374149,-79.913246
12,30.535021,-97.69136
12,40.162823,-76.149865
12,34.03438925726875,-118.17771077099717
12,39.872574,-75.08221400000002
12,37.550979852497335,-77.42849707566533
12,42.4044,-83.21845
12,28.189037,-82.376538
12,41.841915,-88.01140600000002
12,27.981264000000003,-82.45395699999997
12,34.164185,-118.473218
12,25.953955,-80.205499
12,32.424211,-93.71981
12,30.378269,-86.330322
12,40.075439,-75.293144
12,32.87574,-117.22898
12,40.251606,-76.87152900000002
12,41.770053999999995,-72.66825899999998
12,39.22096,-105.99366
12,41.902676,-70.96466099999998
12,34.030099,-81.042247
12,32.745344,-117.21429
12,40.827488,-73.93145
12,32.931332,-80.68914000000002
12,27.955665999999997,-82.489166
12,37.877495,-122.047523
12,45.095963,-123.368484
12,38.4428,-81.480141
12,37.420406,-121.93953700000002
12,39.928543,-86.136383
12,38.830949,-77.199143
12,39.991775,-75.24661400000002
12,33.990331,-117.880931
12,35.542145,-82.75341
12,25.762799,-80.320538
12,25.852176,-80.192976
12,36.855599,-76.177273
12,35.190929,-80.93032099999998
12,33.968899,-118.256432
12,33.941074,-84.504333
12,31.207541,-85.423935
12,44.20337,-93.74832
12,35.818089,-78.70491
12,35.026785135102145,-82.03509449919683
12,33.838938,-117.153563
12,43.077274,-86.216652
12,40.7741,-111.9491
12,33.613913000000004,-85.746652
12,39.398667,-74.560869
12,42.28738,-83.19473
12,35.148632,-84.95794699999998
12,33.255153894265874,-84.09114718397096
12,38.405081,-120.642791
12,33.929371,-118.225571
12,35.120041,-80.819923
12,46.106693,-123.206726
12,30.359635,-97.685168
12,40.674824,-111.8883
12,27.806746,-82.66224
12,41.57692700000001,-87.524384
12,37.797271,-79.3958
12,42.154639,-73.51818100000001
12,34.030052000000005,-118.171547
12,34.09587,-117.923743
12,39.17777,-84.48708
12,34.360257,-118.505998
12,33.977988,-117.95458700000002
12,25.914038,-80.211739
12,35.20318,-80.72399
12,27.9376,-82.291512
12,33.736374,-117.71765
12,41.060928,-81.505493
12,48.57333,-121.409111
12,38.320312,-121.324937
12,34.120529,-118.271027
12,39.920957,-75.195448
12,29.95923,-90.08497
12,25.947289,-80.152018
12,35.01395344717496,-85.18218398053557
12,33.733658,-117.815247
12,39.819721,-84.191528
12,34.955151,-80.831413
12,43.093224,-75.89215899999998
12,37.529819,-122.002083
12,46.90551638580844,-96.83962225867823
12,40.530945,-111.409391
12,25.78334,-80.27344000000002
12,27.955622,-82.49351999999998
12,27.298757,-82.449177
12,38.846245,-77.40233
12,33.430015999999995,-112.106578
12,35.246803,-80.89694200000002
12,28.514622,-81.394915
12,43.99918,-123.67018
12,34.163267,-118.472417
12,32.473236,-93.739525
12,40.566519,-74.297014
12,27.273439,-82.565376
12,39.430376,-104.879183
12,38.628937,-90.31842
12,44.203341,-93.726934
12,39.011074,-120.996594
12,33.43609,-86.720192
12,39.982221,-75.100802
12,25.996241,-80.165871
12,37.77957,-122.39807
12,25.854035,-80.32259499999998
12,35.239831,-85.83044699999998
12,34.135239,-117.977158
12,30.326315,-95.475388
12,33.997153999999995,-117.931259
12,35.736885,-83.025017
12,35.60930300000001,-97.567078
12,33.537949,-112.220451
12,42.253107,-88.022983
12,32.696940999999995,-97.320953
12,35.093575,-81.006192
12,36.55203,-119.602331
12,35.74052000000001,-78.804695
12,33.191212,-117.12242
12,28.122995,-82.740036
12,33.822232,-84.492715
12,26.682188,-81.896182
12,30.704728999999997,-97.85157
12,33.036053,-96.990061
12,30.484153999999997,-86.417305
12,45.49031,-122.67517
12,40.66520300000001,-73.820915
12,40.097,-75.30118
12,42.05846,-71.06078000000002
12,47.938347,-122.73471
12,35.311616,-80.71
12,41.729023,-88.021843
12,33.85976672,-118.28456998
12,28.62532,-81.3865
12,39.09880757,-94.60989118
12,33.915489,-80.824753
12,34.006889,-117.963676
12,25.889492,-80.162572
12,33.712568,-84.22391
12,38.82821,-76.92839000000002
12,27.82149,-82.79524
12,42.35878,-83.07650799999998
12,41.302959,-112.02771
12,42.165516,-83.388039
12,33.319901,-117.209061
12,45.29375,-118.037
12,34.12102,-117.900547
12,29.723803000000004,-95.308289
12,33.33692908271152,-111.4412248129299
12,35.46114,-97.688995
12,39.27036,-77.30743000000002
12,33.768551,-84.65193199999999
12,33.377678,-112.053067
12,37.37581,-84.32653
12,39.106544,-94.57698
12,41.85886,-88.10262
12,35.78866,-78.65100000000002
12,25.86293,-80.32267
12,29.930024,-90.089905
12,33.121658000000004,-87.48066700000004
12,43.804298,-123.043175
12,37.956047,-122.329842
12,37.106747,-106.924524
12,35.58012,-97.651863
12,37.340191,-121.852341
12,40.441902,-74.428024
12,40.77884,-73.82647
12,40.5359,-111.89263
12,29.657997,-95.583511
12,41.501175,-81.67028
12,33.081759999999996,-80.207169
12,34.820221000000004,-82.26200899999998
12,26.188128,-80.151657
12,40.677233934208495,-94.76348519280069
12,35.20607800000001,-80.922157
12,40.70697,-73.744843
12,30.355129,-81.669678
12,32.781692,-96.8769
12,32.2209,-110.8238
12,33.495281,-81.75054200000002
12,32.957375,-117.230789
12,35.709961,-78.631927
12,43.104195,-76.207634
12,29.879576,-95.477354
12,28.20487,-82.666005
12,28.510101,-81.397041
12,28.580034,-81.476099
12,39.630035,-104.905278
12,38.591576,-90.214447
12,47.72316,-122.324455
12,25.8984124659257,-80.33998131713705
12,33.745556,-84.349213
12,41.11780200000001,-78.547965
12,36.166618,-86.764786
12,33.992712,-117.355671
12,47.54537,-122.3296
12,34.192637,-79.808152
12,26.578675,-80.069471
12,30.180742,-97.762505
12,34.392521,-118.472832
12,35.22292971594227,-80.84015965423181
12,34.355408000000004,-117.438933
12,28.55198,-81.477519
12,30.42355,-91.103683
12,41.492519,-73.901794
12,33.506004,-84.230499
12,38.867548,-77.31554799999998
12,25.73417,-80.302918
12,36.151317,-86.769736
12,37.971989,-121.668427
12,40.659527,-73.69953199999998
12,30.40803,-97.675262
12,34.06691,-117.44019
12,36.699896,-121.673784
12,44.809171,-93.100275
12,40.609827,-75.530008
12,41.32962,-73.842789
12,41.249931,-87.852425
12,33.892685,-117.880806
12,33.638165,-112.233459
12,40.776333,-74.059074
12,28.401504,-81.404525
12,33.177005,-117.351087
12,43.31818,-73.616013
12,36.698435,-81.985656
12,30.445022,-91.090335
12,33.84811,-86.827446
12,36.076966,-87.015999
12,34.487602,-118.139946
12,42.643166,-73.747936
12,41.63811,-124.115197
12,25.482733,-80.458984
12,32.924746999999996,-96.786232
12,39.92142,-75.0393
12,38.289461,-81.568287
12,27.594831,-81.944786
12,33.807072,-84.379471
12,38.775825,-77.05185
12,34.154720000000005,-118.28857
12,32.70705,-97.270851
12,31.260921000000003,-85.889953
12,36.50359,-119.611038
12,40.929585,-73.765511
12,38.059299,-121.456497
12,35.81549099999999,-78.690849
12,28.754536,-81.937721
12,44.428662,-121.921024
12,33.430508,-117.145332
12,37.31661,-121.955935
12,35.483643,-80.87484
12,32.792393,-96.686105
12,42.723976,-84.51374799999998
12,37.439492,-79.82463
12,32.962358,-117.102679
12,43.65376,-94.77619
12,45.863682,-119.225596
12,35.97118,-83.980017
12,41.50956,-96.49716
12,44.506901,-92.905739
12,44.948982,-92.933723
12,40.04446400000001,-76.490532
12,34.113701,-79.340897
12,34.072235,-117.926643
12,38.950321,-121.115323
12,34.533359999999995,-119.26148700000002
12,37.745937,-122.200958
12,34.078463,-118.228586
12,39.964058,-75.184433
12,38.81809000000001,-77.27516
12,32.832983,-117.200909
12,27.331712,-82.44744399999998
12,38.737656,-77.766586
12,35.174335,-80.851135
12,33.436240999999995,-82.050392
12,44.853099,-93.298023
12,44.85857,-93.34663
12,40.707996,-74.24787099999998
12,42.048140999999994,-88.282494
12,30.431183,-91.182853
12,26.27488300000001,-80.125084
12,25.945227,-80.179142
12,39.680431,-105.900419
12,25.731925,-80.317114
12,41.950653,-71.484723
12,38.415313,-77.426519
12,36.750125,-119.578552
12,34.892540000000004,-82.160202
12,38.108051,-122.563156
12,40.566471,-80.266632
12,30.276865,-97.70034
12,34.003769,-118.28093
12,41.284465999999995,-88.235359
12,42.974998,-83.633247
12,39.151402,-84.539787
12,39.824321999999995,-83.138039
12,34.014817,-118.422395
12,40.89089,-80.88053000000002
12,30.272817,-97.709376
12,26.098257,-80.25148
12,34.068442,-117.800527
12,37.595946999999995,-77.530754
12,44.949883,-93.101616
12,33.927831,-117.288604
12,42.1146,-122.621302
12,34.052521,-84.285522
12,35.23804000000001,-80.79961999999998
12,34.241954,-117.285606
12,42.34904,-83.1018
12,33.96791,-118.08311
12,37.643866,-121.01333
12,41.55131220797752,-73.03943753207666
12,33.974758,-118.256462
12,29.744881,-95.362808
12,34.16531,-118.489242
12,35.417431,-97.581139
12,34.135471,-117.965309
12,32.839624,-97.354758
12,28.449924,-81.479136
12,30.309229,-81.64700400000002
12,32.496346,-93.72036
12,44.964397,-93.236164
12,28.235537,-81.645259
12,41.637408,-83.694602
12,43.04338900000001,-89.366886
12,25.857666,-80.32286500000002
12,29.6994,-95.361603
12,39.6409,-75.802238
12,32.902761,-96.721292
12,44.862087,-93.145134
12,42.641705,-83.249802
12,37.26994000000001,-109.67579
12,25.796984,-80.335963
12,29.666599,-95.473244
12,27.423988580572967,-80.41074871978563
12,25.668577,-80.367737
12,34.754104999999996,-82.286911
12,26.167828,-81.1464
12,39.771729,-84.191139
12,41.04023,-81.608711
12,32.907394000000004,-97.317078
12,40.017281,-77.529476
12,32.498856,-93.752697
12,41.293584,-88.226395
12,33.87636,-118.08778
12,30.28297,-97.72699
12,40.688433,-73.638098
12,39.00629,-77.038895
12,33.919895000000004,-118.08186299999998
12,36.143776,-86.701904
12,34.070843,-81.145758
12,35.637856,-78.565727
12,31.324713,-89.35584300000002
12,35.092957,-81.040901
12,25.733425,-80.30481999999998
12,32.7927,-96.64942
12,41.755131,-71.481689
12,35.89188,-119.268137
12,41.391103,-73.522521
12,35.534172,-82.602707
12,28.087845,-82.695503
12,26.165884,-80.16024
12,34.068822,-117.843662
12,33.383266,-117.577036
12,33.84922,-117.30072
12,36.198078,-86.620171
12,30.365206,-91.065468
12,34.709697999999996,-82.499489
12,32.044656,-81.146419
12,33.13685,-117.16668
12,38.309516,-77.101936
12,30.469861,-91.072606
12,34.12534,-118.47652
12,34.435601,-118.378618
12,38.060444,-78.941544
12,34.682265,-79.001814
12,38.64323,-121.365837
12,43.197441,-85.576614
12,36.75779,-76.280617
12,34.113132,-80.96244
12,30.478357,-91.156502
12,43.05265,-88.372948
12,38.202005,-120.723019
12,39.94836,-76.711922
12,41.170094,-112.020271
12,32.756509,-97.318927
12,34.542909,-117.979303
12,39.416329,-121.160374
12,46.354295,-67.842169
12,32.348221,-111.099274
12,36.547176,-119.624332
12,47.682281,-122.317535
12,44.46157,-117.33448
12,38.317278,-122.921799
12,39.094814,-94.591179
12,35.481709,-82.556335
12,34.26275,-118.18768
12,34.944214,-80.841003
12,27.444439000000006,-82.548073
12,32.359859,-86.214844
12,43.04504,-87.92648
12,38.496049,-121.441044
12,40.29811978320933,-86.71662211376803
12,42.465599,-82.921257
12,35.0471,-81.808899
12,38.493195,-122.787529
12,34.71522,-92.19331
12,40.706818,-73.428276
12,30.52301,-90.993622
12,38.376125,-121.950195
12,33.989490999999994,-117.872294
12,38.237656,-85.623215
12,39.782309999999995,-86.141487
12,41.974758,-91.678246
12,41.672848,-72.845073
12,25.862548,-80.333969
12,34.174834999999995,-118.467644
12,34.287552000000005,-118.407127
12,47.181079,-123.09928
12,29.750505,-95.500304
12,35.008972,-85.197622
12,37.765823,-122.218307
12,44.92777,-93.34969
12,32.77094,-96.80046
12,34.029205,-118.012451
12,42.254662,-88.876015
12,38.553348,-121.436614
12,34.828701,-81.870583
12,34.024047,-118.239277
12,39.77999000000001,-104.9519
12,25.888174,-80.164039
12,38.337087,-122.977021
12,40.080961,-75.117205
12,33.475555,-81.995041
12,34.474418,-117.343194
12,38.09780716877891,-112.66098618453664
12,29.938789,-90.057007
12,32.811726,-116.917038
12,47.147018,-122.504494
12,30.346359000000003,-91.029358
12,41.974949,-88.20697
12,36.86191,-76.195589
12,40.687199,-73.595047
12,41.045849,-81.77426899999998
12,38.369682,-90.38282
12,40.640999,-77.578212
12,35.146913,-80.80172900000002
12,29.704596999999996,-95.557411
12,38.952062,-76.348396
12,37.600361,-77.51460300000002
12,45.35850900000001,-93.822961
12,28.808348,-81.519367
12,43.162716,-83.73446700000002
12,35.185198,-92.393036
12,30.497036,-87.221948
12,28.97769000000001,-80.899002
12,30.280428000000004,-97.883339
12,33.915801,-118.189285
12,30.457374,-91.177061
12,39.739635,-84.13073
12,40.133522,-79.998499
12,40.62026,-74.167725
12,27.388152,-82.46345600000002
12,30.192926,-85.624932
12,33.912231,-118.073418
12,31.77005,-106.475662
12,39.435409,-121.537078
12,38.355789,-78.543943
12,35.47101,-82.88475
12,33.892414,-80.070526
12,37.033138,-76.363396
12,34.106662,-80.951945
12,36.266628,-86.830917
12,39.750507,-105.016624
12,28.640191,-81.435573
12,37.740387,-121.586296
12,31.956814,-85.1203
12,38.28267,-85.6396
12,33.949795,-118.092033
12,33.61208,-83.75029
12,40.306534,-75.861148
12,34.06395792944877,-81.13865733107977
12,39.07017000000001,-77.15997
12,29.858749,-95.258682
12,45.288875,-122.769258
12,36.982283,-121.981581
12,44.889709,-93.389043
12,28.449914,-81.481045
12,35.196739,-80.79129
12,37.420028,-77.636113
12,45.49936,-122.67484
12,39.957581,-104.987968
12,38.917664,-77.518173
12,41.275803,-80.842232
12,39.3875205514937,-74.57177281344141
12,47.239403,-122.404541
12,32.718388,-97.287277
12,33.161953000000004,-86.772125
12,32.219442,-110.823848
12,30.236679,-97.686317
12,36.95988,-120.06328
12,38.96948,-76.119333
12,38.87820124607621,-121.12646698893964
12,40.027931,-76.22357199999998
12,45.055237,-122.70962
12,40.636501,-111.902893
12,45.60116,-118.63296
12,39.78361,-105.098602
12,38.00088286,-121.82613729999998
12,34.500679,-82.680428
12,38.8865,-77.22015
12,34.32478,-79.432365
12,36.06682,-86.68665
12,28.577683,-81.47501
12,38.584655,-121.457428
12,45.99559,-122.87724
12,39.018267,-77.108473
12,34.071877,-118.088104
12,33.169544,-117.219086
12,26.15998149,-80.16411424
12,41.58876,-73.907692
12,41.394768,-88.192879
12,30.619265,-81.650047
12,47.684858,-99.72374
12,27.712444,-82.33535
12,39.48708,-105.360443
12,29.713121,-95.378937
12,41.692348,-87.598114
12,34.032376,-118.222395
12,29.803213,-95.280167
12,39.0565145,-77.15407491
12,30.37776,-91.094894
12,34.191736,-118.474375
12,32.560263,-96.410895
12,40.325813,-111.731705
12,47.469092,-122.207573
12,34.00490300000001,-117.930245
12,40.679108,-74.278366
12,30.18181,-97.77623
12,44.92223,-92.97243
12,35.20272100000001,-80.79039
12,29.758551,-95.35096
12,43.607351,-124.180513
12,40.137975,-75.394111
12,45.06687,-93.44768
12,34.177129,-118.872577
12,33.77187,-84.39041
12,34.135349,-117.977013
12,37.208337,-75.96615
12,39.399525,-77.44064300000002
12,37.03281,-76.38209
12,34.072235,-117.926643
12,35.795254,-78.515259
12,41.853119,-71.426651
12,38.79302,-77.04164
12,37.99765,-122.534866
12,40.06633400000001,-75.333527
12,42.29985,-71.2226
12,34.208325147465665,-81.38024926146802
12,28.45024,-81.42828
12,40.7641375062906,-73.75837683642504
12,35.044033,-81.816925
12,38.714621,-77.46309000000002
12,39.923342,-122.049778
12,34.098693,-117.471196
12,39.80815529804321,-75.46269535982387
12,41.56742691973892,-72.72836565936694
12,40.184206,-122.176471
12,32.722976,-117.166494
12,40.827421,-72.948195
12,29.41006779656692,-82.24977850874781
12,25.921299,-80.309179
12,36.38552,-119.292429
12,30.418032,-91.146812
12,40.705769,-73.46154
12,35.26430010778777,-118.65838408413572
12,32.79125,-96.684956
12,27.969278000000006,-82.45336800000003
12,41.21230300000001,-95.957817
12,33.95328,-118.08998
12,38.708299,-77.44915999999998
12,41.094097,-88.450401
12,32.346577,-86.323486
12,38.496407,-121.446449
12,25.922332,-80.293025
12,45.019836,-92.984718
12,39.65331673603223,-76.65986180268926
12,29.168481,-81.52091300000002
12,25.898199,-80.3818
12,41.90505200000001,-87.990662
12,35.26430010778777,-118.65834116879148
12,35.318531,-80.7789
12,34.17743,-118.876679
12,40.155956,-75.121887
12,27.95002,-82.398046
12,34.090348,-118.16234
12,28.44642,-81.47242
12,39.114464,-75.892907
12,42.940529,-83.645676
12,34.06648993475882,-117.21336007062332
12,33.021846999999994,-117.078537
12,41.10247,-74.028183
12,34.118590999999995,-117.872658
12,33.911373,-118.174232
12,38.763569,-121.747261
12,40.918858,-73.779472
12,47.607258,-122.330215
12,40.078924,-77.029038
12,30.436012,-97.682871
12,40.070331,-75.151593
12,37.177811,-79.936417
12,28.330999,-82.666298
12,38.915024,-89.26823399999998
12,39.113051,-119.773141
12,42.628807,-83.133028
12,26.839491,-80.101128
12,34.886662,-82.192436
12,27.81847,-82.63871
12,35.49518,-80.56636
12,32.631557,-80.881538
12,33.902302,-118.061325
12,37.387211,-121.98172
12,34.241176,-112.111798
12,34.853331,-120.259707
12,33.506482,-80.849088
12,33.796516,-117.230972
12,38.912686,-77.081604
12,33.75412,-84.37841999999998
12,34.026759999999996,-118.430115
12,42.053956,-73.646723
12,32.662977000000005,-97.244249
12,42.840173,-89.02954100000002
12,37.688169,-77.684838
12,25.832513,-80.205826
12,25.896511,-80.26624
12,43.479801,-83.95590200000002
12,38.23339,-122.61781
12,29.703822,-95.586008
12,34.510269,-82.756264
12,40.087124,-75.093735
12,30.35425,-91.11026
12,40.732291,-74.221254
12,28.951531,-81.956819
12,39.695305,-84.240845
12,38.503555,-90.338707
12,33.934257,-118.028813
12,39.581276,-76.421104
12,44.95164000000001,-93.13388
12,42.974998,-83.633247
12,33.375202,-117.253634
12,32.758324,-96.809563
12,35.289375,-80.953583
12,33.271049,-80.56910699999997
12,37.689112,-122.104403
12,30.434263,-87.276138
12,43.99193,-123.00583
12,33.324745,-84.7771
12,40.328289,-79.796437
12,39.32695800000001,-120.39023600000002
12,32.911108,-96.700353
12,30.177274,-97.836946
12,40.68565,-74.097809
12,34.060608,-118.173485
12,33.688194,-117.172778
12,37.899575,-121.220937
12,28.041103000000003,-82.709
12,44.86187,-93.09339
12,27.434851,-82.575417
12,25.921206,-80.21644599999998
12,28.602994,-81.313348
12,25.630294,-80.41471800000002
12,35.607662,-97.620811
12,25.734651,-80.335876
12,29.573671,-98.37822
12,28.421387,-81.401329
12,42.34422,-71.6298
12,34.869237,-118.171717
12,40.6094,-112.0334
12,35.854339,-82.84356
12,38.967775,-121.021456
12,32.779201,-96.806062
12,40.060371,-76.277138
12,38.052378,-122.220607
12,33.91137,-118.16769
12,38.78998876,-76.89746261
12,45.587703999999995,-122.680847
12,32.97374,-80.14299
12,38.91482,-84.6286
12,31.788029,-106.408569
12,37.170097,-121.9897
12,39.016899,-122.912903
12,41.930969,-87.949034
12,28.409087,-81.404754
12,45.804376,-123.96423
12,33.838260999999996,-117.875938
12,26.97156,-82.33914399999998
12,30.360309,-97.692525
12,37.175152,-78.437309
12,41.241512,-95.990227
12,34.1538,-117.47516
12,39.022114,-76.94982900000002
12,29.73232,-95.38807
12,39.536484,-104.868332
12,27.447146000000004,-82.515411
12,38.61150383930868,-90.2036869521608
12,36.845167,-76.263722
12,33.650841,-86.829651
12,43.88475,-95.1005
12,40.0584,-83.53499000000002
12,34.770472999999996,-82.386864
12,34.571873,-97.198921
12,45.434914,-122.759606
12,34.086319,-78.87487800000002
12,34.078388000000004,-81.15316800000002
12,34.06966567023244,-117.79730915967085
12,41.23904,-77.219093
12,34.078995,-117.890097
12,35.46256599999999,-97.480911
12,28.635594,-81.3877
12,35.894962,-78.649437
12,29.679163,-98.147026
12,30.430071,-91.056786
12,34.118577,-117.865462
12,30.267651,-97.733831
12,35.007690999999994,-85.393945
12,34.858925,-82.259857
12,34.217533,-119.050514
12,30.364882,-97.695992
12,30.153271000000004,-97.833267
12,32.296608,-80.935837
12,43.216491,-77.425965
12,30.445475,-91.179199
12,30.242556,-92.008224
12,41.227207,-96.024742
12,41.39030800000001,-82.167236
12,37.83922000000001,-122.29694
12,40.05238,-76.306381
12,44.046417,-121.305977
12,34.778511,-82.284233
12,39.983162,-75.099144
12,34.1365,-117.50294
12,32.744497,-96.768119
12,32.486374,-85.637718
12,33.825965000000004,-84.424412
12,37.619965,-122.075989
12,35.604905,-80.929701
12,33.466912,-117.669861
12,25.686611,-80.379635
12,33.876111,-118.118034
12,37.745937,-122.200958
12,30.281219,-97.744141
12,38.86287700000001,-77.341482
12,30.494503,-87.222371
12,33.889540000000004,-84.46013
12,37.004774,-94.617935
12,40.112204,-75.123091
12,45.551792,-122.632797
12,32.92672,-96.820412
12,25.685194,-80.418423
12,35.478085,-97.742531
12,44.681389,-93.293282
12,41.354556,-112.035777
12,43.02674,-88.04172
12,40.143398,-75.314964
12,33.10022950156641,-111.71180605835094
12,27.792071999999997,-82.66069
12,35.55942899999999,-82.63975500000002
12,30.447163,-97.804008
12,33.45921,-84.20839000000002
12,36.31371,-119.313837
12,36.804131,-121.783806
12,25.840894,-80.255188
12,31.266654,-89.284809
12,25.704491,-80.317162
12,44.90304,-122.98499
12,40.69659,-74.218384
12,34.446999,-118.478935
12,38.87172102909626,-91.36817336038892
12,38.022482,-78.989939
12,38.40152,-121.91653
12,25.887227,-80.16431700000003
12,26.135973,-80.140381
12,34.121308,-117.252031
12,34.038371999999995,-81.111976
12,38.482347,-121.371972
12,38.95768,-76.86509000000002
12,42.956139,-85.674149
12,36.288583,-86.724816
12,34.627705,-86.901527
12,33.811195,-80.639374
12,33.462795,-84.21008
12,38.753586,-90.428947
12,35.146134,-85.274113
12,34.03305,-118.13004
12,32.72952,-117.10687
12,41.21225,-95.962547
12,33.689012,-117.919357
12,37.673326,-97.395849
12,37.25584,-121.955475
12,37.608692,-122.068222
12,34.750066,-86.760669
12,25.787064,-80.20051600000002
12,37.808069,-122.367129
12,30.46525,-91.146622
12,40.525951,-104.992722
12,45.37216,-122.59102
12,30.505726,-87.16435200000002
12,37.680904,-122.38868
12,33.960013000000004,-118.284873
12,44.97028,-93.34335
12,40.081013,-75.31617
12,35.862644,-78.711945
12,40.18747000000001,-77.856677
12,39.927502,-79.17462900000002
12,37.42695,-122.14842
12,29.747574,-95.557854
12,28.405149,-81.404542
12,33.717761,-78.962251
12,34.145604,-117.306185
12,34.105958,-118.661047
12,33.791977,-84.39241
12,34.512553999999994,-82.924515
12,38.64236500000001,-90.510445
12,45.522934,-122.661247
12,41.156963,-112.024444
12,43.153244,-77.595337
12,33.797512,-79.00325
12,36.930596,-76.406869
12,34.035395,-81.115251
12,26.676141,-80.07314699999998
12,25.801033,-80.261712
12,34.017445,-118.481819
12,35.536388,-97.583443
12,36.125778,-86.709802
12,42.410099,-87.854988
12,25.93732,-80.196877
12,37.252703,-121.961444
12,30.774001,-97.627286
12,29.658628000000004,-95.336533
12,25.883673,-80.32338
12,43.177608,-83.76861600000002
12,41.873672,-87.730354
12,40.10059,-82.92519399999998
12,34.034203000000005,-118.349922
12,36.056461,-96.00325
12,31.726159999999997,-106.257103
12,41.639767,-71.022537
12,30.422687,-91.13557
12,35.149175,-90.134579
12,34.54871,-112.438743
12,30.691278000000004,-88.03106
12,41.783596,-87.95066800000002
12,37.309246,-77.437065
12,26.10206723200749,-80.21818757018937
12,33.931003999999994,-118.28006
12,34.031636,-118.187114
12,32.792393,-96.686105
12,37.56809000000001,-122.275975
12,38.550883,-121.372906
12,25.809446,-80.312034
12,28.55068,-81.55731999999998
12,40.73164600000001,-74.130361
12,37.638721,-120.847681
12,40.84190011005,-73.94535899127031
12,34.833031,-82.271202
12,29.9788892267705,-90.11300682978576
12,36.007303,-86.65346600000002
12,38.342963,-122.00687
12,37.837614,-122.48301399999998
12,27.458366,-82.575363
12,43.700768,-123.26017
12,34.067291,-117.554314
12,41.86906,-71.89095999999998
12,27.462412,-82.606778
12,34.035095,-118.333626
12,41.673588,-72.84788499999998
12,41.540184,-120.459877
12,35.595397999999996,-82.41442099999998
12,46.560562848822784,-112.3361170286544
12,40.779694,-73.943901
12,43.061356,-83.674133
12,45.302612,-121.764935
12,35.418893,-119.04958
12,42.929976,-85.65448
12,46.42514348007953,-114.09521698897316
12,34.261756,-117.207644
12,32.26576,-90.13825
12,34.995376,-85.25358
12,47.880531,-122.236221
12,33.959985,-118.289349
12,27.770861,-82.730049
12,28.171777,-81.448828
12,26.68089,-80.16525
12,37.380498,-77.41195
12,37.62048,-77.54643
12,38.873337,-123.659935
12,25.945405,-80.14745500000002
12,30.439394,-97.790382
12,34.03093,-117.328346
12,32.786541,-96.805244
12,37.934545,-78.097049
12,28.568399,-81.28358
12,45.516906,-122.667076
12,34.11155,-118.24714
12,25.700187,-80.40494699999998
12,45.403517,-122.744473
12,29.512461,-98.55285
12,33.18238,-117.30033
12,33.63908,-117.731339
12,37.628397,-121.802692
12,39.460076,-76.30259000000002
12,38.67108,-121.59607
12,34.636359999999996,-86.56716899999998
12,35.752441,-78.592606
12,34.14841,-118.37226
12,26.64785,-81.598153
12,25.65339,-80.38587
12,40.032368,-76.296127
12,27.839643,-82.78705
12,38.19585,-87.28938000000002
12,36.969235,-121.760576
12,40.427547,-79.890839
12,40.016158,-75.052162
12,33.947379999999995,-84.14019
12,41.359857,-73.634571
12,37.544518,-77.45585600000003
12,33.235098,-87.413389
12,36.196794,-119.822559
12,38.351089,-77.457893
12,30.271252,-98.437947
12,34.875664,-86.875404
12,34.051646999999996,-118.213913
12,33.792038,-84.392403
12,25.571995,-80.327217
12,33.235741,-87.64917
12,38.557892,-121.386315
12,35.386066,-118.986259
12,32.206123,-110.79023
12,37.018286,-120.179621
12,37.713193,-121.931895
12,39.134114,-94.567772
12,40.018768,-75.702087
12,33.083889,-97.027367
12,39.04694,-94.439499
12,37.144141999999995,-121.984818
12,34.172043,-118.532448
12,39.862362,-86.122208
12,33.722115,-84.394592
12,41.984764,-88.023193
12,44.880548,-93.024111
12,40.001507,-76.705686
12,36.339523,-121.254868
12,38.71024,-90.2833
12,44.9632,-92.9585
12,41.679137,-81.30325500000002
12,38.52451,-90.40166
12,25.946466,-80.147125
12,30.210747,-90.946968
12,33.294823,-117.459549
12,42.370834,-83.216698
12,40.624267,-74.216536
12,32.86224,-96.893089
12,32.78459,-96.76873
12,34.829315,-86.571396
12,45.803722,-108.421608
12,27.996335,-82.54929
12,41.234069,-77.04390699999998
12,30.299883,-97.71667
12,35.076302,-81.732382
12,38.904107,-77.018215
12,40.06129145603151,-75.3234136100992
12,33.835834999999996,-84.381966
12,35.150795,-78.724915
12,40.99691,-81.493942
12,40.857166,-73.968475
12,32.86397,-83.65235200000002
12,37.465378,-122.290833
12,43.037174,-86.22014
12,34.9526917932751,-120.39589762630274
12,32.914359999999995,-96.740433
12,25.888278,-80.164008
12,44.94308352448967,-93.07706236794913
12,42.02425,-88.306625
12,41.493214,-94.660255
12,34.034374,-118.026855
12,38.64347577,-90.44903398
12,28.363126,-81.452177
12,35.642685,-78.838951
12,25.879665,-80.35614
12,34.027588,-118.452593
12,40.72875,-74.104093
12,28.56681,-81.206435
12,33.69548678382065,-84.49980854947805
12,28.48624,-81.44006
12,33.882659000000004,-117.643637
12,39.00782,-77.447281
12,43.43404,-124.22072
12,25.837699,-80.249607
12,41.28397,-96.075142
12,40.35198,-75.9606
12,31.621122,-110.718551
12,30.419690999999997,-87.241325
12,34.05555,-118.00372
12,33.876687,-118.107097
12,41.98328,-87.86613
12,32.192003,-110.840007
12,34.039207,-81.094528
12,37.433433,-77.431637
12,42.384207,-122.368058
12,30.300904,-81.64040899999998
12,35.769546999999996,-78.58171800000002
12,40.15538400000001,-122.223503
12,32.513965999999996,-93.731377
12,38.40144,-121.91701
12,30.307819,-97.985687
12,38.631273,-121.504832
12,43.810639,-121.433029
12,35.148540000000004,-80.83086
12,39.923653,-86.22850799999998
12,40.13324,-75.448135
12,27.526241,-82.615916
12,33.803187,-118.070599
12,33.911961,-84.207985
12,31.688444,-106.320229
12,28.358288,-81.572639
12,35.659279,-119.07756
12,47.068259999999995,-122.717735
12,37.654442,-113.082512
12,35.30505,-80.858368
12,35.56624,-82.544219
12,34.712543,-82.256336
12,30.174549,-81.745323
12,33.54636,-86.5859
12,39.788414,-84.183693
12,25.947208,-80.15404000000002
12,25.687316,-80.384433
12,30.00646,-90.03324
12,36.96125,-78.26728100000003
12,34.37611,-80.05281
12,37.95972800000001,-120.311211
12,38.866413,-77.05413
12,40.57643,-74.62992
12,30.478299,-84.009274
12,28.232643,-81.649187
12,34.819857,-82.26783499999998
12,42.13681,-124.35019
12,41.84818,-87.61743
12,33.452346999999996,-82.054741
12,36.667631,-77.555655
12,38.57493,-121.55185
12,30.26497800000001,-97.746597
12,33.860275,-84.292908
12,34.137737,-118.013873
12,41.82872,-88.105362
12,41.133247,-76.469668
12,39.725651,-75.584358
12,38.998123,-120.875008
12,39.733608,-86.04405200000002
12,39.895073,-86.053185
12,40.068136453437475,-75.66753029787222
12,37.200414,-77.415929
12,30.294359000000004,-81.601812
12,28.259744,-81.48618
12,47.722095,-122.324459
12,41.96345,-73.33443
12,33.803674,-117.505503
12,25.76339,-80.336261
12,28.172971,-82.436545
12,33.950924,-80.989655
12,42.244514,-85.561287
12,33.036819,-80.204788
12,38.610461,-121.385467
12,34.033368,-118.027845
12,33.960018,-118.283743
12,32.804243,-96.627255
12,36.127067,-95.895607
12,39.431759,-87.336449
12,25.893096,-80.209338
12,36.593657,-121.874494
12,30.407621,-91.101707
12,40.096267,-74.74240400000002
12,40.862473,-73.872179
12,28.553123,-81.37948
12,41.87318,-71.38745899999998
12,39.905636,-111.05941
12,33.920464,-112.144022
12,38.660713,-77.325353
12,42.81381,-78.79428
12,34.147003000000005,-118.227173
12,25.898729,-80.186768
12,44.776844,-93.27829
12,43.250225,-123.220262
12,38.670748,-77.25293
12,33.437149,-112.198273
12,41.06271,-73.86224399999998
12,31.758274,-106.486694
12,26.416851281993782,-80.17162442169106
12,30.314061,-81.662628
12,29.974375,-90.064796
12,40.691647,-73.999306
12,41.720368,-72.793705
12,28.181019,-81.74335500000002
12,30.02988400000001,-89.993477
12,39.752293,-86.144063
12,36.133274,-95.944801
12,28.357135999999997,-80.69207
12,29.445302,-98.636357
12,39.682239,-75.465663
12,34.074238,-117.488861
12,33.526653,-86.660156
12,34.002173,-117.351482
12,39.776858,-77.009431
12,38.9547,-94.73422
12,38.804666,-76.998725
12,35.767521,-119.22319
12,34.33477,-118.509285
12,42.55325300000001,-82.872597
12,37.166393,-93.295359
12,39.593117,-76.066345
12,41.567813,-77.136895
12,33.533103999999994,-79.355315
12,40.797654,-73.919834
12,37.732083,-121.632882
12,44.888967275405456,-93.2470071311319
12,37.506891,-122.338733
12,38.837208,-77.44702099999998
12,38.9392,-76.9399
12,40.7365,-74.97577700000002
12,47.5793,-122.213811
12,25.833117,-80.206261
12,45.39749000000001,-122.27047
12,41.22027,-73.0798
12,25.684783,-80.43155
12,39.497516999999995,-76.3274
12,42.702241,-73.83436999999998
12,29.811138,-95.346275
12,34.003658,-118.411835
12,28.605507,-81.386688
12,37.50998,-122.34376
12,25.702121,-80.337124
12,35.39461,-90.26868
12,42.197283,-87.984751
12,44.97628,-93.20092
12,45.735003000000006,-123.933555
12,36.917454,-121.825153
12,39.33654600000001,-120.174034
12,25.928492,-80.212063
12,32.926289000000004,-96.820709
12,34.929899,-80.833634
12,42.161031,-88.05064499999997
12,37.731049,-88.958916
12,43.406464,-118.58933
12,25.887227,-80.16431700000003
12,27.351321,-82.547009
12,35.82415200000001,-78.378642
12,48.284044,-99.432761
12,31.746537,-106.301845
12,33.44466,-79.122917
12,25.837105,-80.321648
12,28.259602,-81.591826
12,34.003265,-118.411209
12,38.4781,-120.007751
12,32.83908963187771,-117.13518977109368
12,33.931020000000004,-118.363834
12,32.729836,-97.298346
12,41.073761,-73.801773
12,42.556236,-82.860222
12,36.845263,-76.262855
12,27.890976,-82.335267
12,38.521526,-121.768181
12,39.536358,-119.786186
12,41.37935042,-75.57871699
12,35.60918,-97.513779
12,38.116043,-121.215019
12,36.842415,-76.136698
12,37.59457800000001,-120.96021299999998
12,36.347618,-86.716713
12,40.105095,-84.627178
12,37.685207,-122.129837
12,35.352222,-118.985278
12,37.6461,-77.61578
12,34.024857,-118.42836
12,33.816158,-84.421886
12,25.812796354170732,-80.13609051666195
12,40.838055,-74.179837
12,43.426716,-70.73279000000002
12,29.80736,-95.33622
12,38.086477,-121.278432
12,25.866604,-80.323013
12,38.188774,-85.783417
12,34.908939000000004,-91.196554
12,35.843178,-78.841545
12,34.183151,-117.434923
12,35.151466,-90.040764
12,34.120463,-117.732213
12,40.544487,-111.894859
12,36.914081,-76.263968
12,33.515415000000004,-82.066055
12,31.783309000000006,-85.956548
12,33.864616,-87.417773
12,25.73417,-80.302918
12,33.780590000000004,-118.090195
12,35.950932,-78.99897800000002
12,34.04788,-84.17751
12,29.676028999999996,-95.380898
12,36.16855200000001,-86.788322
12,33.309158000000004,-82.055763
12,34.238221,-118.63596
12,34.154522,-118.396576
12,44.97692,-93.281085
12,40.002311,-75.273427
12,29.48023,-98.361053
12,30.0271,-90.0207
12,40.76535,-73.71809
12,38.74883300000001,-121.331547
12,41.10181400000001,-73.99185899999998
12,47.79258400000001,-122.209521
12,33.538441,-112.151436
12,30.443451,-91.182556
12,33.904877,-79.046661
12,37.866853000000006,-121.218916
12,32.414116,-90.139038
12,40.76225,-73.72901999999998
12,43.092899,-76.089745
12,40.53465,-112.29847
12,40.52127,-111.89098
12,45.28932452180247,-93.7646949286758
12,38.940809,-77.205732
12,38.007179,-122.030151
12,34.983738,-81.973099
12,29.819382,-95.468811
12,33.93583,-118.09295
12,34.110945,-118.184498
12,28.373087,-81.24441800000002
12,25.890484,-80.18144000000002
12,37.737488,-122.402245
12,41.84775,-124.142967
12,35.144746000000005,-80.927865
12,45.558643,-94.130135
12,32.95332,-96.910782
12,38.91112,-104.71974
12,38.190163,-85.767288
12,39.612961,-123.377319
12,45.316411,-93.560609
12,47.431422999999995,-122.271233
12,43.85527,-117.605728
12,30.17411,-97.79892
12,41.46638,-81.75515
12,40.721644,-74.00723
12,41.590363,-87.681084
12,35.025323,-85.158214
12,38.71589,-90.294755
12,34.169216,-118.595634
12,34.837894,-81.970726
12,40.63032000000001,-111.85837
12,37.55014,-122.054718
12,40.603585,-124.175474
12,39.37056,-94.37102
12,31.752644,-106.345192
12,28.260864,-81.331642
12,40.091911,-75.40855400000002
12,40.544487,-111.894859
12,34.876868,-82.424826
12,29.819340000000004,-95.473747
12,30.4487,-91.138916
12,33.641945,-117.931969
12,34.13416743262227,-86.86776995617453
12,32.660587,-117.110117
12,31.744921,-106.320381
12,41.295667,-112.02774
12,34.63303685171779,-79.3408906456025
12,34.153826,-117.18684
12,34.92986083014045,-91.1053168769307
12,33.394108,-86.665079
12,33.090728999999996,-96.681305
12,32.876354,-85.153346
12,38.510459999999995,-121.780464
12,42.965135,-85.67025
12,39.170879,-76.730705
12,42.356045,-83.08099399999998
12,40.241611,-76.17564399999998
12,37.557537,-77.947792
12,28.847628000000004,-81.202047
12,29.708998,-95.670387
12,37.704182,-121.735611
12,33.872577,-118.275407
12,39.11986,-77.08059
12,37.686629,-122.128754
12,45.141362,-93.497266
12,33.039089000000004,-80.143509
12,39.55776,-75.239729
12,41.916613,-87.66919
12,38.624297,-121.229643
12,37.643708,-122.093229
12,33.442001,-86.729675
12,34.549141,-82.630753
12,43.152299,-77.595836
12,34.893852,-82.344002
12,34.311085,-81.574554
12,38.560589,-121.458344
12,32.59724,-117.088997
12,44.58609223344524,-117.84812092724871
12,25.846986,-80.211189
12,37.549454,-79.66598499999998
12,28.915572,-81.674679
12,44.330463,-123.061299
12,43.1562,-124.39388999999998
12,38.458763,-122.422783
12,30.36825,-91.074501
12,28.395379,-81.4045
12,34.021203,-117.338082
12,44.888532,-93.442775
12,42.338715,-88.004677
12,31.745347,-106.320187
12,37.652456,-121.906064
12,38.869202,-77.30624399999998
12,33.235737,-117.407084
12,29.98185,-95.422775
12,43.03812,-85.82664
12,40.08671,-75.12795
12,33.695612,-117.93528700000002
12,30.299999,-97.700333
12,36.114747,-86.78668499999998
12,33.125386,-84.82115300000002
12,30.48870205864673,-91.16602063135544
12,36.069247999999995,-86.68943
12,38.957452,-76.341476
12,41.035919,-81.566971
12,38.759537,-90.094635
12,39.775146,-120.576821
12,34.039827,-118.212242
12,34.72361,-82.787712
12,33.672270000000005,-80.89782
12,32.17767,-110.94488
12,30.812946000000004,-88.155212
12,39.984351,-75.825261
12,46.761749982610894,-92.88289189294392
12,40.84508,-73.91223000000002
12,35.777813,-78.560852
12,38.76482,-112.555229
12,38.809216,-90.29895
12,42.912737,-85.639189
12,47.163231,-122.479797
12,34.068378,-117.80012
12,41.27030900000001,-112.026642
12,33.605946,-114.537521
12,34.231709,-118.404099
12,34.149409999999996,-112.149406
12,39.78046,-86.219803
12,33.638226,-112.237747
12,36.667365,-76.962293
12,35.19591,-80.82725
12,37.874507,-122.306036
12,38.37637700000001,-121.362192
12,30.266367,-81.61775
12,39.16537,-94.49441
12,38.682224,-121.378021
12,37.220149,-93.311943
12,42.847525,-106.228033
12,26.547684000000004,-81.78012199999998
12,47.58813,-122.23404
12,32.760303,-97.161661
12,37.719659,-121.452973
12,40.237357,-74.535165
12,34.210964000000004,-82.148765
12,40.856753999999995,-82.25753
12,40.001058,-75.079004
12,33.940923,-117.249238
12,34.303253000000005,-118.479774
12,35.78606,-78.687057
12,29.785111,-95.559153
12,27.894754,-82.72901800000002
12,37.539267,-122.017457
12,28.56829,-81.26472
12,41.122959,-73.316486
12,37.976479,-78.212906
12,29.668669,-95.434784
12,45.46632,-123.76252
12,47.72137100000001,-122.344948
12,46.738808,-92.184525
12,37.787476,-122.197296
12,30.264691999999997,-97.749161
12,39.098241,-94.873271
12,37.013603,-76.455437
12,40.828812,-73.931374
12,40.27553,-76.81744
12,25.767929,-80.263535
12,36.15875,-86.81855
12,34.06538,-117.31818
12,35.19029600000001,-80.762352
12,33.766319,-84.52655
12,30.742764,-88.089546
12,30.03785,-95.05018
12,37.535711,-77.339382
12,39.53849,-77.73939
12,33.91175,-118.180134
12,33.696209,-112.237671
12,35.022824,-90.823221
12,25.812418,-80.205928
12,25.851789,-80.207893
12,32.479211,-93.754534
12,32.341699,-95.290915
12,41.750454,-88.04079399999998
12,35.337994,-84.752831
12,35.86417078954761,-78.81910443268384
12,41.013031,-73.849953
12,35.289792,-80.79567
12,45.46954750993028,-122.68045306147248
12,34.86362800000001,-82.686829
12,30.43685300000001,-91.159706
12,34.037717,-117.805066
12,33.81863,-117.51502
12,29.457982,-82.475448
12,45.39637800000001,-122.747055
12,40.946701,-73.850052
12,33.58032,-117.67162
12,36.190022,-79.985603
12,40.440552,-79.760506
12,30.265671,-97.731094
12,42.33117,-71.06211
12,40.451667,-79.160476
12,41.62186503390493,-72.72750735248219
12,34.591107,-81.915276
12,35.902039,-78.807571
12,36.842012,-76.221775
12,41.76631808261029,-78.71870398483888
12,37.3427,-121.901165
12,37.364949,-121.904075
12,36.038386,-86.786264
12,45.082928,-93.402077
12,30.46455,-88.42361
12,38.690601,-121.410599
12,38.932552,-104.795967
12,44.29285168626645,-117.2264063352717
12,32.351760999999996,-111.046822
12,40.241276,-75.242897
12,40.917049,-73.781097
12,30.510479,-87.221447
12,34.145843,-117.300757
12,29.775558,-95.410683
12,40.787881,-74.049222
12,40.73848,-73.806984
12,37.364136,-122.124481
12,30.517190999999997,-91.177208
12,26.58153,-80.06908
12,27.123240000000006,-80.27521999999998
12,42.38519,-87.96339
12,40.110546,-74.89119000000002
12,46.31384,-92.827595
12,41.185134999999995,-96.108948
12,34.138988,-80.882774
12,43.093327,-88.90876
12,44.8128,-93.60218
12,34.132659999999994,-117.50008
12,36.010674,-83.841911
12,44.787761,-122.685697
12,44.54078300000001,-88.026782
12,26.527889,-81.871284
12,32.728324,-96.763211
12,33.809642,-118.288886
12,35.603992,-80.85925300000002
12,33.33909630759554,-117.23852992001896
12,39.27967429,-122.18274236
12,44.68095,-111.199966
12,38.45553,-81.92928
12,43.147244,-76.353325
12,34.034954,-118.33371
12,29.32501,-81.116493
12,36.571751,-79.871544
12,39.890543,-75.105649
12,33.114571000000005,-97.028969
12,32.363648,-86.136771
12,30.167121,-97.790925
12,34.051181,-118.005909
12,39.21602,-84.53113
12,40.783203,-73.532364
12,28.684879,-81.388993
12,48.514655,-121.680519
12,33.884903,-117.633461
12,30.477378,-81.64471
12,40.131318,-75.327524
12,33.53203,-112.042871
12,32.83908,-96.633026
12,32.857654,-96.751402
12,35.441532,-119.084542
12,35.752441,-78.592606
12,39.987441,-76.668256
12,34.819702,-82.276352
12,30.49542000000001,-91.154602
12,29.973774,-90.054786
12,27.893647,-82.724875
12,33.872710999999995,-118.284805
12,39.774037,-84.159689
12,33.195751,-80.604897
12,41.909523,-71.891632
12,40.699871,-111.876938
12,25.7866,-80.212509
12,25.784343,-80.292688
12,25.627093,-80.38489
12,33.880151,-117.565244
12,40.027996,-75.95715799999998
12,35.151953000000006,-80.836391
12,35.095355,-81.03303100000002
12,43.605976,-116.60206200000002
12,35.3329,-85.933738
12,25.734651,-80.335876
12,34.80545,-82.228661
12,37.061423063101465,-76.42067313157834
12,38.01176,-121.866217
12,35.060149,-80.812747
12,34.15955,-118.46169
12,33.86965900000001,-117.672104
12,32.78109,-117.085228
12,27.079983,-82.424925
12,43.729382,-71.423859
12,39.736061,-84.093002
12,33.916922,-118.370236
12,35.147853999999995,-80.896591
12,42.112301,-75.939049
12,36.157978,-86.77265200000002
12,32.694527,-117.131485
12,31.252709999999997,-92.438316
12,36.112801,-86.766937
12,37.152908,-121.652679
12,32.782127,-96.811897
12,44.862391,-93.486161
12,36.32765650731884,-119.20911669674295
12,33.51365,-86.79241999999998
12,35.038945,-85.027955
12,42.345071,-88.277225
12,33.352965999999995,-84.12485500000003
12,40.780458,-124.138991
12,34.45114,-118.154078
12,42.738365,-73.78363
12,41.88815,-88.15106999999998
12,33.122654,-97.034393
12,38.083523,-120.963387
12,37.215687,-79.196213
12,44.563932,-123.240002
12,39.178105,-77.96797
12,29.721984999999997,-95.36734
12,25.733243,-80.333047
12,28.765534,-80.892142
12,40.13029,-75.452146
12,29.981114,-90.113496
12,35.211449,-80.686699
12,35.276035,-80.727133
12,33.771179,-84.371765
12,33.97374,-118.381531
12,25.80919,-80.206091
12,37.664631,-121.028005
12,32.792393,-96.686105
12,25.89248,-80.37441700000002
12,40.196274,-75.138
12,35.464188,-97.622498
12,34.544182,-82.699463
12,33.565273,-84.320702
12,36.987851,-121.944415
12,37.750099,-122.39225
12,32.653584,-116.35106299999998
12,32.924747,-96.798807
12,29.356449,-98.415077
12,25.769469,-80.33806899999998
12,25.954394,-80.17726
12,33.69582,-117.935143
12,30.45602,-91.09803
12,35.09021,-89.87068199999999
12,41.519508,-74.020416
12,33.728001,-84.761978
12,33.998259999999995,-117.369415
12,41.66721,-71.500519
12,35.32239000000001,-80.73305
12,38.311294,-79.38422
12,41.73578300000001,-87.663094
12,36.222129,-86.62527299999998
12,25.80823,-80.267622
12,35.31175,-80.71059
12,34.083912,-80.939003
12,47.230791,-122.44312
12,38.49800000000001,-85.25164000000002
12,38.96308300000001,-94.426196
12,38.524757,-121.46745
12,33.738468,-84.40819499999998
12,25.745328,-80.22323
12,30.498046,-81.638475
12,34.054078999999994,-118.45091200000002
12,39.804283,-86.16674
12,42.965874,-85.70658900000002
12,39.973541,-83.012718
12,28.246016,-80.729727
12,33.406875,-80.302676
12,37.631477,-122.084183
12,37.739334,-121.59082
12,34.055349,-80.95750600000002
12,39.575177,-76.13216899999998
12,34.03067,-117.6067
12,35.114655,-80.92411
12,40.106705,-83.178391
12,27.734125,-82.674003
12,33.777,-84.605583
12,38.567673,-121.506721
12,38.729928,-120.812893
12,40.84478,-73.90484000000002
12,29.784777,-95.617798
12,39.6676,-104.92092
12,33.870397,-118.100437
12,40.813567,-73.939573
12,39.267662,-76.625099
12,32.836658,-97.362507
12,33.61798167212668,-117.71126389447348
12,30.47912800000001,-90.48909
12,39.845989,-75.425667
12,36.194401,-86.77233100000002
12,40.078964,-76.294952
12,33.523907,-111.887192
12,34.037234999999995,-118.284027
12,39.630096,-84.19540400000002
12,33.95585,-84.51659000000002
12,34.135467999999996,-117.964355
12,38.90267100000001,-77.202752
12,30.399061,-91.054188
12,33.569097,-79.033118
12,28.554456,-81.413973
12,38.232421,-77.498065
12,41.32822,-73.59029
12,27.820092,-82.728432
12,26.547684000000004,-81.78012199999998
12,35.30716,-80.87103
12,33.874908000000005,-78.62509200000002
12,32.72432,-96.76198
12,42.361360788143344,-83.07306647261106
12,45.83259,-122.84099
12,32.786019,-97.321161
12,34.457536,-78.04993
12,38.979923,-77.319041
12,36.313061,-82.41954
12,32.796816,-117.149385
12,32.781784,-96.814476
12,30.512955,-87.218758
12,25.660045,-80.416037
12,44.939541,-93.274826
12,34.03242,-117.326687
12,39.992207,-75.24570899999998
12,39.553619,-115.989693
12,42.23797,-123.04011
12,30.418206,-91.176575
12,32.492711,-93.777529
12,40.766403,-73.89363900000002
12,37.25331,-76.73088800000002
12,25.890108,-80.189852
12,38.683712,-90.218964
12,32.779312,-117.06636
12,28.491567,-81.430616
12,37.69086241704135,-122.08517432154616
12,25.925124,-80.30846700000002
12,35.39439799999999,-97.265381
12,26.062872,-80.163872
12,45.51142,-92.98246
12,41.945097,-91.670719
12,42.08115,-91.2733
12,39.93147254,-74.95251775
12,34.273379999999996,-118.590454
12,38.92520800000001,-123.056266
12,33.985199,-117.54908
12,44.916286,-122.988945
12,42.167736,-87.921776
12,39.824234,-75.08197
12,36.142864,-85.367805
12,45.680146,-108.715045
12,42.043739,-88.278183
12,29.731540999999996,-95.480385
12,47.234619,-122.48513
12,30.40823,-91.127373
12,29.695181,-95.426735
12,34.045390999999995,-117.310844
12,30.390197,-91.078538
12,44.59145,-117.46808
12,38.70951,-121.360455
12,33.464394,-112.358101
12,34.02896046622262,-118.03439497891408
12,36.127906,-86.843183
12,38.522782,-122.78714
12,40.900200605197426,-73.88647913897569
12,33.99612,-84.55899000000002
12,35.087799,-80.845161
12,43.220531,-77.598747
12,47.532219,-122.197449
12,32.764601,-96.914668
12,34.527123,-82.669137
12,45.804016,-108.43453999999998
12,30.547252,-87.28258100000002
12,28.595345,-81.307089
12,30.186954,-81.734002
12,40.905801057620494,-74.18838858569055
12,33.909977000000005,-117.281638
12,33.973839,-80.955177
12,35.889193,-77.939301
12,38.573491,-121.467931
12,34.066422,-117.990881
12,34.771111,-86.585953
12,39.024048,-84.565826
12,34.753899,-86.740997
12,33.961012,-118.282705
12,27.215226,-80.400255
12,33.251305,-86.798424
12,34.01467,-117.08389
12,40.726421,-113.258698
12,30.468390000000007,-91.16681
12,34.156441,-118.255173
12,35.224606,-80.84208100000002
12,30.353322,-97.725024
12,30.315489000000003,-81.7631
12,35.171303,-80.745361
12,30.291591,-97.678935
12,33.808479,-84.417816
12,38.061801,-121.373745
12,43.110249,-83.694305
12,35.789234,-78.69455
12,33.706169,-78.909897
12,33.941031,-117.23861200000002
12,33.38471,-111.96764
12,40.989391,-73.67456800000002
12,33.13598,-82.399666
12,25.706561,-80.285439
12,33.774303,-118.08313
12,36.04653954488732,-79.7648942466747
12,45.49744000000001,-118.4179
12,34.456051,-118.615799
12,28.55323,-81.205651
12,42.516489,-83.660382
12,35.439419,-97.519897
12,38.524911,-121.460026
12,33.886253,-117.517715
12,43.14321500000001,-77.575172
12,35.775749,-78.643608
12,28.553258000000003,-81.38014
12,47.48628,-94.91972
12,39.867946999999994,-75.102425
12,33.148540000000004,-82.38672
12,32.6772129534117,-86.51041388470405
12,41.595879,-93.621559
12,28.087989,-82.46094000000002
12,26.168938,-81.05765600000002
12,33.813592,-118.167537
12,39.026419,-123.382068
12,37.808549,-122.312184
12,29.77570900000001,-95.263916
12,27.96196,-82.79588299999998
12,44.858727,-93.350273
12,35.859123,-84.072014
12,38.000759,-120.266998
12,41.919159,-87.939735
12,35.219373,-80.224907
12,34.823883,-82.291893
12,40.772931,-80.074726
12,47.61266,-122.33741
12,40.87793,-73.90406
12,32.299297,-95.304452
12,31.354204,-89.343529
12,29.805940000000003,-95.355434
12,29.744303,-95.362228
12,46.182164,-123.860519
12,40.72612,-73.904205
12,40.82483,-73.93111999999998
12,38.866088,-77.050676
12,39.999131,-75.230899
12,34.056339,-118.241272
12,37.518269,-120.883507
12,36.381344,-86.49827900000003
12,40.801018,-73.82914
12,39.82517,-76.68397
12,30.408747,-98.107279
12,44.965805,-93.26947
12,34.173382000000004,-82.3741
12,43.104321,-83.773659
12,39.567928,-76.979663
12,40.309696,-74.303984
12,33.647678000000006,-112.039513
12,32.708709999999996,-96.657051
12,47.860441,-121.975474
12,42.87886,-85.36581
12,28.046179,-99.349636
12,34.765434,-86.87728100000002
12,27.965618,-82.795891
12,25.70247,-80.29176600000002
12,33.71981978400364,-117.79475569668872
12,37.33255,-122.055733
12,30.430031,-91.056488
12,33.01899,-96.70905
12,25.67974,-80.38894
12,45.059788,-93.147446
12,45.223087,-123.19481299999998
12,43.186023,-95.659952
12,42.760193,-124.49758500000002
12,32.851185,-96.821236
12,41.874249,-88.032997
12,38.854343,-77.388855
12,46.947232,-114.123753
12,25.934586,-80.12179499999998
12,32.62489,-117.04171
12,34.898154999999996,-82.413147
12,32.680879,-96.596609
12,37.560647,-121.908351
12,34.023765999999995,-117.770889
12,37.970806,-122.320381
12,25.760893,-80.39527199999998
12,38.975952,-77.316627
12,44.130012,-73.188693
12,34.081753000000006,-117.709263
12,35.946439,-78.537492
12,40.54428,-111.898657
12,39.794128,-84.190163
12,35.957329,-78.413208
12,30.423164,-91.138969
12,47.66829,-122.32237
12,30.152021,-92.042992
12,41.983528,-87.818359
12,33.698892,-84.269515
12,37.181769,-93.244083
12,33.186012,-80.60988499999998
12,28.522855,-81.308341
12,33.722268,-117.792289
12,30.093781,-97.742354
12,33.17176,-87.285299
12,31.803859999999997,-106.23336
12,34.185817,-118.217363
12,33.776878,-79.021149
12,34.033252000000005,-118.130623
12,32.327114,-86.264763
12,41.358266,-72.21294
12,38.871368,-77.044258
12,33.92819,-118.29621000000002
12,26.120974,-80.20193499999998
12,33.426872,-86.95436
12,38.153972,-121.677813
12,39.3607,-76.477698
12,34.157818,-118.45282
12,34.194774,-82.163829
12,40.407127,-104.993233
12,38.02123,-79.14041
12,35.742634,-78.640602
12,34.321428537205115,-118.496743440063
12,37.49189000000001,-121.91919
12,35.224297,-80.890915
12,42.956818,-71.435829
12,40.76675,-73.95071999999998
12,33.398959999999995,-111.563393
12,38.2612287996375,-121.29808545054767
12,37.68882,-122.135109
12,30.445517,-91.034218
12,40.665031,-87.036171
12,32.791729,-117.15891299999998
12,45.25074,-123.84811
12,45.101994,-123.699883
12,47.234881,-122.425849
12,32.71746,-117.11356
12,32.297321000000004,-110.978348
12,42.321919,-83.738098
12,28.465244,-81.39688100000002
12,40.131481,-76.796516
12,39.848934,-104.985458
12,37.097343206228736,-93.23209404900916
12,33.993860999999995,-117.355824
12,30.357311,-90.985268
12,25.685034,-80.428354
12,32.674981355511306,-97.13470816565928
12,34.01709,-117.817112
12,35.103725,-80.771362
12,39.407203,-77.387656
12,34.072519,-118.0644
12,34.136261,-117.473856
12,34.030141,-118.409453
12,34.755978000000006,-92.262245
12,40.822384,-122.66272
12,24.662509,-81.268118
12,38.148747682389505,-122.38073229731376
12,36.062824,-79.870583
12,32.975165999999994,-96.823509
12,45.5136430261349,-122.56531119288178
12,34.064580201940224,-117.79645085278608
12,35.645573,-78.462601
12,45.51589,-122.69827
12,41.232647,-95.853951
12,40.19767,-74.7942
12,33.958523,-118.240807
12,37.694402,-121.920235
12,37.519625,-77.48899200000002
12,42.48975,-83.28475999999998
12,42.976015805993185,-78.77966523132906
12,42.165668,-72.431435
12,40.00528693180081,-75.07568478548491
12,35.807701,-78.624634
12,38.680338,-77.25841700000002
12,33.91137,-118.16769
12,34.070541,-117.610542
12,32.7554,-117.132648
12,46.721444,-113.55468700000002
12,40.773563,-74.034622
12,38.362333,-81.641627
12,30.159691,-92.052299
12,29.18639000000001,-82.197784
12,28.533790000000003,-82.48029
12,37.317062,-121.974922
12,25.656445,-80.41259000000002
12,44.862789,-93.497734
12,28.77158,-80.893562
12,35.16900658590713,-90.18643498377708
12,34.480265,-118.292675
12,37.991226,-122.529732
12,37.6039,-77.46741
12,39.7708,-104.808419
12,33.585964000000004,-86.69725799999998
12,41.943644,-77.699189
12,45.697922,-120.815369
12,33.809109,-117.835745
12,36.93216205,-76.26654267
12,40.845118,-73.914208
12,32.781433,-97.320427
12,42.506254,-83.44580699999999
12,38.75382000000001,-90.33921
12,33.596088,-81.94027700000002
12,41.709045,-72.646126
12,27.93755,-82.32975
12,36.086601,-86.771959
12,27.269516,-82.44865899999998
12,32.325047,-110.937454
12,37.658887,-122.474775
12,38.572299,-121.336973
12,38.561596,-121.896088
12,27.388156,-82.46296600000002
12,35.875938,-78.540314
12,34.146505,-118.36995
12,33.41992,-86.69435
12,45.515005,-122.667547
12,47.209329,-122.331345
12,42.03912,-87.868408
12,40.821916,-111.91648
12,29.69918847069884,-81.55463576277945
12,30.403283,-91.082266
12,30.203296999999996,-97.775352
12,41.72966837863097,-72.61680722202006
12,42.383831,-71.020821
12,26.547537,-81.784631
12,44.933388,-92.162764
12,34.068574,-117.974744
12,28.573887,-81.197743
12,33.520512,-117.61638899999998
12,38.828603,-77.633416
12,30.271644,-97.817593
12,32.924104,-80.69497700000002
12,30.252459,-97.735481
12,37.2503578661096,-93.26771378472677
12,40.19292,-75.52223000000002
12,26.172243,-80.156988
12,35.143478,-81.503357
12,27.969267,-82.453796
12,40.31052,-79.614082
12,34.93438,-82.0028
12,29.719917,-95.379753
12,29.987329,-95.336296
12,39.096065,-84.522359
12,41.851563,-87.926048
12,35.84226599999999,-78.32811
12,40.430279,-79.957367
12,41.16399000000001,-73.35781
12,41.563761,-73.904749
12,27.9963,-81.952316
12,35.25059500000001,-80.760918
12,33.99425,-117.88854
12,32.206823,-110.927774
12,40.78339,-73.985443
12,40.88884,-76.792862
12,35.83470900000001,-78.602211
12,35.106165000000004,-106.608578
12,42.990848,-83.660064
12,35.223959,-80.620497
12,34.049628999999996,-83.929588
12,33.740145,-117.068225
12,35.132858,-106.609756
12,35.903996,-78.769699
12,47.932858,-97.103161
12,30.366555,-91.06953
12,35.589008,-78.799583
12,33.873833000000005,-116.49718500000002
12,43.023319,-71.444366
12,39.537031,-121.584671
12,32.375929,-90.21222
12,34.088688,-118.475462
12,35.37265,-80.787979
12,31.18207,-85.40167199999998
12,34.112825,-79.632737
12,28.55085,-81.64478000000003
12,33.543198,-117.67382
12,35.82132100000001,-119.258665
12,33.744976,-84.390343
12,38.87621,-104.835126
12,32.706103999999996,-96.796532
12,27.338223,-82.446991
12,33.640751,-117.733345
12,39.798805,-110.7845
12,33.765316,-117.920223
12,39.925405,-86.249951
12,29.457174,-98.515484
12,41.16172,-112.02603
12,38.43132,-122.7094
12,36.961319,-122.062172
12,32.886196000000005,-96.704148
12,40.100871999999995,-76.082245
12,25.86554,-80.20855
12,33.911751,-118.180145
12,34.02766,-81.101639
12,39.966172,-75.186689
12,33.432218,-112.187393
12,33.745075,-84.42698100000001
12,33.809749,-118.289155
12,39.912975,-75.571826
12,40.711409,-96.305738
12,35.239494,-85.846947
12,35.81652800000001,-78.60067
12,30.4487,-91.138916
12,39.01856,-76.92086
12,37.64027,-121.884888
12,28.468715999999997,-81.450417
12,26.187815,-80.15181
12,39.818479,-75.462807
12,40.824249,-74.12661700000002
12,38.90293,-77.023986
12,33.937194,-117.29053600000002
12,34.004677,-117.400146
12,29.746546,-95.360481
12,38.430595,-122.725304
12,42.380314,-83.23539699999998
12,39.266928434184706,-77.7679359909164
12,35.172262,-80.854105
12,42.463318,-123.319763
12,38.04737,-122.23519
12,43.177135,-83.764229
12,41.199462,-79.495453
12,36.988117,-121.99887
12,34.823883,-82.291893
12,41.291606,-75.049385
12,33.805264,-79.010056
12,38.596217,-121.414999
12,35.179035,-80.883476
12,33.46154,-112.099153
12,34.066136,-117.29588400000002
12,33.814556,-84.36536600000002
12,42.379452,-83.756912
12,32.702953,-80.871994
12,38.643465,-121.399492
12,28.827592,-81.327427
12,31.78056500000001,-106.384201
12,33.152918,-117.104308
12,34.18553,-118.31751
12,36.77920200000001,-119.565071
12,41.382011,-75.68804200000002
12,42.912662,-85.630024
12,35.029270000000004,-80.387291
12,32.756824,-96.605177
12,33.462685,-112.220184
12,25.674366,-80.309774
12,36.332309,-121.214957
12,36.076913,-95.886511
12,40.044986,-78.597988
12,40.07814000000001,-75.373799
12,36.829121,-76.310829
12,30.399885,-91.08432
12,33.934721,-117.406399
12,34.757427,-82.558052
12,33.98266,-118.39496
12,47.302219,-122.253143
12,25.808772,-80.24969499999997
12,41.31934,-73.71859
12,39.77623,-104.989243
12,43.005306,-83.54026
12,39.384705,-76.73382600000002
12,45.10616183259437,-123.7425005430043
12,35.261253,-80.877037
12,26.621810999999997,-81.099197
12,28.431574,-81.401993
12,25.885921,-80.164713
12,42.802734,-73.764836
12,34.062595,-118.164085
12,29.6935,-96.53704
12,43.146640999999995,-76.113472
12,33.478851,-117.139427
12,29.637136,-81.268341
12,39.064511,-104.248676
12,43.145442,-76.285961
12,38.944852,-75.426479
12,44.89357800000001,-123.22863999999998
12,40.789806,-73.822571
12,45.252534,-121.174593
12,35.216825,-111.582642
12,37.666167,-122.10891200000002
12,37.29134000000001,-121.93673
12,28.661894,-81.38855
12,43.002266,-78.94291199999998
12,38.609765,-121.509899
12,36.71008,-77.08735
12,32.81354,-96.86523
12,30.30217,-97.660423
12,42.558086,-71.26844799999998
12,33.0448,-117.28601
12,35.458836,-97.618843
12,39.721744,-86.049104
12,32.776328,-96.798388
12,40.685612,-112.270645
12,39.016031,-77.029864
12,30.2847,-81.771879
12,30.433646999999997,-81.58003199999997
12,29.79,-95.3719
12,31.3855,-85.57755300000002
12,37.83203,-122.48042
12,42.993568,-78.928352
12,42.232269,-121.774277
12,28.455065,-81.364746
12,25.890318,-80.163545
12,36.338299,-82.593903
12,41.6528,-93.69785
12,38.739537,-77.526089
12,33.65222,-117.74094
12,33.741333000000004,-84.414047
12,45.054999,-93.187779
12,43.830441,-112.194824
12,37.633992,-77.504597
12,42.87175297716679,-78.84822249374939
12,34.060116,-118.21501200000002
12,35.391483,-97.521461
12,30.42687,-91.01442
12,37.98835,-84.525063
12,37.823621,-122.31917
12,35.394051,-97.565514
12,37.688883,-122.135036
12,39.313729,-120.450002
12,28.305786,-80.758942
12,39.445972,-77.392976
12,34.148308,-118.469597
12,38.993192,-78.249978
12,39.01623,-95.74885
12,36.17632,-115.174906
12,38.978642,-77.422699
12,33.872583,-118.276324
12,43.995627,-123.624141
12,38.577995,-121.507371
12,34.438441,-118.597019
12,40.13033,-77.3476
12,43.638851,-95.174706
12,32.835144,-96.779526
12,34.828373,-86.93875899999998
12,27.989698,-82.708919
12,35.493256,-97.513763
12,38.135422,-77.509895
12,33.839195000000004,-84.380112
12,27.559156,-81.442701
12,27.558867,-82.446022
12,29.698389,-95.503632
12,35.868439,-78.54540300000002
12,35.775719,-78.642799
12,34.239542,-117.248331
12,32.897585,-96.898148
12,41.23112,-111.97023
12,41.529413,-79.051477
12,25.891254,-80.186559
12,30.72598099693905,-86.56120419460986
12,32.590675,-96.822388
12,36.755119,-119.749016
12,45.52537,-122.66225
12,29.937440999999996,-95.483231
12,35.945728,-78.640823
12,36.971004,-121.896926
12,35.081429,-89.953682
12,42.508854,-82.96835300000002
12,32.779134,-96.782081
12,45.215006,-93.59072
12,40.371674,-75.520546
12,33.294273,-117.221949
12,39.315513,-77.786387
12,35.211547,-80.69082900000002
12,43.175885,-84.600601
12,41.881221999999994,-87.953232
12,33.483887,-82.08414499999998
12,35.718468,-78.624298
12,26.604065,-81.64679
12,34.973783000000005,-81.896914
12,35.1292,-111.183662
12,36.75637800000001,-121.665047
12,34.032723,-112.146376
12,27.7036,-80.89527
12,35.478611,-97.465317
12,27.71073,-97.723846
12,37.428982,-122.10228
12,38.05423,-109.342728
12,41.182295,-75.432355
12,33.637037,-80.877238
12,25.809926,-80.33578299999998
12,37.393637,-79.902204
12,34.860477,-82.462181
12,33.945372,-118.36828
12,43.679333,-94.440675
12,36.10060900000001,-79.76443499999998
12,34.314196,-117.350313
12,46.004883,-123.915909
12,39.31209683399528,-119.82460856380544
12,32.80669,-96.873611
12,42.220284,-83.68514300000002
12,34.562046,-82.760482
12,34.205490000000005,-118.985143
12,30.347136,-81.668228
12,34.051361,-118.213912
12,30.216175,-93.169937
12,44.988056,-93.236961
12,36.759682,-121.749847
12,36.371941,-119.637039
12,40.221284,-77.146928
12,40.465951,-85.703754
12,39.97923,-82.9814
12,33.982358000000005,-118.286454
12,30.220854,-81.57646899999997
12,29.813131,-95.349174
12,33.93802,-117.12741
12,34.16098,-118.469437
12,25.840029,-80.310419
12,36.8041,-76.089058
12,43.121117,-77.619148
12,35.40624000000001,-97.537
12,28.56370200000001,-81.16024
12,39.495953,-77.56815300000002
12,35.86436099999999,-78.714598
12,34.009109,-118.278374
12,30.42515,-91.122475
12,33.009910999999995,-117.263916
12,37.58136,-77.469545
12,25.882665,-80.361159
12,39.364343,-77.521381
12,36.70041919,-77.55078435
12,42.240527,-87.981737
12,25.941864,-80.35070999999998
12,34.172288,-118.516349
12,34.15371537,-117.47471452
12,43.118958,-83.76329
12,40.069838,-75.150706
12,35.159231,-119.463983
12,30.481449,-81.64361600000002
12,33.971783,-118.378102
12,43.00827,-85.6056
12,34.105019,-117.9254
12,30.432049,-91.044373
12,34.500469,-118.228065
12,25.627078,-80.385308
12,38.978848,-121.382668
12,34.821213,-82.28299999999999
12,38.449288,-122.725969
12,30.269836,-90.985344
12,33.746635,-84.362274
12,41.539154,-73.771378
12,34.037216,-118.284004
12,31.759753999999997,-106.388924
12,35.268157,-80.882513
12,47.571701,-122.320107
12,45.66495,-121.89191
12,40.83494,-73.26724899999998
12,39.24260200000001,-123.137659
12,35.277435,-82.632869
12,34.437049,-119.632079
12,39.697673,-74.84464399999997
12,34.077667,-117.998199
12,33.986668,-118.362251
12,32.163239000000004,-110.921989
12,26.103489,-80.270003
12,39.926922,-86.112274
12,34.005258000000005,-117.96483700000002
12,33.513103,-112.047516
12,32.463719,-93.779976
12,35.12948,-80.94057600000002
12,38.8502,-91.97079
12,34.417389,-110.574913
12,40.086273,-75.16398000000002
12,25.731848,-80.387079
12,27.423709,-82.57374200000002
12,33.591698,-86.16415400000002
12,36.013835,-77.862748
12,34.440220000000004,-117.642212
12,39.780025,-104.966927
12,44.717613,-93.419762
12,37.985584,-87.592049
12,34.029022,-117.575559
12,41.060928,-81.505493
12,38.093731,-120.581741
12,33.88048,-117.57078
12,42.487232,-83.475662
12,30.50436,-91.085327
12,40.724636,-73.935532
12,27.974878000000004,-81.970978
12,32.46032,-86.388138
12,40.787542,-122.323203
12,37.683678,-121.053528
12,33.791176,-84.391716
12,35.702174,-78.83404
12,40.667114,-73.995918
12,30.111944,-83.589279
12,37.808495,-122.367325
12,45.557444,-122.56643400000002
12,28.452939,-81.400159
12,41.688122,-73.786446
12,27.46212,-82.640518
12,33.927328,-118.259495
12,37.11697,-76.50583
12,34.753899,-86.740997
12,42.887417,-85.477834
12,42.357125,-87.85576
12,41.486458,-88.197662
12,37.584774,-122.328972
12,33.739059000000005,-117.076439
12,32.759743,-97.063408
12,45.773376,-111.225134
12,29.591796999999996,-98.35202
12,33.56418728812425,-83.50513815840003
12,34.663378000094106,-118.75987887325876
12,43.155731,-77.62044499999998
12,39.06946,-94.50875
12,26.13813,-80.41249
12,34.761524,-86.672836
12,35.67548,-78.93351
12,39.979066,-76.755799
12,39.731819,-84.07854499999998
12,33.416569,-82.028671
12,42.983867,-76.78223
12,39.595757,-76.51226
12,40.660909,-80.090653
12,37.60905,-77.45111
12,39.614456,-79.329918
12,30.216043,-81.513786
12,40.89487,-82.504527
12,29.13885800000001,-95.452059
12,42.424747,-82.928658
12,34.266963,-118.441298
12,30.465259999999997,-97.562149
12,40.71334719638485,-74.27516341173995
12,32.730857133709286,-117.15467333737776
12,37.27584958058702,-80.13855814895565
12,40.814492,-74.05335500000002
12,28.286783000000003,-82.60404100000002
12,47.77254,-122.31984
12,34.026605,-118.460988
12,39.241028,-76.58686800000002
12,45.03243300000001,-93.089668
12,40.844582,-91.148049
12,39.392173,-77.325224
12,37.292198,-121.937386
12,38.541569,-121.473724
12,33.68934,-85.19326
12,41.765285,-72.626373
12,34.130615,-117.927592
12,45.409696,-94.05938
12,34.017014,-118.07893500000002
12,30.400191999999997,-97.725121
12,34.800144,-82.316488
12,44.90823626,-93.06549668
12,35.297309999999996,-80.78958100000001
12,39.00850300000001,-78.302444
12,40.610614,-74.100828
12,33.83476,-84.2037
12,41.956533,-77.41945600000003
12,37.492908,-119.97467
12,30.358168,-97.688049
12,39.014782,-94.693184
12,34.905281,-82.313202
12,32.810782,-96.804242
12,34.063775,-117.820334
12,35.0955,-106.56342
12,28.08032,-80.672602
12,32.250481,-110.995407
12,47.42902,-122.27425
12,33.772406,-83.310435
12,45.52519,-122.66533
12,37.578734999999995,-122.048149
12,34.818512,-82.276886
12,47.507853999999995,-122.281776
12,39.78027,-84.206818
12,35.018028,-81.896538
12,45.346286,-122.96251399999998
12,36.169359,-86.679874
12,33.66310900000001,-117.897461
12,32.77226,-114.38842
12,39.73831,-104.41759
12,30.457371,-91.166168
12,36.1191,-86.809117
12,29.732969,-95.520546
12,35.580212,-97.567169
12,42.167622,-88.066406
12,40.24943233,-82.85846829
12,32.789276,-117.006645
12,34.837894,-81.970726
12,39.72567700000001,-105.013466
12,34.082504,-118.225723
12,34.934769,-86.775009
12,44.76801500000001,-92.860478
12,34.125306,-118.47656200000002
12,33.876362,-118.082367
12,33.462875,-84.21055600000003
12,34.391809701755555,-118.08130145016632
12,28.384481,-81.486427
12,34.048759000000004,-81.029907
12,29.774212,-95.397392
12,42.466724,-83.755989
12,32.803165,-116.964211
12,35.79845,-78.492065
12,33.853567,-79.303282
12,37.031017,-76.378113
12,36.019047,-79.805763
12,25.733175,-80.308157
12,39.375736,-74.478912
12,34.569595,-118.687988
12,45.945136,-95.600373
12,43.129208,-124.173555
12,39.557202,-77.621866
12,39.91296,-75.571877
12,25.899671,-80.181294
12,38.66402100000001,-121.270791
12,34.704696999999996,-86.39518699999998
12,33.953954,-117.22651
12,44.890205,-93.399078
12,38.59290900000001,-121.551711
12,42.03707100000001,-71.30641899999998
12,36.126385,-86.710815
12,41.550587,-87.218987
12,42.068222,-88.316132
12,34.839554,-81.971222
12,34.174114,-118.159698
12,37.54843,-77.41099
12,33.92321,-118.20573
12,35.03653,-89.95474
12,34.471825,-117.150689
12,28.569294,-81.28619599999998
12,38.627907,-77.293236
12,33.77444000000001,-118.03088
12,32.820417,-96.837367
12,28.568445,-81.265516
12,25.846923,-80.213261
12,38.88936,-76.84584100000002
12,26.436221999999997,-81.770226
12,39.10542,-94.71629
12,37.352222,-121.995811
12,33.43592,-111.91646
12,36.54071,-79.912201
12,33.450179,-112.461461
12,39.296725,-77.834096
12,36.355354,-82.396957
12,35.075827000000004,-80.945297
12,33.546333000000004,-84.576523
12,47.404621,-122.292617
12,38.592022,-121.551941
12,35.09708,-81.668213
12,34.036842,-81.11077900000002
12,28.34478,-81.36385
12,41.08913,-112.06071
12,37.683304,-122.127098
12,40.658445,-75.39323
12,28.323878000000004,-81.403719
12,34.321905,-117.482024
12,33.651594,-117.761153
12,29.748285,-95.369461
12,45.071697,-123.209534
12,40.04219000000001,-104.98077
12,42.5752,-82.85838000000003
12,39.695865999999995,-86.186867
12,33.09655,-117.08723
12,30.009386,-83.192589
12,43.0606,-83.766251
12,33.93565,-86.868431
12,42.69841790178919,-123.38357806146917
12,37.80437350255104,-77.46113419495839
12,34.744049,-86.67750500000002
12,39.085838,-77.173248
12,40.647773,-74.014739
12,33.687809,-111.925407
12,33.843459,-117.534729
12,30.315143,-81.781697
12,43.131893,-76.12861600000002
12,44.984523,-93.390165
12,28.500546000000003,-81.235573
12,32.911246999999996,-96.895851
12,40.36313,-111.56036
12,37.634975,-122.086945
12,43.79649000000001,-90.056282
12,27.53227,-82.49852800000002
12,38.604187,-121.401548
12,32.7691,-96.822845
12,37.434334,-77.456276
12,39.984387,-74.883638
12,33.974037,-118.080109
12,43.70356,-124.1045
12,33.94583,-118.09412
12,29.836810999999997,-95.384407
12,34.067478,-117.544769
12,38.2371,-77.50036
12,29.717746999999996,-95.519997
12,35.640518,-119.218567
12,25.945405,-80.14745500000002
12,41.497732,-95.265487
12,30.532866,-87.256114
12,34.157219,-117.335281
12,34.031147,-118.217751
12,29.809856,-95.412384
12,39.98198,-74.89352099999998
12,33.483868,-117.141693
12,25.945405,-80.14745500000002
12,33.967599,-118.161907
12,45.548101,-122.488689
12,35.084461,-82.096657
12,35.131737,-80.91298
12,32.668082,-96.864476
12,32.28281,-110.97827
12,42.98291,-83.733192
12,36.118922999999995,-95.86866
12,30.297413,-87.683037
12,37.825486,-76.37358
12,26.00452,-80.166832
12,33.057575,-96.693237
12,45.52721,-122.657181
12,37.79563,-122.26773
12,30.167881,-97.793994
12,37.967606,-122.51926
12,35.39650200000001,-118.967456
12,38.895727,-76.95215999999998
12,40.861319,-73.97445
12,28.259602,-81.591826
12,47.57915,-122.18623999999998
12,28.029787,-99.357582
12,39.92811,-83.83208499999998
12,35.616248999999996,-78.90995799999997
12,45.51478,-122.69131000000002
12,28.509673,-81.420386
12,28.25746,-81.61616
12,35.192995,-80.873536
12,34.036654999999996,-118.375648
12,42.40818400000001,-83.080627
12,34.235107,-118.412354
12,38.13515200000001,-122.474362
12,34.155666,-118.445297
12,36.167001,-86.763737
12,42.407476,-88.003979
12,30.420729,-97.704887
12,32.159054,-111.105347
12,43.020975,-85.652865
12,40.060436,-77.47917199999998
12,40.76463,-111.97157
12,38.777325,-77.682518
12,34.788635,-82.440063
12,30.634488,-85.588132
12,34.158809999999995,-118.158832
12,32.76057,-117.192738
12,35.482903,-97.465469
12,40.1370370386117,-75.39503931963255
12,41.806189,-80.054899
12,44.065524,-90.519515
12,29.94395,-90.07367
12,37.317132,-121.933567
12,39.674491,-83.181088
12,37.508968,-121.93665
12,29.733606,-95.382126
12,37.55669,-122.28311200000002
12,41.543197,-72.76910600000002
12,28.02375,-82.73824
12,33.62002015,-84.46637750000002
12,40.07929,-75.37849399999998
12,39.78014,-104.96328
12,41.59678,-81.5104
12,45.374531,-122.58754
12,41.696098,-92.727142
12,31.77981,-106.417686
12,41.20451,-85.7053
12,32.344219,-86.223892
12,37.824290999999995,-122.267967
12,34.293552000000005,-81.545998
12,36.13652800000001,-85.450127
12,36.85859,-120.381812
12,33.505964,-80.848363
12,32.233788,-110.952316
12,40.277348,-85.809539
12,36.956587,-81.057016
12,41.097535,-74.040214
12,28.062975,-82.738764
12,35.89961500000001,-79.95881999999997
12,34.15717,-118.925591
12,40.139194,-74.112206
12,40.400581,-79.58560200000002
12,28.472383,-81.413834
12,47.708328,-122.180809
12,45.541492,-122.678694
12,35.202518,-80.72599
12,33.825493,-118.215782
12,40.799407,-73.828125
12,29.592046999999997,-95.222267
12,34.661561,-82.830209
12,38.825649,-77.457886
12,44.96602,-93.265702
12,35.225044,-80.906532
12,40.205021,-78.97494499999998
12,30.19454600000001,-82.614685
12,47.46399,-122.27165
12,37.41249000000001,-122.07913
12,42.378941,-88.089737
12,25.941788,-80.189339
12,33.875911,-118.168782
12,35.76204,-119.050276
12,29.81237,-95.373871
12,39.091168641857664,-122.34519839228464
12,32.766098,-97.318298
12,35.24638200000001,-80.788526
12,34.007725,-117.903551
12,39.501349,-106.165433
12,29.965995,-90.109835
12,40.444722,-79.223777
12,41.178009,-112.00119
12,38.043591,-122.535095
12,36.901968,-76.25652600000002
12,46.53606,-94.306068
12,28.433971000000003,-82.548538
12,39.079026,-76.627871
12,37.629299,-77.542091
12,34.619671000000004,-118.413689
12,38.449234,-121.280202
12,42.797837,-78.816599
12,35.18539000000001,-114.458389
12,32.900887,-96.982285
12,40.522251,-111.976723
12,40.762584,-73.59026899999998
12,38.41319203358453,-82.38607764204795
12,37.173958,-122.069901
12,41.882149,-71.377525
12,40.130802,-76.795448
12,34.041196,-118.069066
12,29.685606,-95.330704
12,33.933426000000004,-118.352715
12,30.438935,-91.187305
12,41.335387,-75.737002
12,42.577362,-123.374001
12,45.510269,-92.993301
12,34.071690000000004,-118.132568
12,34.186559,-117.351178
12,47.38890900000001,-122.679958
12,47.17022100000001,-122.472789
12,39.923143,-86.118774
12,42.37106,-83.05438000000002
12,33.385441,-117.582657
12,34.03307,-117.138733
12,34.038986,-80.93719499999997
12,34.000928,-117.843899
12,35.750347,-78.717949
13,42.405956,-82.957848
13,28.430461,-81.404668
13,32.925694,-96.803788
13,32.829071,-96.827199
13,40.71856,-111.90137
13,28.295305,-81.602859
13,38.855514,-121.299883
13,37.722614,-122.447754
13,34.016009999999994,-118.172368
13,35.50152999999999,-80.8669
13,41.518511,-73.982345
13,37.789339,-122.254281
13,36.942493,-76.26655600000002
13,28.630995,-81.387451
13,42.224339,-83.65095500000002
13,28.488991,-81.429112
13,32.227771999999995,-110.953278
13,34.047379,-118.267319
13,38.258835,-85.75331899999998
13,45.536793,-122.668732
13,28.537185,-81.475727
13,36.126106,-80.312382
13,34.03513,-118.333672
13,39.026718,-77.04665
13,42.419497,-78.49449399999997
13,33.693661,-117.770618
13,40.831049,-74.177986
13,40.773563,-74.034622
13,35.369367,-83.25253000000002
13,41.129487,-74.136677
13,38.580349,-121.304726
13,33.394455,-111.891342
13,40.844816,-73.837183
13,34.195368,-118.597473
13,32.781471,-96.81163
13,41.252151,-73.081039
13,37.865324,-121.636479
13,40.861571999999995,-73.91327700000002
13,44.83351500000001,-93.295113
13,33.74566,-84.34561
13,33.722115,-84.394592
13,35.461979,-97.627106
13,33.811,-84.37305
13,42.328835,-87.88320999999998
13,28.571638,-81.18238000000002
13,34.074894,-117.75006100000002
13,33.93417,-117.40798999999998
13,26.83887,-80.10308
13,39.180425,-123.209702
13,35.368465,-97.522728
13,33.671959,-112.031448
13,33.554604,-80.820167
13,30.470909,-91.130203
13,40.355261,-80.050259
13,42.338858,-83.121055
13,39.162199,-84.519576
13,41.344461,-122.312808
13,38.356464,-81.714388
13,47.608896,-122.326254
13,35.21305800000001,-80.893196
13,39.966115,-111.321013
13,33.992096000000004,-118.280252
13,33.862823,-118.199265
13,28.200927000000004,-82.648129
13,34.746826,-80.72970500000002
13,34.181411,-82.101985
13,45.563799,-122.925356
13,40.828316,-73.93111400000002
13,30.481978,-83.946148
13,38.27695,-122.04652
13,47.289536,-122.306915
13,47.630966,-122.188461
13,43.015018,-83.738274
13,29.75514,-95.55764
13,25.597151,-80.354759
13,25.772265,-80.151848
13,33.916421,-118.28603
13,38.29612,-77.48979200000002
13,28.810895,-80.868804
13,34.663754,-82.85922
13,36.082584,-86.727222
13,36.061981,-80.227417
13,43.11808,-86.129684
13,35.806796999999996,-78.42235600000002
13,25.626078,-80.418627
13,40.28888900000001,-74.051385
13,34.1364,-117.54255
13,39.112089872173726,-94.56487297966687
13,34.036037,-118.32159
13,33.896744,-117.484062
13,36.078316,-86.643007
13,26.667128,-81.88967099999998
13,44.772891,-93.305626
13,40.69672,-74.15508
13,29.93764,-95.471651
13,47.555649,-122.329567
13,32.330732,-96.613336
13,41.409081,-72.909187
13,34.103437,-117.535211
13,39.326466,-77.016228
13,33.916319,-118.189847
13,26.09788,-80.20132
13,46.327089,-114.061323
13,29.75181,-95.45576
13,37.954273,-122.545915
13,47.66500900000001,-122.336403
13,33.913734000000005,-84.423416
13,33.895958,-117.49733
13,34.751002,-118.289965
13,39.01536,-77.12218
13,33.638726,-112.342889
13,41.05524000000001,-75.77303
13,37.438339,-77.603096
13,34.10423,-118.321891
13,40.25214,-74.705299
13,37.566465,-119.8546
13,29.870659000000003,-95.365089
13,30.191813,-81.701813
13,36.023831,-77.852822
13,35.898502,-78.611923
13,28.678899,-81.858313
13,38.207645,-122.256126
13,27.531184999999997,-82.50864399999998
13,35.278108,-119.02571100000002
13,34.15758,-118.4525
13,40.766605,-73.89590600000002
13,25.878423,-80.355039
13,29.727715999999997,-95.539185
13,34.133306,-118.352405
13,34.029751,-118.212669
13,38.357926,-81.715459
13,30.532521000000006,-87.24145899999998
13,28.190977,-82.397468
13,33.049671000000004,-80.082001
13,32.857178000000005,-96.931289
13,25.92446,-80.154219
13,34.045442,-118.317722
13,34.168911,-117.456909
13,25.884153,-80.35084
13,38.87798400000001,-121.971212
13,32.395191,-111.05545
13,28.54315,-81.310547
13,36.153309,-86.798187
13,40.768082,-73.904549
13,40.5666,-74.29744699999998
13,28.340611,-81.385296
13,33.209752,-117.387001
13,35.803139,-78.399681
13,40.14980900000001,-75.21465699999997
13,47.66128,-122.3166
13,33.461967,-112.108353
13,27.96779,-82.72925
13,38.974757,-76.17486099999998
13,30.714531,-86.545837
13,36.79725,-76.00148
13,47.64318,-122.32318
13,39.780796,-84.226875
13,41.306656,-96.05262
13,38.813163041883406,-77.14416146241595
13,34.204948,-79.76870699999998
13,44.062351,-123.049359
13,34.019655,-117.485189
13,35.765944,-94.190385
13,36.076946,-86.945358
13,33.916349,-118.370348
13,34.864194,-118.171504
13,41.584635,-87.680736
13,33.998259999999995,-117.369414
13,43.96566510179536,-121.06801629008736
13,37.774185,-122.406418
13,40.422527,-86.905365
13,29.741726,-95.443632
13,42.738824,-73.67397199999998
13,41.147182,-78.78780400000002
13,41.732523,-72.6631
13,32.809172,-117.217989
13,44.95018,-93.00488
13,38.47415,-121.42257
13,38.73937,-76.069346
13,36.037056,-79.01965899999998
13,38.000124,-121.34055
13,34.019596,-117.489548
13,37.921859999999995,-122.351944
13,25.80157,-80.32123
13,37.59784341,-121.94692254
13,34.197583,-118.858742
13,37.936757,-120.604722
13,43.218,-76.3585
13,27.300548,-82.49762700000002
13,37.76556,-79.783998
13,25.627078,-80.385308
13,40.835929,-73.934822
13,39.29941535,-76.74322486
13,41.890152,-71.379082
13,34.031166,-81.108892
13,40.61857,-122.97866
13,40.925964,-81.430008
13,29.923555,-95.62825
13,36.038803,-86.64810200000002
13,34.763351,-83.056892
13,35.861828,-78.54888199999998
13,37.78318,-121.209129
13,33.305659999999996,-111.898026
13,25.908937,-80.306921
13,37.91016,-121.28022
13,40.753281,-73.038673
13,39.396519,-76.431236
13,34.913952,-82.107651
13,34.860291,-118.878853
13,34.642166,-120.450226
13,37.846512,-122.24653899999998
13,33.997623,-117.933777
13,35.844561,-78.68037699999998
13,40.841911,-84.805192
13,37.12919,-121.97727
13,30.251702,-81.45865500000002
13,27.950383,-82.514169
13,43.075157,-72.43537099999998
13,28.450866937501665,-81.29630684813834
13,29.750311,-95.374039
13,47.58648,-122.32012
13,37.612644,-122.403748
13,32.745071,-97.330048
13,36.171806,-86.768288
13,32.177439,-111.079227
13,38.98201346378811,-121.54291748942592
13,28.058168,-82.35368000000003
13,28.139984,-81.89876600000002
13,40.971938,-76.528246
13,35.44986,-97.494637
13,34.681034000000004,-92.314287
13,33.988771,-118.070354
13,42.485426,-83.456298
13,38.522406,-121.767291
13,43.66651,-94.29286
13,35.767052,-78.698235
13,34.27361,-118.5909
13,35.892769,-78.559616
13,34.141588,-80.94707
13,32.743547,-80.038359
13,37.70154,-121.86729
13,34.120953,-117.890091
13,38.039219,-120.217659
13,40.66574,-73.83233
13,33.844002,-117.53511
13,32.665306,-83.74432
13,30.502005,-84.249657
13,39.003399,-121.631439
13,35.167393,-80.96500400000002
13,25.830305,-80.24100899999998
13,37.552378,-121.917592
13,25.846165,-80.23970200000002
13,40.807417,-74.182466
13,33.639922999999996,-86.618034
13,25.779423,-80.240125
13,33.730212,-117.985993
13,41.235214,-96.114594
13,40.117357,-75.348241
13,28.651996,-81.329165
13,48.343082,-114.143044
13,29.717369,-95.546127
13,34.632557,-82.599159
13,37.255550622762414,-121.8672502035052
13,40.549029,-74.40439599999998
13,37.52977,-77.32115999999998
13,37.653654,-121.89845
13,40.897253000000006,-77.052431
13,33.96457,-117.32573
13,34.04775,-117.3075
13,40.169581,-105.405682
13,29.415932,-98.556023
13,43.08852,-76.16535999999998
13,30.392017,-91.03421
13,40.778921,-75.283252
13,40.58603,-73.93675999999998
13,34.668915000000005,-120.421344
13,43.12401,-76.13852
13,40.692669,-73.878874
13,29.970929,-90.10963
13,33.80754,-118.20714
13,38.963615,-76.546234
13,33.930896000000004,-118.309118
13,44.855213,-93.298019
13,35.22529005987537,-80.92489600142991
13,38.938751,-94.74575
13,37.5012,-77.6864
13,33.42095,-112.27246
13,42.695904,-73.84127
13,40.143314,-82.97087900000002
13,47.917961,-122.20898400000002
13,37.954061,-122.372065
13,40.70560800000001,-74.149124
13,25.916856,-80.210484
13,34.807663,-82.232274
13,34.018009,-118.052849
13,38.778976,-90.359596
13,39.217943,-78.136176
13,33.341247,-84.123182
13,35.945759,-78.544937
13,34.14792,-118.067847
13,42.83632,-78.85512800000002
13,33.069305,-117.069679
13,37.890173,-122.308002
13,39.911189,-75.590003
13,32.871083021007195,-117.1959578985348
13,42.051723,-75.414879
13,30.206296999999996,-92.037193
13,37.729805,-122.138405
13,38.868832,-77.307709
13,35.181155,-118.48918700000002
13,37.76722,-121.334106
13,42.531771,-83.75205600000002
13,34.035193,-118.150135
13,33.878643,-118.192482
13,29.678038,-95.602676
13,45.46912,-93.58242
13,38.63718400000001,-121.38298
13,29.810663,-95.459076
13,41.071286,-73.896775
13,34.23418164,-118.47318292
13,25.88678,-80.164451
13,33.410027,-82.026772
13,39.985341,-75.393332
13,33.920770000000005,-118.200219
13,25.77412963,-80.14280677
13,42.888782,-76.10961
13,41.873869,-87.903479
13,41.422806,-72.823959
13,33.600274,-117.35036399999998
13,30.420996,-91.140549
13,33.876565,-98.55566
13,40.764619,-111.98652
13,25.670049,-80.436518
13,38.917591,-77.229881
13,33.876095,-118.159622
13,30.034882,-95.255936
13,44.937687,-93.349182
13,25.86771700000001,-80.254862
13,37.683796,-122.127922
13,30.4478,-81.614021
13,34.140571,-80.913657
13,37.764801,-121.413239
13,40.90256,-74.12217
13,38.757401,-90.044365
13,43.176237,-77.562311
13,33.844467,-117.291962
13,35.126789,-82.298119
13,33.779311,-117.87631100000002
13,25.469062,-80.452494
13,33.745304,-84.349014
13,43.7563,-123.09684
13,34.07639,-118.23112
13,41.731985,-86.140741
13,34.136525,-117.492587
13,38.93399119358571,-94.41733002617636
13,28.448391,-81.364034
13,39.98839,-82.98569
13,28.421363,-81.402794
13,33.837589,-79.647019
13,35.940743,-78.562763
13,37.209722,-121.723333
13,36.687048,-121.65252
13,29.785061,-95.543976
13,42.27711400000001,-88.041377
13,35.667301,-78.930077
13,38.872066,-77.043327
13,32.760146999999996,-97.166634
13,38.600042,-121.440146
13,27.46244,-82.56535600000002
13,35.235596,-80.951859
13,35.8041965959749,-78.42718005142963
13,44.062427,-123.079475
13,39.07441,-76.631108
13,28.041343,-82.030218
13,40.71035,-111.904091
13,47.185554,-122.46361
13,25.92663,-80.24011
13,41.139324,-74.169876
13,25.842794,-80.241539
13,29.155529,-81.075623
13,45.146098,-119.678108
13,40.767711,-74.065253
13,39.587136,-86.569485
13,34.13966,-80.754607
13,38.573491,-121.467931
13,42.912621,-85.608147
13,47.190811,-122.462288
13,35.030368,-85.314277
13,33.233833000000004,-87.542641
13,36.304054,-94.182899
13,34.448881,-88.230124
13,42.865841,-85.664101
13,37.088449,-121.611323
13,43.27325,-70.96289200000002
13,37.125359,-122.122307
13,33.931263,-117.289082
13,40.087189,-74.740158
13,34.189402,-118.474088
13,31.22834000000001,-85.423866
13,35.058105,-80.81244699999998
13,35.588989,-78.780273
13,33.916021,-118.138337
13,34.055695,-118.451965
13,29.784781,-95.530434
13,39.967501,-75.580887
13,35.23294600000001,-80.81107
13,33.309261,-111.739807
13,33.700443,-84.090324
13,33.855062,-117.976248
13,36.32925,-82.369652
13,35.307423,-80.848007
13,29.638043,-82.42245
13,42.09955573061895,-91.01450800852292
13,39.70702528934617,-111.90786480850264
13,34.394054,-118.571289
13,41.22248,-95.99113
13,37.3162,-121.906944
13,29.819639,-95.208054
13,33.582539000000004,-111.886131
13,34.632496,-82.599602
13,35.29329699999999,-80.755714
13,34.120468,-118.271271
13,35.372299,-97.495056
13,40.68335,-111.93889
13,34.166988,-118.283859
13,40.74127,-73.842637
13,25.928444,-80.19325500000002
13,33.881632089453305,-117.26781964246145
13,32.349863,-86.220679
13,35.317535,-80.77628299999998
13,38.697931,-121.382919
13,30.318005,-97.739944
13,43.23739171007521,-70.90392708744571
13,25.947379,-80.149636
13,39.264317,-119.579811
13,33.656393,-117.293154
13,43.139498,-77.614078
13,38.433316,-122.720882
13,31.780765999999996,-106.463654
13,35.002003,-80.973438
13,38.508990999999995,-121.781593
13,47.538895,-122.282021
13,40.074609,-75.68459399999998
13,36.94003,-120.110291
13,38.188489,-78.998056
13,34.022597999999995,-117.79861499999998
13,46.78629755951506,-113.7192785734476
13,41.039801,-75.312535
13,35.30584,-80.724243
13,40.434236,-74.119843
13,35.821178,-78.628212
13,34.172715000000004,-81.31052700000002
13,32.191716,-110.804595
13,36.758526,-76.344711
13,45.11567700000001,-93.188568
13,44.291555,-92.68366
13,25.994061,-80.166014
13,26.555628,-81.87163199999998
13,27.30287,-82.53034
13,32.780244,-117.203772
13,33.803242,-117.901634
13,35.262845,-80.85575
13,32.75848,-97.25865
13,39.15732264500066,-76.60214066468905
13,29.689161,-95.564442
13,25.887977,-80.186364
13,44.022844,-123.894512
13,30.182890000000004,-97.68775
13,33.707955,-81.521341
13,39.013489,-77.042068
13,30.691941999999997,-88.028114
13,40.733217,-73.920686
13,39.07943129520854,-94.59426999046995
13,44.407406,-123.897369
13,29.410018,-81.157804
13,34.06648993475882,-117.22074150983228
13,41.00225800000001,-74.173012
13,38.510815,-121.358246
13,30.337670000000006,-81.53819
13,28.650563,-81.3884
13,47.88932,-122.258354
13,32.72611,-97.32039
13,33.41073,-112.00133999999998
13,38.43652700000001,-122.687469
13,29.938883,-95.331398
13,37.75043400000001,-118.983059
13,33.428334,-112.069595
13,39.386629,-121.401971
13,36.046352,-95.859116
13,38.783249,-120.817223
13,42.987331,-83.772316
13,37.033816,-120.947389
13,33.90830398,-117.88281798
13,25.732861,-80.348337
13,38.877129,-77.10984
13,34.320393,-118.495125
13,32.66800761207262,-97.22259879065884
13,27.821007,-82.720411
13,39.96472,-75.18504
13,30.173588,-97.610031
13,42.345299,-121.828925
13,36.069247999999995,-86.68943
13,25.771528,-80.19180899999998
13,34.080458,-81.155335
13,33.345153,-111.841841
13,41.179858,-79.246672
13,47.302959,-122.225655
13,33.655667,-78.990748
13,40.04515900000001,-76.425239
13,33.695612,-117.93528700000002
13,37.53387100000001,-77.53627
13,35.81652800000001,-78.60067
13,42.42047667,-73.54832768
13,29.671159999999997,-95.261444
13,40.79701,-111.918379
13,28.576429,-81.45146899999997
13,35.274409999999996,-80.854538
13,38.595131635481856,-121.44434094371108
13,34.087917,-80.95955699999998
13,32.807289000000004,-96.793266
13,33.786842,-84.493027
13,25.919486,-80.292912
13,40.25606,-77.766479
13,33.803711,-84.409599
13,25.821425,-80.279962
13,42.311317,-71.053143
13,40.67609,-73.949921
13,35.757458,-78.66523000000002
13,38.402485,-78.90799
13,33.494844,-112.029188
13,33.386292,-111.788353
13,36.183211,-95.95738
13,32.115383,-111.216621
13,42.38320469836052,-83.3473169799645
13,34.011928999999995,-117.821342
13,38.000384999999994,-87.466003
13,38.628937,-90.31842
13,32.80370300000001,-96.793297
13,38.201214,-120.692749
13,37.683769,-122.06385
13,30.3004,-97.685677
13,43.182266,-77.599274
13,34.14983,-118.100227
13,30.540129,-84.091988
13,45.557236,-122.678406
13,43.019299,-83.710732
13,30.28548,-97.636963
13,34.00046,-118.17511
13,36.346024274652734,-82.37474799116909
13,44.792515039230395,-117.8417909139736
13,34.114959999999996,-117.977646
13,44.628471135880325,-117.8663599485499
13,37.342933,-120.61425
13,33.906859999999995,-81.23739599999998
13,25.883938,-80.323817
13,27.937162,-82.31025600000002
13,34.412453,-119.867989
13,32.723597999999996,-117.157784
13,28.59021,-81.752136
13,26.706161,-80.0755
13,33.44649195655133,-112.55043625777935
13,33.519871,-86.818634
13,34.00490300000001,-117.930245
13,36.17802,-86.755386
13,32.750427,-117.001495
13,40.844776,-73.925507
13,30.20937,-97.784767
13,34.026855,-118.251175
13,44.166786,-93.949112
13,40.74782967548013,-74.16442036593358
13,35.14415,-80.83296
13,34.00202,-117.834878
13,27.463321,-82.62054
13,30.39473,-97.644272
13,28.551194,-81.475778
13,30.320726,-81.719452
13,37.419295,-120.762231
13,25.88266,-80.16594599999998
13,28.450441,-81.412231
13,29.655468,-95.570831
13,35.585164,-81.982113
13,27.388188,-82.460909
13,38.128571,-121.586059
13,33.97583,-118.079979
13,33.550975,-80.407473
13,40.07077,-78.352386
13,37.343677282155305,-79.99343991241456
13,33.906185,-84.358948
13,40.277078,-75.29208
13,34.02548,-117.11583
13,41.029561,-82.49392399999998
13,36.772751,-121.66921200000002
13,41.377865,-72.905524
13,38.799965,-90.621651
13,35.835267,-78.643473
13,44.96468,-93.230728
13,37.605302,-77.453337
13,33.555572,-117.7167
13,35.50775,-97.54768
13,42.966629,-85.67877800000002
13,40.069153,-76.30776999999998
13,34.001461,-117.549377
13,35.717068,-79.007385
13,33.972190999999995,-117.369843
13,34.037061,-79.94577199999998
13,35.052228,-80.84966700000003
13,38.61885,-77.297951
13,34.976937,-81.93360200000002
13,33.353575,-86.855528
13,34.120038,-117.819526
13,36.514835,-119.557426
13,35.509232,-82.575684
13,35.6320846079081,-120.0016129011154
13,40.896648,-74.222923
13,26.520797,-81.883324
13,38.201122,-122.158264
13,43.283649,-93.350136
13,36.801857,-121.659615
13,36.7826,-76.08273299999998
13,34.199679,-118.396457
13,30.387199,-91.063065
13,35.287975,-80.858292
13,39.706744,-74.973624
13,37.00170636159419,-121.56066298426838
13,37.359722,-121.996017
13,43.177608,-83.76861600000002
13,33.625248,-79.009254
13,34.121975,-118.083026
13,39.011949,-77.098202
13,38.580169,-121.506997
13,39.101147,-84.524506
13,40.69062,-73.574799
13,32.857033,-97.013176
13,40.713428,-73.97189300000002
13,39.077713,-76.952951
13,37.68877,-122.135353
13,41.170561,-79.087413
13,43.1792,-77.6806
13,39.0269,-94.24452
13,38.540304,-77.34916199999998
13,38.866088,-77.050676
13,36.845852,-76.183425
13,30.424335,-91.150719
13,25.763084,-80.304486
13,33.87039,-117.54425
13,34.123359,-117.829008
13,28.566593,-81.204674
13,32.673534000000004,-96.822426
13,47.815584,-122.644878
13,34.806378,-78.015118
13,25.630882,-80.38252800000002
13,25.78784,-80.209907
13,34.046347,-118.26901
13,41.595797999999995,-93.642555
13,37.76345372182004,-77.46044754945059
13,30.466146,-87.244016
13,35.831749,-78.636429
13,38.62875,-121.405521
13,40.63118577,-74.21197057
13,29.602118,-82.373161
13,38.992165,-76.885201
13,33.772655,-84.39035
13,25.971836,-80.205978
13,25.646317,-80.333084
13,43.031414,-83.77350600000003
13,35.813568,-78.848091
13,40.01949000000001,-75.14622
13,37.551426,-77.439522
13,33.313054,-97.179139
13,38.945675,-76.765488
13,37.742854,-122.198213
13,39.983771999999995,-76.73496999999998
13,30.440624,-91.08152
13,33.92849564536129,-118.28967690411427
13,40.63858,-111.97671
13,34.02353168,-117.81144977
13,28.450186,-81.402132
13,35.144206,-80.92853199999998
13,41.919391999999995,-88.714706
13,36.978726,-121.907441
13,32.735535,-117.156022
13,28.290818,-81.352597
13,37.94888,-76.699445
13,41.813507,-87.93435699999998
13,43.244068,-77.791525
13,39.924982,-75.048156
13,37.797535,-121.189529
13,40.739216,-73.792992
13,28.491023,-81.396734
13,34.066589,-81.022385
13,37.86868,-122.04043
13,25.78356,-80.20132
13,44.862076,-93.268143
13,37.66046,-122.10388
13,40.704018,-111.980171
13,45.303264,-93.553003
13,39.06346679,-94.48854804
13,37.982342,-121.191948
13,42.185623,-122.666237
13,26.104546,-80.27288100000001
13,34.193745,-77.935621
13,31.46017100000001,-86.068832
13,41.27688,-73.93092
13,30.421575,-87.329813
13,42.029072,-87.84066
13,32.206959999999995,-110.92228
13,25.887666,-80.16419
13,30.380056,-91.136391
13,38.987091,-119.163223
13,33.937740000000005,-117.123623
13,36.05637700000001,-79.89136500000002
13,42.925462,-83.63272099999998
13,38.73204000000001,-121.814483
13,37.087242,-104.522163
13,37.93942809086828,-122.65843748987837
13,34.350677000000005,-118.379051
13,33.62742,-84.4562
13,36.22089,-86.77469599999998
13,27.965071,-82.453377
13,32.751523,-96.837466
13,25.685034,-80.428354
13,30.32736,-81.60682800000002
13,30.216545,-93.324966
13,34.754246,-83.047411
13,33.102971000000004,-117.130146
13,33.62586,-111.944408
13,40.087906,-75.095314
13,40.038799,-76.455727
13,28.054182,-82.343819
13,43.63735,-93.32356
13,34.059486,-117.173042
13,38.001236,-122.047479
13,39.24662,-121.650978
13,31.726259,-83.98719799999998
13,25.747097,-80.303522
13,45.50209,-122.6608
13,43.104843,-83.694795
13,42.757645,-73.73808299999997
13,40.03088,-82.903221
13,31.731284999999996,-86.28405
13,33.46244,-112.238098
13,29.4387,-98.477654
13,41.140619,-95.966759
13,43.178352,-77.607826
13,34.938229,-120.41791299999998
13,29.891352,-95.287804
13,32.900452,-96.71785
13,39.781817,-86.14075799999998
13,33.000568,-117.226067
13,30.23317,-97.799774
13,33.998622999999995,-117.888069
13,34.432460999999996,-119.898109
13,40.832131,-73.85654099999998
13,33.918895,-117.434546
13,30.489385,-83.999624
13,38.674685,-121.354581
13,28.50783,-81.41785
13,39.86883,-75.30744
13,28.020353000000004,-82.174645
13,25.97053,-80.16575999999998
13,29.961002,-95.477974
13,34.020306,-118.192268
13,37.993589,-120.171813
13,25.890198,-80.188048
13,44.315798,-124.104547
13,35.270939,-80.794128
13,34.067619,-117.804176
13,37.825542,-122.275198
13,41.72328,-87.94363
13,27.847241163121,-82.66356825789134
13,35.784534,-86.371803
13,33.708575,-117.851595
13,40.05493,-75.10274
13,30.190839,-81.739485
13,26.77816,-80.0985
13,35.09962,-80.77858
13,35.030547999999996,-80.820839
13,37.544556,-77.440155
13,28.6119,-81.2077
13,33.38568,-111.93161
13,34.173161,-118.535988
13,28.468802,-81.417358
13,43.20519,-77.66622
13,41.380943,-81.993538
13,43.593322,-116.433991
13,30.17403,-97.827103
13,36.95430636388323,-76.2646329399287
13,34.439693,-81.76166500000002
13,25.949326,-80.148812
13,34.2611110208785,-117.44993090573573
13,30.563883,-91.013641
13,40.260513,-74.844765
13,37.881908,-122.308258
13,42.745855,-124.49742
13,36.976978,-120.079346
13,42.781821,-84.51406999999998
13,33.87631058676779,-118.09853196087788
13,32.346618,-95.315124
13,37.397091,-79.751375
13,34.743125,-80.332084
13,41.400997,-81.927948
13,32.456539,-93.724609
13,43.04646134,-88.20256591
13,40.753689,-73.74421600000002
13,30.393121,-97.7509
13,40.442051,-75.357285
13,41.090186,-73.451931
13,33.497372,-112.936958
13,33.61307,-112.317588
13,40.84715300000001,-73.933501
13,38.36504,-121.51987
13,40.65305,-111.95458899999998
13,29.36095,-98.561592
13,38.739727,-77.190613
13,38.90700800000001,-123.233123
13,35.702717,-78.04600500000002
13,25.757116,-80.199908
13,43.051962,-88.37608399999998
13,27.639444,-80.51812
13,30.269922,-81.767433
13,33.996356,-117.550497
13,38.316106,-122.735351
13,41.219095,-77.22126999999998
13,38.58873,-122.607056
13,44.346648,-94.1906
13,33.126514,-117.324527
13,37.685589,-122.130768
13,32.206959999999995,-110.92228
13,40.31879,-75.342987
13,31.768471,-106.37915
13,35.731281,-78.65004
13,36.487225,-121.169121
13,33.990815000000005,-117.927102
13,39.021903,-84.50460799999998
13,38.795811,-90.819305
13,25.747151,-80.352272
13,32.83712,-96.9778
13,25.92478,-80.154122
13,28.574758000000006,-81.47600899999998
13,33.701617999999996,-84.107628
13,30.398953999999996,-97.845192
13,30.181135,-92.005035
13,39.692262,-86.236506
13,28.552984,-81.394101
13,35.790394,-78.739777
13,37.65083,-77.61219
13,38.482457,-90.261858
13,47.265127,-122.32199
13,37.53599000000001,-77.414661
13,41.339195,-72.97689799999998
13,32.758205,-96.809448
13,41.782749,-73.755676
13,32.720669,-117.102785
13,45.494809,-123.608917
13,26.211478,-81.774946
13,32.975159999999995,-117.25118
13,28.95085,-80.95070600000003
13,29.689165000000006,-95.564175
13,40.739755,-111.938959
13,28.552392,-81.448734
13,42.87314600000001,-89.055679
13,33.994134664373426,-117.88423418942509
13,44.817318,-93.597139
13,38.88913,-122.604401
13,35.65810300000001,-91.398675
13,34.119678,-117.811363
13,35.54946500000001,-97.476547
13,40.70577,-73.46410999999998
13,39.180569,-94.492813
13,25.73366,-80.298204
13,37.626759,-120.99661299999998
13,36.330125,-119.296635
13,27.099307,-82.219542
13,38.915833,-77.545952
13,25.699599,-80.382101
13,33.45519,-112.087056
13,34.553139,-80.665962
13,38.04287,-122.24126
13,28.006701,-82.792038
13,34.19693,-80.687439
13,33.87661,-118.171104
13,44.66928,-123.05807
13,45.066572427534744,-93.1672060485212
13,47.7024,-122.360771
13,32.89488,-96.805432
13,35.772308,-78.64415699999998
13,34.18315,-118.164442
13,25.844905,-80.206903
13,25.904321,-80.24255500000002
13,30.27018,-97.739372
13,34.072067,-118.07309
13,29.991959,-90.093083
13,33.21196,-111.772614
13,32.311729,-90.889778
13,38.416092,-82.29205400000002
13,45.546929,-122.678472
13,34.148506,-118.154907
13,32.441982,-93.75396
13,38.761236,-120.57117
13,44.920144,-123.228483
13,30.250673,-81.549545
13,43.15391,-77.67904
13,38.636311,-121.270566
13,40.85645,-73.938735
13,45.826506,-123.960693
13,34.786659,-82.51059000000002
13,34.069775,-118.236153
13,41.497515,-94.86862
13,32.647144,-96.781181
13,35.464149,-97.653328
13,38.63567000000001,-90.405457
13,35.193589,-80.873207
13,33.46548,-117.689059
13,39.200839,-120.096335
13,34.601973,-117.578269
13,45.1913,-118.00076
13,28.109557,-82.45979799999998
13,38.249279,-122.066231
13,34.829239,-82.30319200000002
13,25.435549,-80.489269
13,28.42982,-81.40103
13,30.20075,-85.624924
13,39.014446,-77.095051
13,41.8354,-88.010834
13,39.73247408847936,-75.31131148302406
13,28.381032,-81.404624
13,32.859732,-83.684612
13,35.041920000000005,-81.815651
13,30.629623,-88.11779
13,37.35518,-122.06213
13,33.974216,-118.225212
13,34.139826,-80.915192
13,38.997858,-76.590249
13,32.326572,-86.31596400000002
13,37.658848,-122.103119
13,35.746075,-78.62207
13,43.633811,-116.355745
13,35.164615999999995,-80.875011
13,34.089901,-80.927338
13,30.1824,-92.070206
13,35.20124000000001,-80.84366
13,41.866062,-88.11153399999998
13,47.57317000000001,-122.33933
13,32.81768,-117.11517
13,43.029281,-83.754504
13,40.036531,-76.294485
13,40.731366,-73.917598
13,41.408421,-82.93379399999998
13,39.015783,-77.001366
13,26.70762,-80.06206
13,37.972874,-122.319457
13,30.474788,-87.221705
13,33.761883000000005,-117.972343
13,33.960007,-118.286764
13,35.82132,-119.258682
13,38.763755,-121.149908
13,33.075171999999995,-117.07048600000002
13,30.218528508995924,-89.78712916331392
13,33.77975106223212,-118.08999180737452
13,33.48574,-112.3626
13,41.00266098956583,-111.9273269171146
13,40.17606,-75.12308
13,32.925705,-96.806475
13,25.943921,-80.20533
13,38.843407,-94.529137
13,43.058069944176395,-76.08368039094883
13,43.11810851076547,-76.2283480163754
13,34.12079,-80.859851
13,27.388306,-82.459515
13,33.612244,-83.750229
13,34.030290841894,-117.65538811627552
13,37.444252,-122.269119
13,34.030597,-117.628436
13,37.805381,-120.715956
13,39.93215900000001,-76.80753100000003
13,38.246685,-104.241511
13,42.945163,-85.665716
13,41.794013,-85.49996999999998
13,25.840238,-80.24971
13,29.88333900000001,-95.469383
13,25.882822,-80.24470500000002
13,34.021922,-84.324048
13,40.903914,-74.105216
13,45.509358,-122.72865
13,32.877784999999996,-85.15164200000002
13,29.1130507,-82.44824052
13,41.22872,-73.24401999999998
13,34.027976,-117.126373
13,30.593486,-87.00105
13,33.856062,-118.011259
13,43.612238,-116.354739
13,34.120662,-118.08441
13,30.307234525536018,-97.75073647452471
13,35.79725999999999,-78.577766
13,36.934728,-76.29819599999998
13,41.59866929034424,-72.70806670154234
13,35.266028999999996,-80.769142
13,38.880017,-76.999881
13,34.121164,-117.832242
13,38.665951,-122.591301
13,38.781529,-121.944444
13,39.261488,-76.572406
13,47.271122,-121.269775
13,48.188202,-122.225456
13,41.859398,-88.05611400000002
13,27.585334999999997,-82.540161
13,27.493607,-82.484863
13,34.034665999999994,-81.108244
13,33.65061879141974,-84.44125056226521
13,41.671992,-73.808223
13,33.582395,-84.367915
13,42.504307,-83.115341
13,27.493607,-82.484863
13,36.412529,-82.425507
13,44.870315999999995,-93.08284
13,38.15158009510922,-106.33597254702408
13,33.271327,-80.568974
13,30.457559999999997,-91.175331
13,30.408533,-97.874832
13,40.066643,-76.31530699999998
13,39.2589,-74.64477
13,28.62531,-81.3865
13,44.861614,-93.298309
13,38.580732,-77.324118
13,33.809055,-118.287476
13,33.912684999999996,-84.286293
13,28.553158000000003,-81.35548399999998
13,37.20709,-93.292335
13,41.226452,-95.942429
13,34.019512,-118.180023
13,30.248053,-97.73542
13,43.181278000000006,-77.58721899999998
13,32.880888,-96.878291
13,39.246095,-84.365782
13,33.88485074,-117.6438868
13,34.509781,-81.993721
13,33.831184,-118.084007
13,33.92168,-116.71608
13,37.61619,-122.07354
13,29.77685,-95.388565
13,37.034851,-76.35652900000002
13,34.037764,-118.022191
13,40.655482,-74.006338
13,40.110108,-77.04069799999998
13,47.57042,-122.32
13,34.439803999999995,-119.831123
13,38.498688,-121.430305
13,34.146038,-118.47078
13,38.222748,-122.12883
13,34.063038,-81.04613499999998
13,42.744316,-78.842445
13,42.959568,-71.426008
13,38.59802,-90.44989
13,33.560818,-117.138537
13,29.867690999999997,-95.488152
13,40.678696,-73.88185
13,40.796982,-73.92234
13,33.98076,-117.84163
13,39.62411,-105.153425
13,38.841961,-120.88398
13,34.074473,-117.545045
13,34.604858,-77.859104
13,33.019953,-117.109848
13,45.19031882264522,-123.21172356546778
13,34.718971,-110.113616
13,32.749437,-117.195772
13,33.776756,-84.605835
13,41.03225111941799,-73.75217556918263
13,34.521069,-117.988091
13,33.750999,-84.444115
13,32.735508,-80.053637
13,34.03005481,-117.70356059
13,37.549332,-77.432259
13,40.684449,-78.808157
13,25.665425,-80.324205
13,33.873253000000005,-118.06015
13,39.28321500000001,-120.704765
13,35.824278,-78.75
13,37.378432,-79.909164
13,45.35548,-122.62075
13,39.40451,-81.47436
13,34.220381,-117.41018
13,33.698559,-117.861282
13,40.821603,-111.916491
13,41.74958109835744,-72.71175742114681
13,40.732128,-73.84300999999998
13,45.485962,-92.99662
13,34.031634999999994,-118.188266
13,33.968231,-118.167885
13,47.630411,-122.326549
13,39.643559,-84.327988
13,44.86217,-93.2195
13,35.858897999999996,-78.706512
13,25.899543,-80.38597299999998
13,34.051181,-118.005909
13,39.86911,-104.987694
13,39.93162,-76.68831999999998
13,27.937162,-82.31025600000002
13,38.407982,-120.669762
13,39.986317,-76.667427
13,34.767429,-86.490662
13,28.44984,-81.40085
13,25.689146,-80.38287199999998
13,34.122913,-118.073008
13,41.910061,-83.66171999999997
13,26.61997,-81.862015
13,32.756091356121274,-117.15915799085064
13,39.241028,-76.592911
13,38.645263,-120.693094
13,28.546121000000007,-81.20373599999998
13,44.709456,-93.591416
13,34.063762,-118.247549
13,41.122542,-73.353615
13,39.346494,-77.08489399999998
13,41.92798,-122.581306
13,26.394035,-80.093468
13,40.96913,-73.81699
13,25.807249,-80.301999
13,30.29104,-97.727127
13,32.839556,-117.151668
13,36.110229,-95.922333
13,33.8735,-118.210054
13,28.402851,-81.585365
13,36.169075,-86.809593
13,34.514327,-82.83917
13,33.935358,-118.087215
13,40.535488,-121.738083
13,35.806942,-78.81609300000002
13,45.69028258301882,-118.92769932690176
13,37.980483,-122.042394
13,39.132597,-77.207426
13,34.6092,-118.151802
13,30.07977600000001,-81.706687
13,44.962146999999995,-93.202385
13,33.082623,-80.01391600000002
13,30.642376,-88.567894
13,41.1129,-114.803337
13,35.04063,-80.79390699999998
13,38.985778,-76.55085
13,25.686681,-80.377045
13,35.204769,-80.83586899999997
13,25.970307,-80.165737
13,26.416529,-80.090192
13,32.192027,-110.842767
13,35.911072,-78.728256
13,40.000201,-82.98445
13,34.000786,-117.352219
13,32.698215999999995,-96.839997
13,40.760653999999995,-111.91391000000002
13,37.920646999999995,-122.062325
13,34.140312,-118.0168
13,29.938765000000004,-90.066963
13,29.219061,-82.440712
13,39.10637,-94.58812
13,33.351982,-81.804087
13,34.16531,-78.976669
13,44.234241,-121.201099
13,35.215815,-80.783679
13,38.838313,-77.442693
13,27.996776,-82.57808
13,41.244556,-95.905884
13,39.043091,-77.457123
13,25.845903,-80.248633
13,36.134159,-95.970386
13,34.879644,-82.20737
13,41.601823,-87.16864699999998
13,30.448734,-97.790642
13,34.155045,-118.310867
13,26.585508584849425,-81.79539084395506
13,45.37067055680576,-122.74941801966308
13,28.494552,-81.395985
13,47.532219,-122.197449
13,32.982361,-117.182949
13,25.78457,-80.23617
13,33.282016,-84.700039
13,37.551977,-121.91801
13,41.61737700000001,-72.790378
13,25.689146,-80.38287199999998
13,39.800579,-86.009415
13,34.426624,-117.380325
13,29.704418,-95.512894
13,39.659574,-77.902087
13,32.78425,-82.24515
13,30.195976,-92.075233
13,40.891242,-111.896548
13,30.421799,-91.1782
13,34.033511,-118.221915
13,41.817141,-73.37096899999997
13,25.965535,-80.205997
13,34.140312,-118.0168
13,32.76168,-96.96506
13,32.841589,-117.126666
13,40.813309,-74.058426
13,38.556197,-77.34100600000002
13,34.298832,-117.457809
13,36.269176,-77.722313
13,25.764367,-80.265337
13,38.639843,-90.449455
13,41.435989,-74.358499
13,29.952969,-95.769867
13,38.18642735463053,-121.4029061788492
13,29.633904,-95.427963
13,38.944927,-94.77153
13,35.246632,-80.787903
13,32.982715,-80.193037
13,45.529978,-122.646594
13,34.329815,-118.505829
13,36.033577,-80.384003
13,33.689635,-117.920249
13,41.75731,-72.66268000000002
13,26.634509,-81.86226500000002
13,30.625778000000004,-88.12011
13,28.1915,-82.607574
13,36.805118,-121.650581
13,37.226392,-121.751205
13,36.757902,-76.294467
13,40.867854,-73.958526
13,39.78406500000001,-104.989558
13,34.00602221472737,-117.92963862362896
13,44.858887,-93.32869
13,42.901901,-87.936203
13,36.883462,-76.26130699999999
13,37.316435,-80.05080699999998
13,36.080459999999995,-96.006561
13,39.060111,-84.418258
13,41.804119,-87.910942
13,37.630154,-79.571472
13,31.7272,-106.29981
13,35.863251,-78.589798
13,29.545561,-98.368912
13,37.771231,-122.222371
13,40.231121,-76.436356
13,35.307434,-80.848045
13,27.394012,-82.450541
13,42.33417100000001,-85.304489
13,32.651635,-117.067962
13,25.887227,-80.16431700000003
13,40.465698,-111.94422
13,30.477378,-81.64471
13,34.046996,-118.267955
13,37.7841,-122.243179
13,27.099026,-82.433514
13,38.456685,-121.41037
13,41.279297,-76.361863
13,30.389891,-97.734138
13,25.884496,-80.16516800000002
13,25.002364,-80.52735799999998
13,28.220062,-80.71566
13,40.107174,-75.282608
13,28.159478000000004,-81.440134
13,39.92966,-74.95826
13,40.252831,-75.253426
13,38.555961,-121.398894
13,28.094469,-81.728157
13,39.485916,-121.551081
13,41.389661,-72.865116
13,33.837914000000005,-79.059975
13,33.737194,-84.230675
13,43.659718,-93.193665
13,39.68215900000001,-75.74730699999998
13,30.233406,-97.795509
13,32.2952,-110.961
13,33.406208,-82.025017
13,38.64262,-121.336708
13,29.660852,-95.584279
13,28.53749,-81.33121
13,45.180172,-93.112755
13,40.293705,-75.37670899999998
13,38.148804,-122.380699
13,33.896747999999995,-118.10479
13,37.625858,-120.993411
13,35.39924699999999,-82.5084
13,26.331987,-81.76265699999998
13,38.505622,-121.455968
13,38.910094,-94.695254
13,34.15590405447885,-118.29776644650318
13,34.063713,-117.794393
13,32.782127,-96.811638
13,41.089867,-111.991302
13,38.816577,-77.321101
13,37.316444,-121.970512
13,42.279002,-88.042366
13,39.745865,-84.20516500000002
13,25.769715,-80.33499599999998
13,34.072277,-118.053642
13,33.527699,-112.183083
13,33.994936,-117.361174
13,34.44050900000001,-80.060447
13,33.995937,-118.146202
13,38.744718,-85.042159
13,34.139593,-112.973842
13,27.446348,-82.49354
13,34.046268,-118.258594
13,37.76384,-121.96803
13,29.02773499474989,-81.33669018706637
13,38.869156,-77.307594
13,33.967148,-118.083142
13,34.15167689307141,-118.13434481564455
13,35.385717,-86.496076
13,38.87939,-94.67654
13,35.262371,-77.102737
13,34.03037,-117.63305
13,42.692661,-76.745512
13,34.087269,-117.64781200000002
13,30.18845,-92.075058
13,40.845108,-73.918939
13,33.211890999999994,-87.57235
13,34.21765923483745,-80.59816002807331
13,43.218,-76.3585
13,45.27013400000001,-123.019444
13,44.122273,-122.410513
13,29.597258,-95.387192
13,33.555572,-117.716522
13,45.598713,-122.684418
13,37.213579,-119.553023
13,45.542302,-122.561729
13,35.077506,-85.098496
13,30.376566,-91.099156
13,32.678129,-97.107533
13,34.032444,-118.435711
13,29.845606,-95.39286
13,35.025789,-85.317758
13,41.278076,-95.979851
13,40.844741,-73.904843
13,35.49335100000001,-97.600723
13,41.846661,-87.957726
13,25.883568,-80.243195
13,39.286606,-78.087165
13,30.549097,-87.28299200000002
13,37.516289,-77.594665
13,39.810593,-84.21238699999998
13,38.892792,-77.014309
13,33.29183,-111.90422
13,42.28009,-87.92489
13,33.138241,-97.047867
13,41.892891,-91.671928
13,41.039318,-81.637917
13,29.226311,-81.10548299999998
13,32.894,-96.724839
13,34.230743,-118.409309
13,34.064240000000005,-118.005498
13,36.706935,-78.17262099999998
13,31.794809000000004,-106.356697
13,34.124695,-118.477081
13,30.342348,-97.715996
13,30.164495,-81.747559
13,37.58136,-77.469545
13,34.009572,-117.903384
13,33.796211,-84.393692
13,35.652802,-78.847778
13,25.792443,-80.23956
13,28.421372,-81.402214
13,38.69029000000001,-77.256814
13,33.57841,-111.926
13,33.781036,-84.39089200000002
13,33.879813,-118.347297
13,30.4611,-87.300911
13,34.185493,-118.317795
13,33.908504,-84.42977900000002
13,36.569672,-121.755661
13,38.80486,-104.75749
13,38.80307,-90.72947
13,35.102381,-81.634662
13,33.261833,-84.09523
13,45.065426,-93.286196
13,42.744878,-86.072808
13,37.962436,-122.183826
13,40.350243,-111.769371
13,30.192903,-84.37169200000002
13,36.283804,-119.375852
13,40.987598,-73.66883100000003
13,39.959144,-75.579949
13,37.634457,-122.086586
13,40.853786,-73.963249
13,47.963528,-122.126167
13,38.32326292973364,-122.02541470469464
13,43.002048,-83.765434
13,35.891511,-78.56056600000002
13,38.88862,-77.44513
13,42.338715,-88.004677
13,37.613739,-120.84593999999998
13,34.03025,-117.67227
13,38.781191,-76.997433
13,28.449924,-81.479136
13,38.4419,-82.0139
13,25.687717000000006,-80.34566099999998
13,32.509871999999994,-93.742821
13,30.450490999999996,-87.219521
13,39.021507,-77.384827
13,40.70682100000001,-74.150444
13,40.099955,-75.461673
13,41.60364000000001,-87.71687
13,43.073387,-83.724541
13,35.083611,-81.640068
13,34.226082,-118.375671
13,37.584866,-77.438507
13,33.919918,-81.53533900000002
13,30.237339,-97.823143
13,40.861061,-73.06535
13,43.410319,-124.047242
13,26.103515,-80.16868000000002
13,38.59617,-121.411992
13,33.695392,-84.404615
13,25.887002,-80.323954
13,37.265168,-80.155433
13,43.06958,-76.090546
13,25.702455,-80.332105
13,29.845501,-95.384438
13,40.60108,-75.5604
13,47.661369,-122.32196
13,40.671022,-73.801055
13,47.0472,-122.82139
13,40.675839,-74.27942
13,29.946864,-90.089536
13,33.92419,-84.35795
13,29.737705,-95.499954
13,40.134732,-75.31939200000002
13,47.83173,-122.262177
13,35.118093,-81.57595699999997
13,41.637494,-74.078683
13,28.51001,-81.248032
13,40.596497,-75.340523
13,25.883503,-80.214614
13,37.740827,-121.504157
13,45.058556,-93.028229
13,28.261413,-81.62002
13,42.301544,-83.119324
13,39.518605,-76.201171
13,35.32534718496643,-80.86683154067579
13,40.66586136798541,-74.41541075670996
13,47.91393,-122.20858
13,29.44602,-98.533989
13,27.79126,-82.64672900000002
13,44.24242,-121.19315
13,38.805573,-90.812166
13,41.300197999999995,-72.91548900000002
13,29.727808000000003,-95.377039
13,33.504626,-80.774075
13,40.701443,-73.961205
13,35.005247,-85.15274000000002
13,35.935913,-84.013725
13,39.894894,-86.054381
13,35.925098,-86.520924
13,37.341141,-119.696541
13,42.385233,-83.15662900000002
13,41.698295,-72.644283
13,40.121365,-75.07261700000002
13,33.160175,-111.87439
13,33.592971999999996,-83.630661
13,35.07154,-85.1165
13,33.77737800000001,-86.427238
13,34.908306,-82.339279
13,37.656336,-122.101569
13,39.695865999999995,-86.186867
13,29.766629934168968,-82.50544667204616
13,34.528356,-117.98368700000002
13,32.222426,-110.84108700000002
13,45.547396,-122.56013
13,38.79935,-121.20988
13,29.78478,-95.530695
13,34.067679999999996,-117.584343
13,30.21911,-95.45743
13,34.254818,-83.46305799999998
13,40.041374,-82.996936
13,34.26664710028521,-118.64093899670294
13,35.01202,-82.075378
13,39.25785,-84.80301
13,33.901846,-118.296609
13,40.70937,-73.84206
13,45.546417,-122.537422
13,36.02715300000001,-90.556574
13,39.186455,-120.834941
13,33.103385,-117.310395
13,41.325066,-72.882164
13,25.686033,-80.398689
13,25.564251,-80.383718
13,25.889321,-80.165463
13,40.694981,-73.79008499999998
13,34.13085,-117.92904
13,39.6452,-106.38176
13,26.440292,-82.062866
13,35.461967,-97.711357
13,39.879131,-83.049141
13,34.06654,-117.230362
13,30.318344,-97.706894
13,40.4262,-79.895013
13,38.693092,-77.226524
13,29.644440000000003,-98.637215
13,33.629539,-79.03469100000002
13,40.47843,-80.04271
13,37.383152,-120.621681
13,34.030392,-117.62854
13,40.849331,-73.941016
13,25.645441,-80.333492
13,33.418858,-112.191194
13,37.474269,-77.389884
13,35.08918,-81.098167
13,34.157162,-118.379395
13,33.596508,-111.891663
13,25.963093,-80.185677
13,26.62247,-81.87223
13,33.7453,-84.349014
13,33.086642,-117.299802
13,35.17684000000001,-80.75656
13,27.962477000000003,-82.76286400000002
13,30.419222,-91.071808
13,35.058961,-80.771466
13,38.433128,-122.726196
13,41.889015,-85.663651
13,35.750011,-81.694702
13,35.77212,-78.6385
13,41.741795,-87.943985
13,28.482248,-81.396664
13,44.795658,-124.06523
13,30.428333,-97.681244
13,37.833763,-122.265798
13,29.965405,-95.418861
13,38.151802,-121.66656100000002
13,25.778655,-80.265541
13,40.69155,-78.80221
13,40.705936,-74.249627
13,29.93293,-90.07963
13,42.282124,-85.372007
13,33.872902,-118.342361
13,37.76181,-122.405846
13,38.839206,-78.56380899999998
13,32.72598,-117.07331
13,30.149394,-85.747537
13,26.12088,-80.22721899999998
13,33.854214,-117.941666
13,47.488774,-122.264579
13,30.179673,-97.777924
13,38.042713,-122.241486
13,30.378195,-97.707359
13,36.878833,-119.975035
13,33.288916,-84.693979
13,32.796135,-96.774152
13,45.010342,-93.145996
13,45.407726,-122.744591
13,37.206793,-77.410521
13,25.950545,-80.293602
13,32.694957,-117.133862
13,36.21026158,-80.30285954
13,34.06876,-118.236962
13,34.0316,-118.22274
13,26.39041543,-80.09967685
13,30.36614,-97.683128
13,30.428185,-91.170433
13,43.017525,-83.684464
13,33.778557,-84.241325
13,42.926923,-85.587627
13,25.800867,-80.320904
13,34.55485,-118.13202
13,30.446525,-86.638502
13,29.92659,-90.099692
13,41.766556,-72.68472299999998
13,38.802006,-77.163635
13,35.012856,-81.958076
13,34.056046,-118.45192
13,40.7179,-111.95361
13,34.236182,-117.424783
13,35.60247899999999,-80.592842
13,33.841081,-81.02377800000002
13,27.475482,-82.546591
13,32.85302,-96.886452
13,39.502804,-76.16787
13,45.433521,-122.55711399999998
13,41.853224,-87.91934
13,37.558868,-121.180183
13,41.74364,-87.62476
13,34.016418,-118.239655
13,33.869737,-117.539398
13,44.09527,-123.16473
13,32.95381500000001,-97.310532
13,30.417040000000004,-91.144586
13,39.07943129520854,-94.59426999046995
13,38.93312,-94.672568
13,40.585385,-74.612967
13,41.968819,-72.331131
13,33.984286,-117.842712
13,47.777687,-122.318031
13,39.179424,-94.57779
13,28.291619,-81.66448199999998
13,37.45952,-77.54691
13,41.209094,-111.97924
13,42.68285,-73.843887
13,36.254959,-119.313133
13,25.956173,-80.205572
13,34.065228000000005,-117.806824
13,38.85355300000001,-77.39281700000002
13,47.590496,-122.292416
13,25.883823,-80.36235
13,47.59827,-122.335487
13,33.962009,-84.520409
13,29.778692,-95.368156
13,40.471165,-74.296097
13,29.728679999999997,-95.46022
13,32.180166,-111.082043
13,37.392021417439494,-121.99842095316887
13,36.32853627187572,-119.51113343181842
13,32.909191,-96.886604
13,26.333428,-81.806251
13,36.113867,-86.809825
13,34.702452,-82.393587
13,43.672011,-116.28545
13,34.86739,-82.287491
13,38.08216452580413,-78.99005770645623
13,42.19682,-87.83059
13,37.63736,-121.89113600000002
13,33.957358,-118.170579
13,40.626659,-75.483086
13,39.213264,-121.512848
13,41.969772,-88.34053
13,34.258209,-118.47213700000002
13,35.255085,-80.873077
13,39.447723,-77.38786999999998
13,33.890011,-84.25914
13,42.953954,-74.380678
13,40.995208,-73.658772
13,33.504626,-80.774075
13,33.053433,-117.288599
13,39.01045,-77.1508
13,41.72707,-72.762405
13,45.17247,-122.59541000000002
13,33.171496999999995,-86.77718399999998
13,33.779311,-117.87631100000002
13,28.062923,-82.503873
13,33.97203,-118.28061
13,26.112221,-80.168532
13,33.882296999999994,-118.159954
13,37.845573,-77.452662
13,33.084515,-80.65255
13,40.77692,-73.942654
13,35.078446,-81.71951
13,33.985321,-118.413811
13,37.014603,-76.388283
13,47.819309,-122.10994
13,27.985146000000004,-82.453788
13,42.368727,-88.17303000000003
13,37.634487,-122.086611
13,32.619068,-117.092106
13,25.701238,-80.334038
13,47.776268,-122.1914
13,42.850071,-78.79052
13,34.606133,-120.111039
13,39.43915,-76.297028
13,35.855528,-78.701487
13,32.846416,-83.64213199999998
13,38.927212,-76.96727
13,34.496651,-81.844261
13,47.5348,-122.19608
13,38.95997643452185,-76.8654692169339
13,29.629615,-82.32244
13,38.297797,-120.704682
13,28.56983,-81.286198
13,41.06204,-81.50482
13,37.732819,-122.186981
13,34.017912,-118.159376
13,28.554999,-81.377661
13,38.631902,-90.286315
13,40.743244,-73.837616
13,39.87433,-82.92708
13,33.661235999999995,-84.324715
13,38.960128999999995,-77.354424
13,42.15319,-88.02890500000002
13,37.540231,-77.42675
13,32.964252,-96.340668
13,29.026957,-82.24031
13,43.61947,-116.326542
13,39.10442000000001,-94.68018
13,34.148308,-118.469597
13,35.305782,-80.749741
13,35.354675,-119.305662
13,34.06943,-117.79716299999998
13,34.14867,-118.050171
13,33.655674,-117.74407
13,33.88752,-118.104301
13,33.77394,-117.87188
13,38.220724,-122.257541
13,34.030617,-117.624085
13,41.067799,-73.493172
13,42.417213,-82.937149
13,39.9354,-75.199751
13,33.804733,-79.016853
13,29.72755200000001,-95.461868
13,39.31205392,-120.50187707
13,36.370686,-119.206666
13,38.618019,-121.401466
13,34.234203,-118.472988
13,30.381029,-91.038376
13,36.786861,-76.42347
13,31.256809000000004,-89.338921
13,33.56965899451461,-117.672060727512
13,42.451171,-83.094887
13,33.235886,-111.789444
13,40.001823,-75.277847
13,25.946466,-80.147125
13,34.131283,-99.137321
13,35.297623,-80.739052
13,41.175248,-76.791496
13,29.854886,-81.354739
13,30.320985,-81.704413
13,35.46422600000001,-97.545532
13,30.083302000000003,-90.423935
13,33.83866,-117.87594
13,39.87168,-104.9877
13,36.73937700000001,-80.769364
13,45.66414,-123.16425
13,36.163556,-86.796408
13,26.208897,-81.76830600000002
13,30.418899,-91.148342
13,30.457825,-97.792847
13,33.917004,-81.514015
13,34.060547,-118.215179
13,38.28452,-121.45776
13,39.014446,-77.095051
13,37.099865,-120.878916
13,37.80437350255104,-77.46113419495839
13,29.805196999999996,-95.284584
13,41.807888,-88.075928
13,33.288361,-111.755745
13,42.415543,-83.21888
13,40.884258,-111.885628
13,39.942524,-86.61972
13,35.744726,-119.242807
13,33.411369,-84.16113299999998
13,26.304365,-80.129478
13,39.024801,-123.312829
13,36.096181,-95.904444
13,44.287058,-118.977416
13,41.542585,-72.79374399999998
13,25.597677,-80.379266
13,43.03173,-83.696228
13,40.853663,-73.965023
13,32.776207,-97.212563
13,33.932894,-118.177796
13,40.441948,-79.796805
13,37.866989,-122.198837
13,35.22642000000001,-80.84421
13,36.518034,-121.137039
13,34.878111,-111.637096
13,35.140553000000004,-80.784935
13,40.091198,-75.40831
13,40.735309,-73.917281
13,33.45759,-117.65378
13,39.114048,-77.209976
13,39.7258,-105.01328999999998
13,41.349133,-74.274971
13,33.895,-117.558399
13,34.886608,-82.067291
13,30.439290999999997,-91.179283
13,39.63137800000001,-104.902832
13,41.910046,-87.950562
13,25.884512,-80.24322
13,38.599876,-121.40148899999998
13,38.660997,-121.35162
13,36.24332800000001,-86.748222
13,35.184261,-80.807602
13,37.33869910000001,-120.56440473
13,25.684022,-80.459265
13,39.29188900000001,-76.553818
13,34.153209999999994,-118.367584
13,34.770472999999996,-82.386864
13,37.637823,-77.55310899999998
13,30.220115999999997,-92.022774
13,33.654927,-78.98956
13,33.760079,-78.960385
13,26.3745,-80.170998
13,28.47448,-81.396742
13,39.083256,-84.52248399999998
13,38.247368,-122.074554
13,26.148328,-80.168841
13,25.763638,-80.31907700000002
13,35.735489,-78.649048
13,35.82687,-85.462257
13,37.29541,-76.510788
13,34.034667999999996,-118.026482
13,39.07928,-94.491
13,36.794548,-81.68066400000002
13,34.070206,-117.864616
13,30.343799,-97.678426
13,25.807949,-80.31314499999998
13,36.086901,-86.730223
13,45.117443,-107.340665
13,36.04297757,-86.65512443
13,25.929694,-80.12652299999998
13,25.866901,-80.20837399999998
13,38.868631,-77.047061
13,26.056061,-80.207642
13,33.656406,-84.49771899999998
13,34.439301,-117.370674
13,33.916721,-117.291985
13,29.736589,-95.368637
13,37.15833,-93.233905
13,35.608475,-97.602913
13,38.008133,-122.118101
13,40.20417,-74.66424599999998
13,39.982649,-76.728912
13,38.39018940907293,-75.1139008995289
13,35.260979,-80.819649
13,25.708799,-80.284041
13,36.429648,-120.10308
13,35.830528,-78.61879
13,29.786657,-95.606934
13,42.146826,-122.639234
13,26.0024392603588,-80.33957362136678
13,40.309326,-79.598694
13,45.497957,-94.238193
13,39.560724,-78.2648
13,32.755158,-96.616693
13,33.901327,-98.537744
13,44.8957693574672,-93.44450354531553
13,37.734898,-122.408661
13,28.482248,-81.396664
13,35.100464,-80.97060400000002
13,33.46709,-117.66964
13,36.127047999999995,-86.727776
13,34.572918,-119.959068
13,39.259857,-84.336365
13,33.324804,-117.149438
13,37.178051,-121.995544
13,35.067840999999994,-120.594193
13,29.786125,-95.103622
13,41.87572,-87.65115
13,33.23744600000001,-87.569801
13,25.708067,-80.285596
13,40.564028,-75.479821
13,45.374386,-122.601598
13,34.881541999999996,-82.616104
13,43.19838,-123.35962
13,43.142509,-77.54770699999997
13,35.493259,-97.547699
13,33.91222,-118.0734
13,38.867225,-77.048376
13,38.898117,-77.198524
13,35.86731,-82.314858
13,41.843,-91.66562
13,41.79884000000001,-88.27512
13,41.857243,-83.410791
13,30.266764,-97.625427
13,36.876492,-77.823392
13,39.114914,-76.78019
13,35.479027,-97.654312
13,25.963,-80.162042
13,26.70145,-81.760101
13,25.600465,-80.353415
13,37.71935300000001,-88.958336
13,40.987408,-73.670479
13,32.495518,-93.760696
13,33.915649,-118.309027
13,35.667469,-97.531723
13,32.236159,-110.942479
13,34.143328000000004,-118.278084
13,39.49099,-77.56159
13,36.089851,-95.922256
13,35.224716,-80.901146
13,37.896435,-121.641295
13,30.488895,-91.112625
13,32.704006,-117.146452
13,37.469943,-87.705771
13,25.862977,-80.32317900000002
13,33.706234,-81.101457
13,34.077169,-117.546199
13,35.75383,-78.631241
13,40.76506,-74.02169
13,39.801956,-104.984344
13,38.92927,-104.614725
13,39.145633,-121.593757
13,34.067402,-117.575066
13,33.305264,-87.60112
13,33.750378000000005,-117.845033
13,39.182145,-84.647975
13,38.575077,-121.534981
13,42.37923,-83.198112
13,32.236179,-110.90116100000002
13,29.728679999999997,-95.46022
13,38.828243,-91.039536
13,28.975509999999996,-82.362961
13,40.701443,-73.961205
13,38.654121,-121.382935
13,34.03109,-118.259205
13,25.899528,-80.184815
13,34.065338,-118.243377
13,28.449397,-81.46578199999998
13,28.605956,-81.386264
13,35.246956,-80.89679699999998
13,36.944498,-76.270584
13,36.672707,-121.811211
13,37.71491500000001,-121.55888600000002
13,36.088145,-86.701515
13,41.851337,-124.142642
13,42.981457,-85.683029
13,39.665607,-74.88928
13,42.040997,-87.984955
13,35.21286,-78.657944
13,36.176465,-86.80070699999997
13,25.963507,-80.165993
13,25.689146,-80.38287199999998
13,31.902889,-106.424431
13,45.348129,-121.963242
13,33.991519,-118.448669
13,44.298122,-93.30948
13,39.334091,-121.687698
13,29.773279,-95.410629
13,34.070282,-117.864295
13,38.511184,-112.261146
13,38.522175,-77.369316
13,37.106091,-120.225395
13,35.137254,-91.812819
13,32.747519,-83.716431
13,42.011814,-87.75164000000002
13,39.422281980326545,-75.76348900758856
13,38.994713,-77.40812700000002
13,34.492081,-118.283417
13,43.016762,-83.74722299999998
13,33.989336,-118.256424
13,34.058125,-118.214264
13,40.071442,-123.639591
13,32.756915,-117.225022
13,39.07235,-84.46388
13,47.555602,-122.376277
13,43.060565999999994,-83.77295699999998
13,34.116341,-80.885109
13,30.234507,-97.911072
13,30.222074,-97.683013
13,35.4425,-119.08611100000002
13,30.235514,-97.763802
13,29.495382,-98.400736
13,33.386669,-111.957825
13,39.277725,-77.32356999999998
13,36.646488,-78.663353
13,33.931019,-118.308395
13,39.7973,-120.136074
13,25.761816,-80.337981
13,45.918458,-122.750468
13,29.799719,-95.41008
13,38.85338,-120.03456
13,34.427048,-118.58548
13,40.82948,-73.834594
13,30.193521,-97.752434
13,40.892857,-74.667046
13,26.718931,-80.08979000000002
13,28.099558,-82.693955
13,34.122634999999995,-118.478424
13,38.807831,-77.155652
13,36.89641356450607,-121.67608380259668
13,42.24015,-87.905739
13,36.388307,-86.715525
13,33.887312,-118.363433
13,40.809284448429054,-74.29041981661658
13,43.065361,-76.161583
13,34.08168,-117.719543
13,36.717682,-119.785042
13,35.40474000000001,-105.487986
13,28.367665999999996,-82.661697
13,29.751261,-95.371979
13,25.768424,-80.369784
13,29.84127800000001,-95.515472
13,34.05721,-117.29796
13,25.688012,-80.384015
13,35.030304,-80.851578
13,37.143982,-121.984772
13,32.836544,-96.778915
13,31.35445475563357,-89.34883475261043
13,40.75890183429356,-74.11594748461667
13,25.957344,-80.20402
13,37.21689600000001,-77.39246899999998
13,34.833031,-82.296837
13,34.0703,-117.207662
13,33.872736,-117.698319
13,34.043812,-80.941002
13,36.71985,-119.3944
13,33.580826,-112.010681
13,33.459877,-86.753716
13,41.311024,-74.122162
13,39.34017,-77.37183
13,41.2264,-77.153805
13,32.800329999999995,-96.62612
13,35.53290725,-119.19126391
13,40.15201,-75.347719
13,37.814788,-120.656471
13,25.72981,-80.43615600000003
13,35.525078,-97.5588
13,29.618271000000004,-95.464914
13,42.476719,-83.111855
13,32.498137,-93.712296
13,40.05928,-75.339737
13,30.391911,-91.111065
13,35.12381,-106.621742
13,40.808805,-73.93614000000002
13,33.163189,-117.211578
13,25.670941,-80.414505
13,43.91908,-123.01205
13,32.766455,-96.732974
13,29.912001,-95.412514
13,36.833456754508816,-76.13303303682262
13,40.749252,-74.118163
13,33.702644,-117.084885
13,40.092626,-75.288063
13,45.06919600000001,-93.400982
13,42.428041,-83.09445
13,34.824791,-82.013474
13,35.856171,-78.641243
13,34.065781,-81.116585
13,28.567595,-81.20780400000002
13,41.004593,-73.694496
13,47.619819,-122.328653
13,25.627116,-80.3418
13,33.744976,-84.390343
13,42.48717,-83.477021
13,25.631644,-80.41476800000002
13,28.767297,-81.593328
13,37.866157,-122.0275
13,32.812718152843416,-80.03463864288314
13,40.8497,-77.970058
13,25.939253,-80.296094
13,34.434758,-77.63157700000002
13,47.298797,-115.176172
13,34.008904,-117.550507
13,34.025490000000005,-118.46598
13,34.055145,-118.214188
13,40.871907,-76.81909399999998
13,39.977394,-83.150467
13,37.145477,-121.98488600000002
13,35.22972100000001,-80.962158
13,33.847833,-117.855511
13,34.061428,-117.789467
13,33.17136,-87.525083
13,35.037399,-81.832779
13,38.092361,-85.875214
13,35.875469,-78.576782
13,29.715656,-95.278267
13,32.923871000000005,-96.761764
13,33.064613,-117.068977
13,40.84317,-73.927666
13,44.738033,-94.643202
13,39.895531,-89.003937
13,29.025051,-81.265346
13,33.91903,-84.29309
13,35.381568,-119.109817
13,33.516490999999995,-112.059067
13,26.2392,-81.801039
13,35.068134,-85.30502299999998
13,44.948479,-92.934319
13,34.750858,-120.520432
13,33.916428,-118.298622
13,39.021433,-77.385
13,33.188676,-117.360765
13,40.039867,-76.268536
13,34.055729,-118.18036200000002
13,39.953568,-82.993401
13,32.972221000000005,-80.01840200000002
13,25.89852,-80.160909
13,45.144334,-122.76453
13,27.859961,-82.79531899999998
13,38.969703,-76.263738
13,30.206797,-97.796616
13,35.828753999999996,-78.852379
13,38.610847,-121.415344
13,28.566847,-81.20678000000002
13,38.872124,-78.52729000000002
13,37.7068,-122.12037
13,42.925284999999995,-74.197983
13,38.552139,-121.415749
13,30.43737,-97.760506
13,33.687443,-117.872009
13,30.535926,-91.188011
13,39.778141,-105.109642
13,47.206554,-122.461746
13,34.521107,-117.983665
13,35.85655999999999,-78.67156999999997
13,38.62754,-76.91263000000002
13,36.11113,-86.923141
13,33.20657,-87.56854200000002
13,34.743402,-82.834066
13,47.603092,-122.337769
13,33.387151,-117.174479
13,29.85972000000001,-95.524506
13,29.569773,-95.1689
13,26.528056,-81.869772
13,36.503556,-119.593089
13,35.342018,-80.76678199999998
13,37.9409,-121.298415
13,35.449661,-97.706932
13,44.889889,-93.389164
13,40.756739,-73.853598
13,41.69449,-91.740142
13,33.019402,-117.282524
13,37.3679,-77.41735
13,25.444197,-80.475002
13,28.451531,-81.400598
13,41.703576,-86.209369
13,34.663696,-81.92759699999998
13,42.356281,-83.111198
13,36.020592,-78.90525799999998
13,32.959801,-96.728443
13,34.459339,-82.763498
13,29.967639,-90.081499
13,34.145373,-117.289551
13,39.131142,-119.770218
13,37.82282,-122.2613
13,34.03006,-117.704239
13,25.88937300000001,-80.16444200000002
13,25.904669,-80.340552
13,45.513277,-122.66801
13,35.82689,-84.28148
13,39.696503,-86.18354000000002
13,30.270740999999997,-97.719276
13,28.054261,-81.954239
13,33.685459,-112.1123
13,41.288369893830826,-72.62270808185279
13,30.443649,-91.175659
13,38.846851587110294,-77.43147969208987
13,40.428673,-79.931641
13,34.006482,-118.061406
13,29.99724,-90.14711
13,44.95333,-93.08086
13,37.33575,-121.85863
13,36.217274,-85.479945
13,41.813423,-71.407829
13,36.340969,-79.69965400000002
13,39.733475,-82.98642199999998
13,34.058611,-118.454588
13,37.33313,-121.93801
13,33.807225,-118.151491
13,34.014136,-118.167584
13,32.92654,-117.23967
13,34.493458000000004,-118.210159
13,25.912933,-80.32504300000002
13,34.043037,-118.217239
13,40.836009999999995,-73.33532
13,35.317679999999996,-119.003128
13,37.196491,-93.2751
13,28.551918,-81.49074
13,41.46638,-81.75515
13,34.06565,-117.99678
13,40.11461,-75.349638
13,30.220681,-81.583848
13,28.39472,-81.244396
13,32.245201,-86.136833
13,33.975681,-117.335442
13,37.39295300000001,-76.771648
13,37.389408,-120.613441
13,28.45024,-81.42752
13,33.80341,-117.233055
13,34.895309000000005,-82.311142
13,40.804958,-73.280563
13,42.310623,-71.062225
13,28.849085,-82.604039
13,40.987408,-73.670479
13,27.273686,-82.133967
13,37.463565,-120.90361
13,34.661739000000004,-82.392937
13,28.54731,-81.43032
13,36.596938,-85.58234499999998
13,33.491325,-112.112973
13,43.10252,-87.91848
13,42.888699,-87.936798
13,40.05151,-75.526466
13,33.659646,-117.74675
13,34.152339000000005,-118.094172
13,39.55688595752928,-104.87882494876442
13,34.052658,-118.22657
13,45.125493,-123.2064
13,32.826993,-96.822996
13,38.915455,-121.040489
13,47.531269,-122.197189
13,40.808975,-73.217087
13,34.288834333256304,-119.33118939342822
13,36.62643313390433,-82.15723156889841
13,25.88388,-80.207513
13,35.373444,-97.530113
13,34.029808,-117.712334
13,45.479648,-122.566006
13,29.737672999999997,-95.496346
13,36.129341,-86.802544
13,37.718113,-121.823457
13,36.203252,-95.958219
13,33.880795,-118.11731
13,37.256237,-121.955391
13,40.06911,-75.6718
13,33.799694,-118.141051
13,39.350631,-76.494846
13,41.20935,-111.97073
13,37.199821,-77.443329
13,34.083509,-118.308074
13,45.126743,-93.485001
13,38.902169465833175,-94.34437394097164
13,40.758019,-73.981794
13,27.792394,-82.728337
13,27.448529,-82.581981
13,29.776784999999997,-95.272026
13,30.191279,-81.713479
13,34.757851,-86.59270500000002
13,32.83266,-97.20945
13,38.702057,-121.382851
13,39.649581,-86.07413100000002
13,46.08729,-88.07576
13,34.279385,-118.455269
13,39.010721,-77.064812
13,29.59688,-95.38635
13,33.791382,-117.88931200000002
13,43.633798,-116.246244
13,39.583488,-119.743004
13,33.87655,-118.1321
13,36.19122,-86.745094
13,27.922668,-82.351682
13,36.143495,-85.37437
13,25.92478,-80.154122
13,45.125164,-94.98194
13,30.21912,-92.075867
13,38.631306,-77.292534
13,40.376829,-111.820174
13,41.948794,-91.670812
13,34.063976000000004,-117.813133
13,40.063605,-75.81474
13,38.586819,-121.555847
13,39.527649,-119.739662
13,25.925832999999997,-80.260582
13,39.5950162408848,-79.9827539916993
13,32.236179,-110.901176
13,47.867722,-122.639214
13,33.810146,-117.8321
13,37.661078,-77.64179200000002
13,35.59822440130425,-78.13147187195716
13,33.923103999999995,-118.368863
13,28.403990000000004,-80.81967
13,36.805298,-119.78508
13,29.653553,-95.550423
13,40.760197,-73.83498399999998
13,27.791773,-82.356865
13,29.960695,-81.671028
13,39.660838,-75.653253
13,28.552094,-81.456642
13,34.065025,-117.312248
13,27.849078999999996,-82.762383
13,34.171955,-118.607031
13,30.206288,-97.645842
13,34.026848,-118.429909
13,27.968388,-82.401611
13,25.581957,-80.36649399999997
13,39.84973400000001,-77.040432
13,35.778481,-78.50824
13,34.114946,-118.241323
13,29.431634999999996,-98.50029
13,35.609154,-97.504097
13,40.606432,-77.56650400000002
13,42.059135,-86.457298
13,38.55060200000001,-121.422722
13,40.51427,-74.3771
13,34.820232,-82.263145
13,29.727623,-95.557541
13,33.678608000000004,-78.964973
13,35.833942,-78.67308
13,33.571861,-86.63825200000002
13,41.96342,-91.93958
13,37.506832,-122.338654
13,30.851452,-86.87774
13,32.365833,-86.271233
13,38.58125,-121.38305
13,28.4882,-81.396858
13,40.689659000000006,-73.567599
13,40.870938,-74.643852
13,33.31944,-84.2895
13,40.692096,-73.882654
13,38.816689,-90.953629
13,34.853268,-82.453239
13,32.74953,-117.1555
13,43.327661,-73.667866
13,37.57134600000001,-77.518967
13,33.450092,-86.81813000000002
13,30.259314,-97.693619
13,38.15519000000001,-121.676437
13,36.034088,-86.783401
13,26.208408,-80.19722
13,40.754646,-73.898964
13,27.69622,-80.89494
13,43.177444,-83.77327
13,41.117802858156594,-78.54796528778766
13,32.417079,-93.722556
13,40.662705,-77.457102
13,42.441726,-122.833936
13,40.69397,-73.81184300000002
13,33.527149,-112.189339
13,35.112091,-80.895813
13,36.396187,-119.29641
13,38.93513,-76.91712
13,43.28356,-123.35597
13,35.2024,-80.72606999999998
13,25.868718,-80.225289
13,41.538418,-87.962051
13,29.712287,-95.50368
13,32.9044,-96.737839
13,45.133241,-122.83333
13,40.527618,-74.272346
13,32.731983,-117.11123
13,46.0252153871249,-107.82502770372471
13,25.833467,-80.322209
13,28.208259,-80.672065
13,42.267754,-83.225174
13,33.657219,-117.76003
13,29.701897,-95.571108
13,30.248877,-92.013336
13,38.941257,-94.761276
13,30.132376,-81.783508
13,37.715838,-120.460229
13,29.940694,-90.097952
13,26.49766,-81.482108
13,34.148628,-118.054497
13,45.445164,-122.736678
13,25.945203,-80.179176
13,40.014209,-75.05563599999998
13,35.031009000000005,-120.486344
13,40.13092,-75.202446
13,41.212517,-96.081451
13,34.315107,-117.492989
13,40.359183,-122.28368
13,33.941181,-117.876488
13,34.076626,-117.745222
13,29.71538,-95.593349
13,33.637121915656856,-80.87685227355537
13,26.06273,-80.20920799999998
13,29.716459000000004,-95.499268
13,37.58850932103353,-77.47881531678445
13,27.95593,-82.46595
13,39.432324170878246,-77.48967289887672
13,34.121164,-117.832242
13,27.951594,-82.354563
13,28.651996,-81.329165
13,33.084274,-117.298304
13,26.397971999999996,-81.81062299999998
13,36.77467,-76.253548
13,38.499675,-77.38046899999998
13,34.15205,-118.12751000000002
13,40.62822461108862,-75.2805840965496
13,36.591503,-119.64631599999998
13,34.042952,-118.272653
13,35.772949,-78.64050300000002
13,36.744021,-119.819759
13,36.728101,-119.79588
13,38.65518,-121.53125
13,28.535321999999997,-81.38333100000001
13,45.5394,-122.4541
13,44.502977,-122.863016
13,44.970894,-93.44487
13,33.87521,-118.01255
13,40.439617,-80.00971899999998
13,32.732620000000004,-97.37864
13,33.935349,-118.089175
13,32.800126,-96.822272
13,42.080681,-88.335991
13,27.269159,-82.4646
13,44.777002,-93.277846
13,38.012142,-121.869453
13,30.233135,-97.739002
13,40.061186,-75.626469
13,37.323672,-121.940628
13,41.808861,-88.011078
13,33.869892,-87.437721
13,30.271111,-97.738991
13,30.403731,-86.87134499999998
13,34.459096,-117.55514
13,38.31493,-122.482071
13,40.58771,-111.93531000000002
13,32.901947,-80.022697
13,27.946139,-82.328935
13,33.902004,-118.10508
13,42.312054,-87.904701
13,43.15025,-77.63608
13,47.400501,-92.760154
13,27.832563,-82.63874799999998
13,30.261164,-97.736202
13,25.967857,-80.145088
13,35.203941,-80.750366
13,34.070083000000004,-117.147638
13,30.178429,-97.800491
13,41.19732800000001,-112.03809
13,34.529702,-82.836561
13,26.25916,-80.2499
13,41.57566,-73.82041
13,40.061253,-82.99041700000002
13,35.49274600000001,-80.56838
13,28.407493,-81.40349
13,32.980343,-117.25312
13,38.817417,-121.189842
13,42.584247999999995,-70.820679
13,34.886608,-82.067291
13,42.418785,-71.217316
13,34.02722,-118.03762
13,38.303595,-78.930173
13,35.855095,-78.581078
13,42.421031,-87.85503
13,38.62458,-121.5173
13,38.68327,-90.227623
13,30.518201,-87.27245500000002
13,33.856911,-117.976784
13,34.026855,-117.119331
13,29.183117,-81.090446
13,39.014305,-76.491104
13,45.002163,-93.230392
13,35.086420000000004,-80.845912
13,35.138271,-85.247726
13,37.12924,-121.97732
13,26.548758000000007,-81.839259
13,33.928169,-118.239164
13,33.949446,-118.092255
13,39.95760300000001,-104.987915
13,44.99910950639248,-93.08940052941756
13,36.163615,-86.793803
13,40.124287,-75.29244200000002
13,29.29857373223639,-81.13033175429759
13,29.50859,-98.542384
13,34.157271,-118.290736
13,35.319958,-97.596642
13,32.161265,-110.999835
13,28.66385579095524,-82.14626669844556
13,36.776773,-119.843616
13,41.244479,-111.996017
13,32.60249,-117.08986000000002
13,34.040837,-118.170209
13,34.509338,-118.111954
13,36.033119,-79.800919
13,25.845602,-80.252787
13,29.627583,-95.238487
13,35.353153000000006,-118.967998
13,34.105926000000004,-80.903049
13,35.79725999999999,-78.577766
13,32.411976,-80.652725
13,25.882665,-80.361159
13,39.168734,-76.732624
13,34.027473,-81.10296600000002
13,36.14732,-86.75788
13,47.507853999999995,-122.281776
13,35.147956,-80.828976
13,41.596051,-74.086078
13,37.204891,-76.574577
13,30.333747,-87.141037
13,37.741672,-77.471192
13,39.147152,-84.452492
13,25.612847,-80.320972
13,47.630966,-122.188461
13,40.903327,-111.891714
13,30.691941999999997,-88.028114
13,30.205429,-97.75782
13,33.825943,-118.24157
13,35.608554999999996,-97.435455
13,37.454988,-77.55439100000002
13,38.868153,-77.308617
13,39.845626,-85.35305
13,33.45988154395361,-80.73184132537494
13,29.818039,-95.361206
13,36.115157,-86.72465
13,33.190233,-117.188879
13,30.339207,-97.657426
13,33.634254,-80.875694
13,25.732845,-80.348939
13,33.38471,-111.96764
13,33.96747,-118.232838
13,37.453843,-122.1298
13,34.272236,-118.353287
13,40.681984,-112.09188799999998
13,36.501366,-82.563309
13,35.044369,-85.279595
13,34.891428999999995,-82.161792
13,33.656759,-117.744526
13,27.853603000000003,-80.497345
13,34.067371,-117.513855
13,47.513241,-92.559799
13,39.494034,-121.031902
13,41.561169,-74.427177
13,34.84243,-81.687462
13,30.28397600000001,-97.671646
13,29.744961,-95.461105
13,34.000574,-117.888032
13,38.496158,-121.429183
13,28.414578999999996,-81.242928
13,42.490171,-83.285368
13,39.092129,-84.252861
13,28.236654996737304,-81.6437280174177
13,47.158376,-122.455429
13,38.93905,-94.7479
13,42.930367,-87.935181
13,38.331215,-85.540657
13,30.29539500000001,-97.742805
13,33.884912,-117.633931
13,39.05352,-77.10678100000001
13,44.493266343858274,-117.36613869611088
13,34.053290999999994,-118.222778
13,38.121255,-122.565829
13,37.855608,-121.272808
13,37.679971,-121.049749
13,40.88391423205908,-73.0118858810758
13,36.404549,-77.721518
13,39.078976,-94.593816
13,38.653221,-121.327652
13,36.985492,-122.030017
13,39.95153,-75.182785
13,29.784393,-95.575668
13,36.678431,-80.712162
13,30.424296999999996,-91.150658
13,43.53402,-123.295729
13,30.391743,-86.49356999999998
13,38.061885,-121.373769
13,25.447767,-80.47896
13,35.10623,-106.65769
13,36.663104,-119.786113
13,33.200229,-117.204008
13,25.689146,-80.38287199999998
13,38.14996,-85.587242
13,47.222996,-122.46331
13,34.249059,-117.189728
13,32.449146,-93.71788
13,34.576482,-118.133501
13,40.701725,-73.992233
13,29.657635,-95.387009
13,33.604351,-117.690598
13,35.65455,-119.681507
13,39.99272,-77.55912
13,31.68004,-85.824516
13,37.504173,-77.439545
13,32.053959000000006,-81.14099399999998
13,29.753066,-82.493434
13,37.743057,-122.198669
13,41.887993,-88.034142
13,36.618571,-119.430753
13,45.323441,-92.929168
13,45.419998,-122.633034
13,33.000994,-96.708749
13,33.463658,-112.272475
13,28.595515,-81.30709300000002
13,33.996346,-117.060585
13,37.552710999999995,-77.475601
13,29.109377,-82.448929
13,38.893625,-77.168995
13,28.196197,-82.464894
13,32.583723,-117.093688
13,33.943546000000005,-117.079468
13,40.216535,-76.059027
13,30.353029,-97.714432
13,40.151546,-75.489644
13,30.42403,-91.156509
13,38.837208,-104.794479
13,32.365833,-86.271233
13,35.973942,-78.552628
13,32.95406,-96.822052
13,32.702953,-80.871994
13,37.779682,-122.39946
13,33.632896,-84.400795
13,33.76774,-84.5322
13,25.672033,-80.381146
13,44.74887800000001,-123.051328
13,25.733220000000006,-80.334094
13,33.614689,-117.707794
13,32.268356,-90.210304
13,38.724659,-104.73317
13,37.395466,-121.916138
13,34.07423,-117.488892
13,43.1596,-76.12102
13,45.50409000000001,-122.5377
13,44.874519,-93.064636
13,35.227987,-80.84193499999998
13,33.987418,-118.071075
13,38.244254999999995,-122.08271
13,45.573454,-118.455048
13,29.770399,-95.216301
13,39.753704,-84.132149
13,37.274483,-122.002647
13,27.880323,-80.501367
13,30.652193,-81.453114
13,40.734722,-73.320412
13,25.93886,-80.35141
13,40.706115999999994,-74.150253
13,41.565269,-87.743629
13,39.782887,-86.157478
13,41.525888,-72.754672
13,37.703437,-122.123149
13,25.84902,-80.32228
13,32.748057,-96.457104
13,43.92945,-92.38108
13,32.192051,-110.853675
13,41.301586,-72.91328399999998
13,33.978722,-118.12783600000002
13,40.587672999999995,-111.900703
13,42.67009377,-83.24108005
13,34.961769,-82.048363
13,33.282768,-111.807182
13,42.637177,-123.38553
13,33.85422,-117.790621
13,34.911194,-80.967865
13,36.914081,-76.263968
13,45.859585,-123.559982
13,29.671442,-95.527639
13,30.189684000000003,-81.73947700000002
13,35.263408,-80.795085
13,29.784176,-95.531746
13,29.59024,-90.72028
13,37.5715,-77.43269000000002
13,41.71329617480415,-87.8011786933527
13,28.494552,-81.395985
13,38.947655,-77.20094300000002
13,42.229748,-70.971634
13,35.782546,-94.186742
13,29.675325,-95.550163
13,36.15404,-86.75744
13,34.734879,-80.774162
13,43.129006,-77.47981999999998
13,36.669323,-82.753126
13,38.607766,-122.595849
13,36.027261,-90.556137
13,25.733229,-80.33374
13,39.261471,-119.582336
13,34.033739000000004,-117.325189
13,36.751518,-119.676987
13,29.821852000000003,-95.27739
13,36.131741,-86.629051
13,28.567228000000004,-81.21121600000002
13,35.290607,-118.747742
13,37.32939,-121.84177
13,34.273058,-118.427019
13,35.00947,-82.17522199999998
13,34.038463,-118.02102
13,28.551347,-81.447505
13,40.666817,-73.765594
13,32.367171,-86.08644699999998
13,35.143967,-80.730953
13,25.894643,-80.211031
13,25.810667,-80.180373
13,28.630865000000004,-81.387703
13,38.155621,-122.406895
13,35.532234,-90.167809
13,42.06525,-78.140793
13,29.018544,-82.197683
13,41.787617,-72.65770699999999
13,40.39133,-79.98661
13,43.15654,-77.638885
13,34.17194,-118.531769
13,38.633633,-121.500381
13,38.845369,-76.92799000000002
13,34.162155,-118.158623
13,37.000008,-121.955862
13,42.37797,-83.22309
13,35.26573777181975,-80.79490542373277
13,38.688261,-76.904185
13,33.787895,-117.831139
13,35.796806,-78.505875
13,36.84600800000001,-76.182887
13,28.552027,-81.470748
13,41.144438,-87.26566
13,34.85318400000001,-82.39380600000001
13,34.279095,-118.469826
13,38.558128,-121.47396100000002
13,36.06377,-79.431152
13,35.29292299999999,-119.252571
13,25.78688,-80.21149
13,29.643789,-98.424927
13,36.06093,-95.889635
13,30.440392,-91.087021
13,26.19981,-80.1478
13,26.843662,-80.129927
13,37.493126,-121.013465
13,41.079632,-73.921959
13,39.24145817737941,-94.45799231484192
13,32.724745,-80.854271
13,39.076202,-84.519508
13,34.871101,-82.429512
13,32.844433,-96.634995
13,33.876484000000005,-118.099956
13,32.67735,-97.05524
13,35.766506,-78.73536700000002
13,37.954954,-91.785143
13,34.246348142460604,-118.83957266750888
13,44.948429,-92.902397
13,38.89912,-75.99453000000003
13,25.923052,-80.309213
13,32.74298,-96.91893
13,37.332561,-77.194717
13,28.52272,-81.506416
13,43.000088,-83.653885
13,46.254181,-112.112878
13,28.026837,-82.18706
13,37.841021999999995,-122.297287
13,34.120487,-117.907539
13,25.630882,-80.38252800000002
13,37.550977,-77.428505
13,30.219599,-97.756615
13,30.729651,-88.172903
13,40.006127,-78.674818
13,34.975838,-85.418304
13,37.214577,-93.261841
13,38.26932100000001,-85.782036
13,29.736561,-95.585007
13,39.890337,-75.23928199999997
13,25.943289,-80.187857
13,39.953518,-82.957588
13,38.477865,-121.426509
13,42.518887,-87.951594
13,31.310321999999996,-92.451721
13,36.10145900000001,-79.360148
13,34.21581,-113.067229
13,34.141503,-117.339834
13,30.002847999999997,-90.035301
13,30.016451,-90.113792
13,33.866075,-117.99738
13,34.072418,-118.072922
13,43.73577,-70.22815
13,35.261253,-80.877037
13,28.480562,-81.329937
13,42.29831814745761,-83.96961092908873
13,45.842889,-95.38432
13,33.964044,-117.325059
13,25.87242,-80.20888000000002
13,47.044022,-122.295319
13,35.541691,-97.601143
13,38.937171,-77.207101
13,34.511009,-82.305748
13,33.582069,-112.117096
13,37.73609,-122.407211
13,33.33568454,-117.15898633
13,41.85939000000001,-88.05611
13,28.930848,-82.111915
13,29.720181,-95.472282
13,45.422454,-122.580906
13,28.488834000000004,-81.429064
13,28.84812,-81.770348
13,35.317615999999994,-119.036034
13,28.597665000000006,-81.208762
13,30.019903000000006,-89.962331
13,34.01375,-117.5501
13,33.739643,-84.328194
13,42.336002,-122.87487
13,33.964874,-81.132797
13,43.15005900000001,-77.678352
13,44.303738,-117.241119
13,44.93291,-93.07175
13,43.196018,-77.576736
13,38.689661,-77.61585
13,38.463352,-121.376683
13,42.41021,-87.878258
13,32.721897,-97.479912
13,37.753468,-122.40286100000002
13,40.665918,-73.832966
13,28.569171,-81.227165
13,29.888332,-95.421768
13,41.86224,-87.918198
13,26.155881,-80.165544
13,40.611156,-122.144798
13,39.494188,-77.178209
13,33.703428,-84.16489
13,32.796409999999995,-96.77652
13,38.795437,-77.187126
13,30.204866,-97.774803
13,34.916744,-82.00431800000001
13,35.903763,-78.78763599999998
13,47.232971,-122.43228899999998
13,40.32324600000001,-80.144115
13,37.50996,-122.33333600000002
13,37.376244,-79.337969
13,45.12802,-93.35629
13,25.505806,-80.437788
13,25.868913,-80.216018
13,32.859103999999995,-96.867889
13,37.629936,-77.514481
13,41.817086934843935,-113.30203413909292
13,39.956041,-79.184157
13,35.098392,-106.51989
13,30.488559999999996,-97.67775
13,40.64455,-111.934858
13,33.887459,-118.10453
13,40.406121,-74.859674
13,34.153442,-118.6521
13,34.038418,-118.274017
13,30.410593,-91.147034
13,35.0051,-85.22723
13,35.333363,-80.721367
13,41.705428999999995,-88.02851899999996
13,41.99508,-73.8756
13,36.060249,-79.608002
13,33.770152,-83.310125
13,39.704305,-86.104281
13,45.48903,-122.67628
13,37.688119,-122.134411
13,40.217357,-77.153031
13,33.03893,-97.00304
13,34.036365999999994,-117.322235
13,46.232558,-119.132675
13,25.909523,-80.30850600000002
13,40.823544,-73.20658900000002
13,29.155529,-81.075623
13,25.562737,-80.36635600000002
13,32.780058000000004,-96.77827
13,40.654312,-73.917618
13,33.594471,-117.24308
13,26.106764,-80.28196700000002
13,40.79014,-73.926221
13,40.667072,-73.995743
13,33.77906,-117.876953
13,35.13395,-80.91136800000002
13,38.35622,-77.06746600000002
13,28.539539,-81.244217
13,43.025555,-83.68087
13,38.23586,-85.61735
13,26.809493,-80.131229
13,33.917103000000004,-118.104564
13,38.918869,-76.932182
13,47.616068,-114.625932
13,33.94733,-118.279709
13,41.208172,-73.09389499999997
13,47.155475,-114.074208
13,33.632252,-117.337338
13,38.962892,-76.939329
13,41.75948,-72.64138
13,34.72005,-86.59801999999998
13,40.70052,-73.50350999999998
13,39.105116,-94.592725
13,29.78482,-95.56549
13,37.909134,-121.284042
13,32.758446,-96.994843
13,33.21773,-111.823818
13,30.422585,-91.051575
13,33.445873,-117.630318
13,27.857192,-82.324665
13,44.059976,-121.298963
13,41.72074600000001,-85.485134
13,32.235889,-110.952374
13,33.820735,-117.518121
13,34.41642,-119.707207
13,25.656971,-80.415902
13,33.68887,-84.303021
13,30.12422,-81.796887
13,29.53320900000001,-98.487862
13,43.148141,-77.642641
13,34.162923,-118.469469
13,37.232422,-82.09961700000002
13,34.829315,-86.571396
13,40.778628999999995,-72.859779
13,30.429161,-91.135792
13,26.330523,-81.80765799999998
13,37.52297,-77.44091999999998
13,26.208693,-80.13844499999998
13,45.96187233902949,-108.07698368974648
13,39.720352,-86.131196
13,39.286264,-94.416334
13,41.31375900000001,-76.653603
13,34.984691999999995,-80.97511300000002
13,40.140284,-75.171613
13,39.038605,-77.05771
13,34.134719,-117.635585
13,28.48953400000001,-81.43616999999998
13,41.668591,-73.788872
13,37.199074,-77.423433
13,31.705909,-106.318526
13,47.645557,-122.304642
13,25.747767,-80.333922
13,39.01585,-77.0079
13,40.278674,-76.818983
13,37.97541,-121.264313
13,37.674561,-97.377838
13,25.764519,-80.260575
13,37.324638,-80.034103
13,44.527237,-87.98735
13,39.878923,-75.102999
13,38.29536,-77.48207
13,29.615789000000003,-98.606316
13,30.359598,-97.532654
13,39.580172999999995,-104.876442
13,45.44703,-122.57893
13,35.087669,-80.852951
13,42.274728,-83.204615
13,38.349549,-120.212197
13,37.385403,-121.976135
13,37.822449,-122.321619
13,40.674541,-111.901299
13,30.424335,-91.150719
13,34.012511,-118.41851
13,38.581309999999995,-121.463463
13,38.134167,-122.476424
13,32.794313,-96.697828
13,33.892748,-111.454771
13,32.932839,-80.054192
13,30.490447,-86.119763
13,32.177914,-111.00759
13,33.88035,-117.56964
13,44.887737,-93.370277
13,25.576363,-80.371864
13,45.53596,-122.66753
13,36.08267100000001,-86.727249
13,34.220814000000004,-81.41194200000002
13,41.71332,-72.59213000000003
13,45.266618,-121.717569
13,30.221331,-92.074341
13,34.063379,-81.138293
13,25.92478,-80.154122
13,28.77680897698985,-81.96462750395791
13,38.612527,-121.346031
13,37.340336,-87.498306
13,41.83242,-71.41703000000003
13,40.794713,-73.825088
13,41.780544,-73.75
13,33.726336,-80.929489
13,41.50688,-72.78854100000002
13,48.36280900000001,-115.320397
13,25.840371,-80.322412
13,30.65678,-87.90515
13,39.840755,-82.60305
13,35.062735,-80.845381
13,28.435666,-81.474455
13,33.254188,-80.320913
13,41.389689,-73.596751
13,34.169991,-118.467561
13,34.029152,-118.431732
13,33.66538166983764,-117.87889122906742
13,33.489777000000004,-81.920662
13,39.803740999999995,-86.275436
13,30.424702000000003,-91.158089
13,47.668671,-122.392906
13,40.739854,-73.83717299999998
13,34.106597,-117.846355
13,40.670077,-74.628741
13,38.496033,-121.44622
13,25.949889,-80.182288
13,42.666603,-71.34864
13,35.841045,-78.61179399999997
13,28.604598,-81.408198
13,33.806166,-117.507167
13,37.512337,-77.39331800000002
13,30.485723,-84.41029300000002
13,39.073837,-76.9058
13,33.95778,-117.85988
13,33.95323,-117.303871
13,39.53981,-118.99662
13,42.510002,-82.91842700000002
13,41.07525,-73.46636
13,45.010868,-93.456978
13,33.467186,-117.669861
13,30.238045,-97.754219
13,38.882359,-104.757027
13,35.851702,-78.62763299999997
13,34.066403,-117.55831299999998
13,41.13896,-111.83522
13,34.446381,-118.102226
13,36.143176,-86.70558
13,32.94568,-97.31165
13,29.603787,-95.11029
13,37.48016,-122.406914
13,37.924914,-122.320716
13,26.696834999999997,-81.900726
13,33.994239,-117.887816
13,35.377262,-97.495102
13,38.207649,-122.256157
13,39.772797,-86.269694
13,30.181282,-81.628235
13,38.656452,-77.279663
13,29.653979,-82.492509
13,37.367432,-121.90097
13,35.20274000000001,-80.734627
13,34.755852000000004,-83.046654
13,41.98541,-87.85709
13,32.74051,-97.3466
13,45.012566,-117.645875
13,33.839195000000004,-84.380112
13,34.97133851034655,-120.42540192546642
13,36.308376,-86.704155
13,41.761337,-72.653515
13,32.28683,-110.9951
13,35.321396,-80.734062
13,35.08767,-80.85295
13,39.450742,-77.989713
13,29.7055,-95.488838
13,43.40845,-73.55753
13,45.356568,-93.81989
13,38.9649760721256,-76.22264027559173
13,34.262749,-118.472069
13,33.987598,-118.137428
13,30.47336,-90.8018
13,35.145378,-85.774757
13,41.887748,-88.13537099999998
13,28.355005,-81.419785
13,33.884903,-117.633461
13,29.83448,-95.342712
13,44.943742,-123.040635
13,29.053539,-82.33318299999998
13,44.969840999999995,-93.307899
13,36.180669,-86.749684
13,28.421362,-81.403312
13,35.571545,-120.552719
13,37.764052,-121.415265
13,32.762571,-97.212929
13,34.21162,-118.22792
13,36.741977,-91.850091
13,36.743843,-119.234398
13,33.428344,-112.06934
13,33.872784,-118.34201000000002
13,33.744640000000004,-84.39967
13,34.888046,-82.372612
13,38.68512,-120.90988
13,33.638259999999995,-112.207245
13,30.203655,-97.63974
13,33.18448,-96.63988
13,25.981409,-80.247999
13,37.744084,-122.405492
14,37.58638,-77.470116
14,38.431297,-122.715569
14,36.504006,-119.54394
14,40.39774,-76.94841
14,40.73985,-73.84559300000002
14,29.793859,-95.528085
14,33.731857,-112.121346
14,34.994992,-86.87823
14,25.78206,-80.32068000000002
14,28.603657,-81.310514
14,38.094624,-122.231554
14,40.135564,-75.114496
14,30.442628000000006,-91.138463
14,34.034507,-118.350081
14,32.924746999999996,-96.786232
14,33.748165,-117.671557
14,30.426823,-91.16825
14,38.608389,-121.41535
14,33.627765999999994,-111.558678
14,30.449554,-91.180127
14,36.136991,-79.34486600000002
14,26.599271,-81.833327
14,30.407829,-97.678238
14,46.920714,-95.154585
14,28.57078,-81.375816
14,38.85981,-77.07002299999998
14,47.644598,-122.186728
14,37.552525,-77.47882800000002
14,40.731705,-73.872398
14,39.80461,-111.50309
14,35.219238,-80.846565
14,45.53617,-122.68542
14,44.774624,-93.754021
14,33.910301000000004,-79.04521899999997
14,47.89891,-122.10934
14,25.810799,-80.36940600000001
14,34.873283,-82.225121
14,39.72924,-121.811817
14,34.803217649293885,-82.37564921339809
14,28.445389,-81.402281
14,34.06155,-81.164627
14,34.20100808,-118.47363353
14,25.64808726,-80.38306832
14,35.55272700000001,-78.579083
14,36.429035,-84.937462
14,40.935205,-78.46135799999998
14,29.350040000000003,-98.534264
14,45.53712,-122.47726000000002
14,33.904083,-117.559753
14,29.87203,-95.40891
14,26.149984,-80.168475
14,37.764023,-122.216843
14,32.280575,-110.836891
14,34.084866,-118.219
14,47.706847,-122.344714
14,26.934353,-80.12829599999998
14,25.939456,-80.29656700000002
14,40.66588282565753,-73.99376749957088
14,39.128681,-94.901184
14,39.029472,-77.119602
14,44.78673,-93.205091
14,35.368889,-118.92312
14,43.014858,-83.680565
14,39.967518,-75.554385
14,34.077587,-117.434596
14,40.002571,-75.223618
14,41.2379,-96.005959
14,37.532368,-77.422348
14,45.04153400000001,-93.284927
14,38.62994000000001,-90.226243
14,37.08744,-121.653221
14,29.779259000000003,-95.450263
14,35.19752000000001,-80.88178
14,33.170076,-87.40379300000002
14,34.208362,-82.145501
14,39.835262,-75.42163000000002
14,37.743949,-122.405578
14,38.80229,-90.70362
14,40.861275,-81.427475
14,40.835808,-111.917427
14,35.459949,-97.65416
14,38.678719,-120.981461
14,37.573113,-77.516819
14,25.670913,-80.415251
14,27.279020547736742,-80.36163210830517
14,42.3634,-88.11165600000002
14,34.039684,-118.440598
14,40.68934,-112.024796
14,40.00572,-111.76267
14,36.758629,-76.342651
14,34.204193,-79.913124
14,44.914179,-93.350899
14,33.946465,-117.298014
14,38.323952,-104.70134
14,28.421352,-81.404709
14,44.953178,-93.094414
14,36.133534,-95.856017
14,43.188355,-77.601803
14,35.272904634307515,-80.83614706954556
14,30.51105,-87.241674
14,41.86935,-71.515236
14,29.754883000000003,-95.625282
14,44.886619,-124.027574
14,35.307907,-80.720952
14,29.733621999999997,-95.371315
14,40.77082100000001,-73.873917
14,30.230932,-97.733715
14,28.85207,-82.495857
14,44.968815,-93.252876
14,35.942125,-90.71036
14,25.929676,-80.12859
14,43.52012,-121.94037
14,38.54155,-90.47439
14,38.701027,-122.952232
14,37.27964,-122.01133
14,40.92345,-74.082603
14,34.048618,-118.265503
14,40.673543214604024,-73.8014852997122
14,30.17499500000001,-92.070824
14,33.773659,-118.005457
14,40.726083,-73.761888
14,26.084274,-80.200374
14,25.74312,-80.430205
14,33.864307000000004,-84.479675
14,39.008342,-77.152529
14,44.94917750337148,-95.554157495043
14,28.570090000000004,-81.404297
14,35.154289,-80.97006999999998
14,40.699848,-111.879837
14,38.956065,-77.09178299999998
14,33.868295,-79.76200899999998
14,42.48472095,-83.26485515
14,29.701368,-95.402107
14,37.518335,-77.510736
14,39.099701,-94.572731
14,34.031040000000004,-118.390388
14,33.998081,-81.219513
14,37.771915,-122.423416
14,38.598467,-76.871215
14,39.74134,-104.62177
14,41.760443,-88.035697
14,41.346169,-72.227028
14,45.062445,-93.247669
14,39.72542,-105.02212
14,27.179422,-82.482056
14,32.28541,-110.978098
14,37.46991,-79.809593
14,32.240840999999996,-80.829819
14,38.148571,-121.261426
14,40.504714,-74.37743
14,42.321232,-83.73996700000002
14,39.296712,-76.817146
14,35.836511,-78.521449
14,45.542355,-122.498994
14,33.92541,-117.88029
14,40.008965,-75.189178
14,29.929932,-90.06644
14,34.245259999999995,-117.43536
14,37.393734,-121.965748
14,41.90408,-88.12057
14,30.268112,-97.746628
14,28.509136,-81.40382
14,40.86546,-74.017306
14,43.045651,-77.381463
14,25.90246,-80.292175
14,30.31534000000001,-81.77063299999998
14,36.107064,-119.143016
14,39.184236,-120.208651
14,43.19338,-77.50206
14,35.04408,-85.160208
14,34.193909999999995,-118.48366
14,35.493259,-97.511169
14,34.121037,-117.828758
14,45.495179,-122.879985
14,34.426706,-118.425936
14,32.741153999999995,-96.826836
14,34.068878000000005,-117.839455
14,34.14474000000001,-118.27866000000002
14,45.063985,-93.400681
14,45.0093,-93.05678
14,43.161411,-77.659439
14,27.446271000000007,-82.502024
14,40.64066500000001,-111.938799
14,25.747513,-80.33807900000002
14,40.829758,-73.951453
14,42.002136,-71.560516
14,25.734651,-80.335876
14,40.1309,-75.44842
14,42.15420200000001,-88.133612
14,40.692291,-73.81084399999997
14,38.846447,-77.756771
14,28.11669,-80.70585
14,38.596352,-121.443405
14,39.623829,-82.55119300000001
14,38.60208,-85.78125
14,39.090584,-77.0448
14,25.89072,-80.209
14,27.900398,-82.638931
14,25.883821,-80.16543
14,33.459202000000005,-111.930649
14,36.963797,-121.551788
14,43.114033,-77.508057
14,33.84619,-118.286016
14,27.49431,-82.709373
14,33.972782,-117.332169
14,25.705213,-80.28539
14,37.74556,-79.369743
14,34.09325,-117.30201
14,37.608707,-122.068192
14,33.806973,-117.507195
14,45.407444,-122.573218
14,32.856056,-96.750436
14,41.816643,-71.439278
14,33.344821,-117.158869
14,26.122203,-80.14392
14,34.032888,-118.144076
14,29.840313,-95.473183
14,26.10319800000001,-80.265274
14,38.932007,-94.667534
14,41.765663,-72.667648
14,33.927738,-118.293228
14,29.60105,-95.22251
14,28.448996,-81.47779399999997
14,36.989223,-76.48526
14,34.186639,-118.473991
14,37.515124082386414,-121.93977713526752
14,42.025569,-83.29682700000002
14,32.802873,-96.626514
14,45.525281,-122.661725
14,42.92763400000001,-85.671195
14,36.736107,-119.777626
14,34.31664,-117.47972
14,35.20915,-80.838657
14,38.49321,-122.787582
14,41.66893,-72.92276
14,36.743555,-76.34500200000002
14,25.691002607223076,-80.38877606353574
14,42.91532,-85.54003
14,38.66086,-121.3505
14,39.976008,-82.99816700000002
14,38.697636,-90.454247
14,34.025581,-118.205872
14,41.614347,-90.772862
14,33.287696999999994,-80.569415
14,40.478035,-122.421627
14,44.04883,-123.05025
14,40.025394,-75.02874
14,38.00034,-121.26033
14,30.444678999999997,-91.131783
14,29.497003999999997,-82.294739
14,42.134308,-72.609589
14,38.95243,-76.86225
14,34.101391,-117.023491
14,34.2734062670027,-118.57272505703652
14,25.733456,-80.30364499999997
14,38.536259,-90.49577
14,30.234966,-81.58031
14,30.268112,-97.746628
14,33.135287,-117.13258
14,33.74514,-84.398033
14,30.343261,-81.536198
14,43.990169,-117.00571
14,42.28038,-83.44162
14,34.028574,-117.811599
14,34.11903,-118.15305
14,35.040659000000005,-85.266178
14,39.394677,-76.699694
14,47.777687,-122.318031
14,32.88799,-96.70504
14,43.892329,-92.833359
14,44.943255,-93.274558
14,39.164937,-84.428214
14,36.141048,-86.71929899999998
14,30.448861,-91.251143
14,34.426468,-84.366112
14,39.14788126926828,-94.55965876534196
14,39.7348,-84.281014
14,37.317061,-121.974922
14,41.352092,-75.346901
14,39.912124,-75.192631
14,25.701843,-80.38233699999998
14,35.493179,-97.556541
14,38.814281,-121.30726
14,38.525394,-123.210971
14,38.660938,-121.357796
14,25.740314,-80.33809699999998
14,26.256494,-80.13598499999998
14,42.95145,-71.47801
14,35.100365000000004,-106.707077
14,32.326839,-86.281738
14,39.073345,-77.48491700000002
14,25.869322,-80.208446
14,40.87262,-73.98107900000002
14,40.92432,-73.772438
14,38.528907,-121.756363
14,41.8284,-71.515854
14,38.138426,-78.19073900000002
14,40.661945,-112.024681
14,33.86927,-117.54393
14,37.024117,-76.330292
14,33.40558,-84.74033
14,33.38567800000001,-111.880591
14,38.846208,-76.996527
14,45.398954,-111.215827
14,25.816086,-80.206008
14,30.156646,-90.876545
14,37.01291,-76.45640999999998
14,32.710460999999995,-96.830116
14,42.305613,-83.108536
14,45.17182800000001,-93.527004
14,26.157203,-80.16495
14,40.698963,-74.254028
14,38.87735,-77.27545400000002
14,34.119885,-117.793705
14,33.955758,-118.280587
14,42.232811,-83.367812
14,27.465919,-82.604105
14,29.728724,-95.460564
14,36.77256,-119.664053
14,39.61548686008637,-107.13737368532593
14,42.384062,-83.312694
14,28.492849,-81.417323
14,27.939144,-82.28576600000002
14,34.31171,-117.47612
14,30.391498,-87.263988
14,35.631126,-82.580437
14,36.01349472982401,-79.0859520431562
14,28.12171,-82.462486
14,34.068288,-117.859651
14,29.728679999999997,-95.46022
14,25.732828,-80.349738
14,39.80085,-105.02494
14,33.992976,-117.968746
14,35.102051,-80.781761
14,34.855621,-82.444901
14,33.480346999999995,-112.203293
14,40.759449,-74.002789
14,32.748215,-117.155762
14,36.996575,-81.082792
14,39.44783,-76.301139
14,25.69564,-80.30109200000003
14,34.092619,-118.475818
14,38.171624,-121.710687
14,40.441883,-79.857353
14,34.030719,-117.588096
14,35.266586,-80.881927
14,36.596592,-121.860254
14,34.167874,-118.614077
14,29.820911,-95.449226
14,40.610482,-74.119339
14,46.372037,-93.875697
14,30.011839,-82.35958000000002
14,34.229938,-117.415872
14,25.898047,-80.38194200000002
14,33.742994,-112.20651200000002
14,26.335517,-80.11771800000002
14,35.13749,-80.90689
14,40.81147313098521,-78.03124308548912
14,32.742709999999995,-97.22419
14,41.81755,-71.39834
14,46.313023,-114.113641
14,32.791798,-96.737396
14,41.020242,-111.942884
14,42.070747,-88.335533
14,43.3395,-75.25993000000003
14,39.769585,-120.61973799999998
14,29.7227,-95.500717
14,39.028018,-77.009085
14,39.86600900000001,-75.34577900000002
14,42.544872,-73.673585
14,40.19378,-74.60122199999998
14,42.37301,-83.05046
14,41.61343,-87.20742
14,33.455482,-82.075735
14,35.027664,-80.965065
14,38.639495,-122.594567
14,34.144161,-118.169518
14,41.50136,-81.51939
14,38.865251,-118.788174
14,35.57083499999999,-80.559273
14,40.79894,-73.48221
14,43.65548,-70.28596
14,26.70728,-80.126513
14,34.044185999999996,-118.17363
14,40.743839,-73.473618
14,32.705659999999995,-96.857006
14,40.132713,-75.19407700000002
14,33.766265999999995,-84.500168
14,38.636181,-77.290092
14,34.92689967138802,-78.94203543625382
14,45.522774,-122.579041
14,34.130685,-117.928954
14,40.873247,-73.62173299999998
14,30.400715,-97.748886
14,35.087478999999995,-106.606567
14,42.28348,-85.15284
14,33.622128000000004,-79.041074
14,34.027473,-81.10296600000002
14,40.763107,-73.090231
14,41.05679,-73.51451
14,35.019474,-82.034962
14,43.10488,-93.647186
14,29.451948,-98.406136
14,41.90282,-70.96245
14,27.41156,-82.571838
14,37.360575,-121.875266
14,33.69106,-117.86894
14,42.313391,-83.214912
14,48.0718,-122.11138
14,38.02023768406858,-75.80026745760057
14,37.31793,-121.97919
14,32.485991999999996,-97.280128
14,29.683331,-95.2295
14,39.185042,-78.133078
14,33.38471,-111.96764
14,25.682907,-80.41640799999998
14,42.65655398348496,-121.87714219035206
14,42.99048300000001,-82.456806
14,31.744495,-106.380898
14,35.212866,-80.859427
14,41.855984,-71.405891
14,33.778725,-84.499847
14,35.89043,-78.561738
14,30.57527,-91.170578
14,38.93504,-94.408562
14,41.790981,-87.63089000000002
14,37.32756,-79.014328
14,25.578714,-80.369339
14,37.701103,-122.023216
14,33.973287,-118.28268
14,39.949843,-75.141343
14,38.7328,-77.196259
14,38.01923,-121.927653
14,30.396486,-97.848572
14,39.605839,-77.803146
14,38.168175,-121.197189
14,46.358548,-92.802234
14,27.823859999999996,-82.671356
14,38.631317,-121.216431
14,28.643058,-81.387789
14,40.960084,-111.428952
14,28.193971,-82.594375
14,30.331549,-98.024645
14,36.033105,-79.800926
14,26.34735,-80.1182
14,39.952606,-76.770279
14,34.178257,-118.111483
14,31.100416,-85.41686700000002
14,34.030846000000004,-118.391144
14,34.157112,-118.448685
14,33.847057,-84.428986
14,39.019264,-76.976738
14,33.824777000000005,-84.42373
14,37.547934999999995,-122.373329
14,30.167174,-97.791533
14,36.767712,-121.66581
14,29.69173,-95.28362
14,35.59085800000001,-97.620689
14,40.266045,-77.049911
14,33.902912,-117.88114
14,40.701265,-75.756424
14,34.062634,-118.248734
14,29.625518,-95.284541
14,33.759686,-117.83091
14,40.7896,-74.19548
14,36.755095,-119.769732
14,42.941658,-85.677605
14,30.420729,-97.704887
14,39.23879742603665,-76.70430064164779
14,30.068369,-97.78125
14,35.163770913910085,-89.86570715861383
14,41.2239,-96.023987
14,38.882212,-77.028604
14,47.463604,-122.290619
14,40.002552,-83.11835500000002
14,42.323493,-83.697315
14,29.876916,-97.929133
14,40.541271,-74.30855600000002
14,41.445805,-74.367317
14,33.949721999999994,-118.091853
14,42.055542,-70.725044
14,28.027948,-82.146906
14,37.890163,-122.308296
14,30.199042,-95.454783
14,37.794631,-122.206233
14,41.29206,-96.17738
14,34.093774,-118.30921
14,38.158188,-85.718925
14,35.164906,-80.876122
14,40.963842,-73.859721
14,47.571285,-122.319939
14,34.152467,-118.121278
14,34.927929,-97.547394
14,25.66872,-80.41620400000002
14,37.711384,-122.127563
14,29.120896,-82.18494
14,33.88365,-117.404635
14,25.871368,-80.25120799999998
14,36.11224,-115.18049
14,28.549081,-81.457185
14,33.936295,-84.159554
14,34.217292,-118.237774
14,33.435139,-81.686111
14,47.602573,-122.334259
14,25.747571,-80.33559100000002
14,44.948956,-92.985237
14,35.794537,-78.582642
14,39.264074,-76.565748
14,30.232441,-97.765717
14,27.429028,-82.530479
14,42.243118,-71.02806899999999
14,35.20613,-80.83751
14,25.747336,-80.349474
14,48.87325,-95.514707
14,28.40485,-81.244274
14,30.264942,-97.738976
14,34.155068,-118.270501
14,34.806709000000005,-79.968513
14,29.653475,-95.549995
14,46.736123,-92.166502
14,44.956835,-92.958624
14,38.234539,-122.260719
14,34.392414,-118.472496
14,30.424986,-91.15945
14,30.092179,-95.43585
14,43.167984,-73.713226
14,42.59836,-85.6618
14,32.805439,-97.054001
14,46.84725880600525,-96.8312323088797
14,36.860992,-121.586677
14,28.345734000000004,-81.532913
14,35.783614,-78.68995
14,40.01451,-82.904832
14,37.72945,-122.18676
14,29.72818,-98.0789
14,34.181622,-118.131683
14,34.393503,-118.470518
14,37.553837,-77.48252600000002
14,28.416324,-82.203843
14,26.51735900000001,-81.794811
14,36.171105,-86.869059
14,29.786255,-95.370263
14,44.930533,-93.397872
14,37.252899,-122.04319
14,25.771662,-80.369318
14,29.704057,-95.537914
14,36.768089,-76.26187900000002
14,36.144341,-86.697693
14,29.689403999999996,-95.557404
14,26.121482,-80.18255699999997
14,40.71478,-74.13923
14,38.952282,-77.13754300000002
14,40.69667000000001,-111.94722
14,35.015549,-120.356377
14,40.66692000000001,-73.836662
14,25.836004,-80.24126899999997
14,44.462611,-93.292508
14,30.479837,-91.116269
14,38.576261,-121.375541
14,38.190132,-85.750809
14,33.71266,-84.27593
14,32.674746,-117.083517
14,37.985687,-121.272248
14,44.69402,-118.048457
14,37.67787,-85.8472
14,40.75507,-73.74562
14,41.354285,-74.683749
14,25.904321,-80.24255500000002
14,32.64836,-96.8641
14,33.40787,-111.63273
14,31.927876,-81.33120699999998
14,34.055983000000005,-118.183147
14,45.563998,-122.746268
14,37.469506,-113.224271
14,30.520164,-91.192062
14,44.759556,-93.247765
14,34.155609000000005,-79.87297099999998
14,25.807348,-80.263687
14,25.921103,-80.191582
14,37.708523,-122.163949
14,45.105513,-122.643703
14,42.589531,-74.734208
14,33.681412,-81.872375
14,40.6166,-73.75178000000002
14,34.298832,-117.457809
14,37.239753,-121.78436200000002
14,29.784508,-95.562241
14,34.036019,-118.188104
14,30.45442,-91.206779
14,30.395538,-83.355743
14,26.154336,-81.71401800000002
14,47.717407,-122.296341
14,30.432836,-86.666753
14,32.979578000000004,-117.255305
14,34.139427000000005,-118.015628
14,30.713684000000004,-85.935349
14,33.968247,-118.081733
14,42.686028,-84.502545
14,39.3826711175948,-77.40976452790542
14,41.959492,-83.67235600000002
14,38.578768,-121.307793
14,33.522617,-82.048416
14,27.056377,-82.412247
14,33.129448,-117.115044
14,27.904957,-82.634102
14,39.834249,-75.156099
14,38.292238,-77.506555
14,38.63819,-121.203
14,34.379383000000004,-81.680229
14,28.867172,-82.091858
14,26.046556,-80.208809
14,38.015869,-122.684013
14,25.829173,-80.205963
14,27.447498,-80.349907
14,25.883904,-80.206918
14,33.741802,-117.837532
14,34.178584813908685,-81.3247811790403
14,33.428944,-112.099953
14,40.897785,-74.25148
14,33.751054,-117.845706
14,34.892075,-82.375374
14,41.71869,-72.334151
14,40.733204,-73.835705
14,40.101173,-75.418571
14,38.163925,-77.468452
14,40.688209,-74.163761
14,35.189487,-80.957911
14,25.912815,-80.32502
14,34.139937,-118.016423
14,43.0094,-76.15648
14,33.806740000000005,-84.25063
14,30.335773,-81.76065
14,25.925436,-80.293126
14,33.772068,-117.909195
14,25.929158,-80.152989
14,29.492046,-98.546631
14,25.892058,-80.163016
14,40.846384,-73.931145
14,36.331058,-119.293468
14,38.561909,-121.462471
14,40.834064,-74.147949
14,34.218509000000005,-118.240024
14,40.428711,-79.929174
14,32.667271,-97.351555
14,37.89603,-122.070671
14,34.027603000000006,-118.211845
14,34.006477000000004,-117.964406
14,33.85444521887848,-117.79666542950729
14,40.93462,-73.856186
14,38.05118,-122.22947
14,35.594696,-97.573746
14,42.32241511324729,-83.7415373321355
14,30.547709,-87.270348
14,38.96195054035681,-77.15325951539442
14,34.064075,-117.810267
14,37.00655579549309,-113.00737738555428
14,31.494471,-84.219551
14,33.66066,-111.925461
14,32.66925,-97.23459
14,33.540501,-81.991051
14,29.026309,-82.247615
14,35.138874,-120.633133
14,38.622013,-90.123177
14,42.268894,-84.456795
14,34.466518,-118.329727
14,40.62756,-75.48036
14,30.3666,-91.63324
14,40.012022,-111.7623
14,33.753962,-78.852424
14,34.052215999999994,-118.22493
14,34.028461,-118.208992
14,28.451602,-81.477678
14,36.104408,-95.886536
14,28.481321,-81.417445
14,41.703373,-73.950525
14,40.73255,-74.11854
14,35.551418,-97.619057
14,34.743865728212626,-92.3055732245812
14,32.835471000000005,-117.159242
14,43.060654,-83.762321
14,34.033589,-118.436242
14,35.036232,-81.927307
14,35.74559,-78.74075
14,34.117954,-118.337631
14,38.64805,-121.37393
14,34.852568,-118.893521
14,40.770669,-73.625466
14,34.443236999999996,-118.605766
14,25.89915,-80.192673
14,41.76618300000001,-72.686481
14,41.298223,-73.935117
14,37.553706,-77.482117
14,33.953426,-118.042725
14,33.967239,-118.083466
14,41.905421999999994,-87.985085
14,43.60941,-122.05798
14,25.811419,-80.194631
14,32.981167,-96.293358
14,29.716325,-82.466096
14,26.528737,-80.172528
14,38.75518,-76.993012
14,40.43114,-111.89076
14,44.455033,-93.292214
14,27.9532,-82.42435
14,42.354015,-122.870384
14,34.098904,-81.17495
14,40.703415,-74.246339
14,42.395481,-71.36554699999998
14,35.110558000000005,-106.644188
14,35.525452,-97.534897
14,39.166786,-104.852711
14,30.21273,-97.830978
14,33.931007,-118.280975
14,42.456318,-71.083488
14,38.934029,-77.025944
14,33.901841999999995,-118.297618
14,30.068119,-95.211365
14,33.002708,-80.668991
14,25.630003,-80.340462
14,25.95343,-80.29438
14,30.313358,-97.693031
14,34.06989,-118.147966
14,38.113052,-122.229935
14,40.610557,-74.096135
14,36.723439,-77.937766
14,30.441329999999997,-97.773376
14,28.40763,-81.42496899999998
14,36.984087,-121.946987
14,40.660178,-78.68121500000002
14,33.688309000000004,-117.900558
14,37.774315,-122.406342
14,37.933533,-78.109927
14,45.62262,-122.558578
14,37.749857,-122.403226
14,33.374581,-84.136601
14,34.586044,-82.550125
14,27.098594,-82.155342
14,32.218818,-110.857873
14,42.321319,-88.146322
14,34.04438,-117.55004
14,42.35967,-87.8976
14,34.036713,-118.44001000000002
14,47.828068,-122.269051
14,38.250019,-85.619362
14,41.671627,-91.44593
14,42.55007,-71.85432
14,32.709990999999995,-96.830261
14,35.366244,-82.465574
14,36.1572,-95.903412
14,34.916721,-82.004387
14,39.22717700000001,-76.663666
14,38.43018,-122.727119
14,27.956652,-82.462761
14,45.06616473,-93.28528762
14,32.90341,-117.11618
14,40.753845,-73.744247
14,34.13085,-117.92904
14,25.571702,-80.376423
14,36.803051,-76.083692
14,47.241318,-122.384438
14,35.448988,-82.508728
14,33.997859999999996,-118.40699
14,34.037037,-118.377532
14,36.133133,-95.859787
14,34.80605300000001,-82.432983
14,25.985063,-80.16584399999998
14,35.191567,-89.799802
14,33.988532,-117.909416
14,48.67346,-121.26146
14,34.03191,-118.27447
14,37.451692,-122.224065
14,34.134979,-117.630592
14,46.23506,-123.87196000000002
14,42.08065,-87.75873
14,42.455885,-76.43628100000002
14,35.35125,-97.529953
14,33.422364,-112.09976
14,39.017052,-77.1008
14,35.18803,-80.88337
14,40.692275,-74.26515500000002
14,33.924614,-118.10405
14,29.77901,-95.26397
14,32.841359999999995,-117.10252
14,25.889471,-80.162038
14,27.978825,-82.45384200000002
14,30.246637,-97.735123
14,39.119736,-121.569572
14,34.278475,-117.451457
14,37.741852,-121.575401
14,34.046204,-117.962201
14,34.087345,-117.647408
14,35.882227,-78.50999399999998
14,35.775631,-78.640327
14,25.685458,-80.31484499999998
14,38.13327,-79.041857
14,40.82341,-73.93106
14,44.952202,-93.069771
14,34.220814000000004,-81.41194200000002
14,28.449065,-81.363827
14,27.996235,-81.958687
14,43.160191,-77.592751
14,37.79490300000001,-79.879517
14,39.998475,-75.195614
14,38.502377,-121.428238
14,41.523001,-124.03274
14,40.91396500000001,-74.071799
14,38.500989,-75.237142
14,33.520069,-86.824333
14,30.366391,-85.438257
14,37.198899,-77.31495699999998
14,39.585011,-76.37941
14,34.081905,-117.715675
14,32.751644,-117.123581
14,32.716491999999995,-96.776938
14,34.266048,-118.46714
14,30.257063,-97.61187
14,44.743439,-93.279831
14,34.2153,-118.408325
14,38.942898,-121.049248
14,30.31641,-81.524834
14,41.788456,-87.962601
14,34.853832000000004,-82.45407900000002
14,38.057271,-78.495271
14,44.262778999999995,-88.46637
14,32.952815,-117.097287
14,34.150382,-118.37438
14,34.388571,-117.585118
14,42.85458,-85.542175
14,44.06148,-123.08865
14,34.06815,-118.02351000000002
14,33.847469,-117.870384
14,30.338463,-97.701569
14,38.18642735463053,-121.4029061788492
14,36.149793,-86.859383
14,40.305566,-123.900997
14,33.757912,-84.469368
14,28.048627000000003,-82.750151
14,47.540244,-122.302772
14,31.74308,-106.29821
14,37.71809,-122.39982
14,43.114761,-75.211404
14,39.658009,-104.844276
14,25.518497,-80.427458
14,33.873470000000005,-118.19353
14,40.732079,-73.32079300000002
14,29.741412,-95.538285
14,41.560946702758976,-73.05709719623061
14,25.766452,-80.23895
14,30.262937,-81.607488
14,30.65538,-88.12409
14,33.988889,-118.354015
14,42.838708162103465,-83.73518586118823
14,40.743603,-73.611542
14,41.884929,-78.586119
14,32.207001,-110.879318
14,42.93152,-83.634157
14,36.890911,-119.792587
14,33.202845,-117.384276
14,33.638287,-112.202942
14,33.938702,-80.95172099999998
14,33.045849,-117.072623
14,25.686512,-80.382542
14,34.941547,-81.959266
14,32.589776,-96.822252
14,30.414507,-91.157684
14,41.868192,-72.662774
14,26.165336,-80.179926
14,25.835221,-80.386834
14,34.735039,-86.63031
14,40.004993,-85.772568
14,29.372713,-81.14157800000002
14,32.250572,-110.97805
14,29.869896,-95.407791
14,32.92393,-96.77563
14,29.73555,-95.539112
14,42.427557,-82.926467
14,35.69453400000001,-78.574753
14,26.44815,-80.17434
14,32.704809999999995,-96.624451
14,34.08163,-117.719198
14,41.014199,-73.717545
14,25.705933,-80.285414
14,45.035622,-92.997171
14,41.11113,-112.010802
14,33.912827,-118.180565
14,45.55441,-93.09396
14,25.812796,-80.264759
14,30.43924,-97.671466
14,36.970425,-121.873085
14,40.427437,-79.89102199999998
14,26.064010999999997,-81.70015
14,40.033864,-75.019812
14,28.75644,-81.28748
14,35.21072,-80.697739
14,39.308191537669614,-74.61865782702151
14,30.422909000000004,-91.139572
14,25.789072,-80.204353
14,26.26591,-80.128289
14,31.584496,-97.099701
14,35.123409,-81.239586
14,34.690563,-82.99266800000002
14,34.065942,-81.147696
14,42.195175,-87.885255
14,37.77527689915764,-122.41590142191689
14,39.254887,-76.69238299999998
14,39.400925,-76.66272
14,33.93928,-118.095231
14,27.441502000000003,-82.459671
14,34.035267,-84.554321
14,37.211445,-121.725046
14,48.118098,-114.027831
14,45.678585,-108.736099
14,33.481583,-86.776611
14,41.760782,-87.875579
14,43.171719,-77.628036
14,32.879508,-81.081497
14,28.549,-81.45545200000002
14,36.77441,-120.72154
14,37.53727,-77.36547900000002
14,36.087897,-95.92216
14,36.09825900000001,-95.859642
14,34.007008,-117.964394
14,37.472148,-122.295947
14,25.686094,-80.389282
14,41.81515,-71.41188000000002
14,41.752063,-87.966916
14,25.927231,-80.293364
14,37.57465,-77.48259
14,41.737751,-72.662849
14,33.125797,-117.324094
14,45.590719,-122.682078
14,33.522419,-117.163132
14,33.874779,-118.192902
14,28.563519,-81.55851899999998
14,34.156734,-118.413925
14,33.99327,-117.905293
14,30.014493,-89.98634
14,25.941519,-80.189461
14,35.098271000000004,-81.964605
14,33.749324083167316,-84.2312657829083
14,39.151379,-119.744484
14,35.86671099999999,-86.511604
14,38.592918,-121.551743
14,33.071802000000005,-97.019547
14,34.06902,-117.34901
14,33.368748,-117.163755
14,30.40451,-97.712074
14,25.889471,-80.162038
14,33.920390999999995,-84.313889
14,44.76076,-93.37962
14,34.084534999999995,-117.370332
14,32.177820000000004,-110.98736
14,27.942378,-82.335954
14,40.684738,-73.642847
14,38.597146,-121.41526100000002
14,33.974655,-118.280609
14,41.65134000000001,-93.697837
14,39.15505,-84.58163
14,33.741165,-87.20089
14,34.033112,-118.025093
14,37.631168,-77.458641
14,30.576590000000003,-91.180061
14,33.494938,-112.117065
14,41.11192,-73.546494
14,25.761489,-80.353933
14,26.011,-80.166977
14,43.09566378572895,-77.75422453843234
14,38.396916,-81.85815
14,34.430946,-117.377208
14,33.493697999999995,-112.420448
14,27.791916,-82.336061
14,30.448771,-82.933037
14,43.057194,-87.924192
14,29.615837,-82.340728
14,33.385796,-111.875687
14,35.75201,-78.69590600000002
14,40.048085,-75.345638
14,30.35078,-97.676003
14,35.245499,-80.893188
14,40.989105,-74.137939
14,40.74568,-73.76843000000002
14,35.485543,-81.873322
14,33.722115,-84.394592
14,40.431335,-111.89138
14,40.09564518909409,-77.81750321351137
14,38.969698,-77.144571
14,39.077961,-123.214996
14,32.96118,-96.72705
14,38.514564,-122.779804
14,35.041674,-82.429985
14,42.153721,-88.01702900000002
14,39.491804,-77.562628
14,43.269362,-75.562146
14,40.688713,-74.100876
14,35.22137100000001,-80.869037
14,33.955157,-118.251565
14,40.84454,-73.90265699999998
14,27.12671399103581,-80.3371274467452
14,34.047253999999995,-118.445445
14,27.624596,-81.541907
14,39.157508,-121.061591
14,25.924828,-80.20420899999998
14,34.137336,-118.159139
14,35.94547100000001,-78.54839100000002
14,40.90314,-74.095069
14,25.714042000000006,-80.43021
14,32.759471999999995,-97.111961
14,33.310387,-111.894226
14,34.140228,-118.016426
14,33.912971,-118.142044
14,34.759919000000004,-80.35713
14,36.200001,-119.153615
14,37.729924,-122.439969
14,25.732218,-80.369738
14,42.986164,-77.302819
14,33.36378,-111.90778
14,38.605958,-90.307051
14,30.216557,-97.665367
14,32.585346,-83.74290500000002
14,26.165819,-80.166313
14,41.411381,-81.615883
14,37.386255,-122.265075
14,43.4423,-124.22128
14,38.609156,-121.321867
14,39.033039,-76.944133
14,38.218014,-121.270302
14,34.047738,-117.698059
14,32.936378000000005,-96.750076
14,36.104346,-95.93573
14,34.581444,-118.133873
14,32.366665999999995,-90.149871
14,28.547964,-81.41360999999998
14,27.14288,-82.41454
14,30.377776,-97.88498
14,29.399553000000004,-98.511453
14,34.070889,-118.465172
14,46.00027,-118.9762
14,25.689243,-80.365895
14,38.676025,-122.592003
14,41.176262,-96.061996
14,40.4764,-74.29896
14,45.41685,-122.74386
14,35.019926,-81.896326
14,30.46381,-87.252876
14,38.74410200000001,-121.270569
14,37.891362,-122.527254
14,29.836258,-97.976002
14,41.020176,-81.496875
14,35.889789,-78.562477
14,42.153708,-88.039567
14,38.795002,-90.568496
14,35.310323,-80.715255
14,40.963073,-105.369505
14,37.580387,-122.403458
14,33.976978,-78.855522
14,43.004112,-83.684143
14,41.126738,-73.30365
14,42.377448,-83.146118
14,45.38324,-122.391573
14,35.089317,-80.870636
14,37.695413,-77.449141
14,32.75325,-117.157918
14,44.78374,-123.03855
14,39.725978999999995,-75.417519
14,40.503353,-78.389522
14,30.423948,-91.147804
14,33.29289794,-97.17796683
14,38.003633,-122.041821
14,44.862144,-93.145622
14,26.58153,-80.06908
14,25.785322,-80.368794
14,38.946602,-77.20180400000002
14,41.546932,-73.068718
14,32.1633,-110.94342
14,39.272194,-76.553619
14,25.627579,-80.414624
14,33.493641,-112.290253
14,38.295282125290406,-79.76476550064199
14,36.842175,-76.041115
14,26.710936,-80.138725
14,39.914367,-104.989789
14,37.161525,-81.790161
14,31.804359,-86.04097
14,30.278912,-97.736115
14,34.821220000000004,-82.28302
14,44.334269,-93.293061
14,33.172839,-80.80418900000002
14,39.745067,-84.200948
14,30.421511,-97.71563
14,39.765305,-86.142853
14,34.961689,-82.207964
14,33.920429,-118.254372
14,37.59180300000001,-77.34375
14,27.94759,-82.353904
14,33.370318,-117.250542
14,42.512627,-79.168755
14,30.02965,-90.025705
14,42.979603,-83.762413
14,25.926966,-80.188204
14,29.785383000000003,-95.751991
14,30.406719,-91.102417
14,38.51057,-121.41518700000002
14,29.6963,-95.29152
14,34.738009999999996,-82.446114
14,34.014919,-80.324539
14,39.133941,-85.986075
14,34.068493,-117.97396100000002
14,39.6798,-86.341698
14,44.86178040483064,-93.29316258385995
14,39.609032,-77.419852
14,36.961929,-76.51933299999997
14,33.891759,-98.523631
14,34.007982,-118.477632
14,33.698922,-84.273996
14,26.165897,-80.159891
14,40.43632864932805,-80.00107884368896
14,33.418018,-86.687416
14,45.533501,-122.548637
14,34.053033,-118.233993
14,33.168872,-117.217351
14,33.419178,-117.1558
14,40.743298,-73.775508
14,32.791385,-84.834468
14,41.15545,-78.66806
14,38.752094,-90.438669
14,25.789072,-80.204353
14,40.15786,-75.226311
14,48.71727,-122.47388
14,33.53822,-84.021
14,45.479431,-122.577942
14,27.269257,-82.49984
14,28.553129,-81.379204
14,33.680155,-78.98666899999998
14,34.222549,-118.37036100000002
14,45.298107,-93.798164
14,26.121402,-80.180676
14,30.347633,-83.081576
14,34.629318,-83.59005
14,32.77923,-117.06947
14,40.24403,-76.131073
14,34.937116,-81.98553199999998
14,26.52375,-80.072647
14,40.69109,-73.40143
14,28.309381,-81.56777199999998
14,30.260143,-97.616966
14,35.75939298,-78.73177171
14,44.862637,-93.209908
14,33.129887,-117.105087
14,36.65039,-80.70553699999998
14,34.968681,-81.900987
14,40.039488,-76.36324599999998
14,30.214696000000004,-97.776525
14,34.189785,-80.165665
14,32.78098,-97.220305
14,29.231899,-81.107422
14,31.584642,-97.109932
14,35.29442667944291,-80.9605157371475
14,25.924771,-80.293318
14,37.772033,-122.156291
14,44.982719,-93.242989
14,28.507344,-81.612039
14,43.136769,-83.525035
14,45.41763,-122.45162
14,32.755537,-97.319698
14,34.070657000000004,-117.95671000000002
14,40.819627,-74.11833299999998
14,38.603436,-121.434509
14,42.199088,-84.577481
14,28.001554,-82.32724
14,33.945335,-118.36826299999998
14,37.903862,-122.312912
14,33.451355,-111.890343
14,35.23590499999999,-80.880531
14,28.026840000000004,-82.191753
14,33.993992,-117.719925
14,37.388391,-121.98668899999998
14,45.431674,-122.758494
14,33.926804,-118.029022
14,43.613667,-71.642746
14,45.497391,-122.568497
14,41.73523400000001,-88.01222
14,41.541564,-72.952619
14,38.603845,-121.40149
14,42.498761,-83.54010799999998
14,38.921159,-121.561515
14,25.748727,-80.367906
14,45.07408,-93.31875
14,27.870307,-82.326725
14,27.893790000000006,-82.684453
14,33.36549,-111.92861200000002
14,33.586196,-79.041573
14,28.55316,-81.356164
14,38.672459,-121.356659
14,35.41232700000001,-119.048598
14,31.594416,-96.152893
14,38.52292,-121.466471
14,33.930915999999996,-118.178703
14,37.946829,-121.299793
14,44.97125,-93.370745
14,38.751537,-121.214783
14,28.832712,-81.321655
14,33.940964,-118.096649
14,29.60639,-98.60206
14,42.406151,-122.942968
14,25.6871,-80.36394
14,25.499471,-80.41778599999998
14,43.14791,-77.64335
14,25.574669,-80.373521
14,40.03715,-82.90274000000002
14,28.856941,-81.215192
14,34.065657,-117.50186399999998
14,35.06678400000001,-89.843346
14,38.663898,-121.227547
14,33.996767,-117.931222
14,28.510578,-81.330995
14,38.879403,-77.24754399999998
14,38.56583,-121.33638
14,35.374008,-80.78495799999997
14,40.161839,-75.120041
14,26.583948,-81.869529
14,34.907515999999994,-110.213753
14,33.186878,-117.08823999999998
14,29.223057,-82.12389399999998
14,34.753899,-86.740997
14,27.856196,-82.326554
14,30.444966,-91.068108
14,25.963073,-80.159676
14,38.682217,-121.075824
14,30.095787,-91.99057
14,41.183612,-124.106984
14,35.811712,-76.832286
14,34.036532,-117.322033
14,40.039017,-76.359802
14,33.48233,-81.981773
14,36.713677,-81.933689
14,34.647477,-117.215956
14,34.846989,-82.457031
14,34.574095,-82.68793000000002
14,37.700835999999995,-121.814423
14,40.73646,-111.7452
14,32.7491,-117.109
14,28.085886,-82.45134300000002
14,38.963181,-77.181877
14,46.563826,-111.796875
14,26.676284999999996,-80.069511
14,38.788437,-121.222595
14,43.063583,-83.51804399999997
14,32.159355,-111.007355
14,37.441406,-121.920174
14,40.993695,-76.864417
14,43.91391,-121.3501
14,39.671598,-75.59875
14,38.575077,-121.534981
14,29.940441,-90.09905
14,36.895618,-121.427292
14,45.070854,-93.307121
14,29.772903000000003,-95.323799
14,33.770920000000004,-84.39050300000002
14,33.824489,-118.287467
14,28.23715,-82.24633
14,34.173144,-118.535833
14,35.012344121766034,-86.87826275784073
14,44.91484522798101,-122.9862248891688
14,30.381945,-97.686371
14,37.467902,-122.432744
14,38.613232,-120.944122
14,33.898369,-118.10514
14,40.751173,-73.61610300000002
14,33.144899,-117.118548
14,30.19674,-81.55615
14,35.19532,-80.88384
14,43.156822,-77.64183
14,36.962921,-80.85454200000002
14,35.062083,-80.81965100000002
14,32.446461,-110.933954
14,27.789961,-82.357079
14,41.134539,-73.29371
14,35.304657,-80.75024
14,38.697781,-121.40136
14,43.86973,-95.592502
14,29.846132,-95.393242
14,35.899727,-78.680901
14,25.688624,-80.365888
14,37.25048661214232,-121.90621733607335
14,34.152798,-118.279708
14,41.519587,-73.048058
14,40.915394,-73.782028
14,39.531115,-77.60464300000002
14,25.862665,-80.187279
14,33.563126000000004,-117.203568
14,33.943335999999995,-81.171609
14,39.51710343342057,-123.39089512766176
14,36.142821999999995,-86.736572
14,39.165213,-78.163714
14,39.36177134495086,-77.17737793885622
14,31.685982,-106.266953
14,40.00571,-111.76234
14,28.299103,-82.147079
14,29.992078000000006,-90.116637
14,32.888192,-117.203657
14,36.06444000000001,-80.30048000000002
14,43.017681,-74.989609
14,30.330945,-81.671842
14,31.328808,-85.838394
14,33.427703,-117.148737
14,37.822692,-122.3201
14,25.942655,-80.204303
14,33.923279,-118.229027
14,25.73417,-80.302918
14,40.068172,-76.30154399999998
14,29.961483,-90.07539
14,36.160432,-86.810898
14,33.92403,-118.309059
14,35.840001,-78.677142
14,37.68922,-122.470062
14,44.858887,-93.32869
14,29.771461,-95.154259
14,35.252305,-118.985334
14,26.328236,-80.11668900000002
14,32.7811,-117.08774
14,32.74563,-97.319415
14,28.363346000000003,-81.680672
14,34.885690000000004,-82.110513
14,43.24223,-71.54191
14,25.804182,-80.20563
14,38.387348,-121.786179
14,32.879898,-96.770271
14,25.678744,-80.31760899999998
14,42.523502,-83.752724
14,42.521538,-122.905495
14,34.914501,-82.66066
14,38.983011,-77.164725
14,35.616099,-119.659569
14,41.625221,-73.874763
14,30.424579,-91.051542
14,33.734466999999995,-117.991646
14,35.17122,-80.80829
14,27.945595,-82.537514
14,30.416075,-91.070959
14,40.754082,-74.117409
14,34.073961,-117.617179
14,28.067317,-82.736496
14,44.18041,-122.106045
14,30.05384500000001,-97.72851
14,38.34291815739468,-121.33531451167424
14,42.70986,-87.84976
14,25.887666,-80.16419
14,38.62352,-90.18801
14,34.975941,-81.942223
14,41.66186,-122.59829
14,29.403791,-81.15505999999998
14,41.485522,-87.32100200000002
14,30.360411,-91.052643
14,39.960424,-74.99023199999998
14,41.91702,-88.21855
14,39.18417,-82.975967
14,34.019531,-118.180077
14,38.633221,-90.144257
14,35.159309,-80.848763
14,34.015514,-117.342567
14,32.36784,-86.171379
14,43.597053,-116.29121
14,34.19463,-80.280457
14,35.66725800000001,-118.03710900000002
14,36.325124,-86.873906
14,33.97472,-118.238085
14,45.304323,-93.795142
14,39.947544,-75.187363
14,32.417336,-93.815063
14,39.05121,-84.55104200000002
14,35.226315,-80.910072
14,47.664951,-122.317421
14,30.794971000000004,-86.567284
14,34.743047999999995,-92.393061
14,34.771111,-86.585953
14,34.057133,-83.99296600000002
14,33.295285,-80.557476
14,38.999916,-77.40583000000002
14,47.817181,-116.829365
14,34.15929000000001,-118.225441
14,37.787215,-80.224368
14,36.785935,-119.853739
14,34.820625,-82.280388
14,35.53138,-97.578934
14,27.388202000000003,-82.47063299999998
14,39.755432,-86.030212
14,34.27482247336256,-79.69307541809229
14,25.826305,-80.38202
14,43.028705,-88.00465200000002
14,33.15065,-96.66331
14,33.897859999999994,-84.2672
14,32.894745,-96.796478
14,28.036388,-82.503439
14,33.661987,-117.875499
14,45.728674,-120.55838500000002
14,33.88902,-117.88046
14,34.867691,-82.404449
14,45.18195,-93.10777
14,29.827234000000004,-95.492325
14,34.007690000000004,-118.28099
14,34.2574,-118.484848
14,35.127995,-106.701523
14,41.5138042,-120.53968549
14,35.74111104,-78.78563046
14,45.519859,-122.675842
14,30.210760831688827,-81.51403784713023
14,38.332995,-122.018836
14,25.840751,-80.369437
14,40.82460800000001,-73.874992
14,28.494469,-81.396835
14,36.060787,-95.972285
14,30.299079,-85.852713
14,28.452939,-81.400159
14,37.56635,-122.04168
14,28.242647,-80.678488
14,34.945728,-82.071472
14,25.687316,-80.384433
14,33.938721,-78.733253
14,30.338463,-97.701569
14,44.77554,-122.61624
14,27.880144,-82.797203
14,26.10659480082461,-80.16782641372599
14,33.954449,-118.230323
14,38.900739,-77.630274
14,30.203815,-81.51400799999998
14,41.05666,-73.835388
14,33.985447,-118.413964
14,34.848156,-82.437149
14,29.399509,-98.438698
14,33.613498,-117.676705
14,38.592431,-121.404308
14,38.18381,-121.80615
14,41.14422,-111.9186
14,44.966104,-93.255346
14,43.03463,-89.406628
14,35.417542,-118.959206
14,34.982341,-81.96995799999998
14,26.12774,-80.169535
14,26.384122,-80.107715
14,36.765522,-121.757757
14,40.42414,-122.28252
14,43.59297,-123.24644
14,37.326697,-121.940723
14,43.01984,-83.58768
14,30.456301,-91.127533
14,38.697927,-121.413984
14,42.96234726885336,-88.02388787227619
14,45.518789,-122.666462
14,35.033031,-80.969872
14,37.866847,-122.039129
14,32.525314,-93.702403
14,36.987663,-121.959604
14,34.081485,-117.728209
14,33.75773549063798,-117.85876393261977
14,37.63082,-104.76795
14,38.841041,-76.947872
14,34.066316,-117.327179
14,32.25145,-80.842567
14,30.44030200000001,-91.208923
14,45.366207,-122.585179
14,45.598424,-122.550425
14,44.06281,-123.059804
14,37.494977,-122.228052
14,32.431984,-93.773407
14,28.567452000000007,-81.213849
14,43.027309,-83.659561
14,29.5034945,-81.94559455
14,29.597132,-95.386345
14,38.495625,-122.770058
14,40.564910999999995,-74.324203
14,38.801388,-77.519882
14,39.802,-75.45062
14,36.316283,-79.646233
14,40.82572102527224,-74.17555689776337
14,40.427437,-79.89102199999998
14,36.895618,-121.427292
14,34.02179,-118.152649
14,37.375971,-77.508341
14,32.250403999999996,-110.96096
14,35.051114,-80.849321
14,33.640106,-80.78842900000002
14,32.544909999999994,-86.191528
14,40.291157,-104.250577
14,34.99057,-82.15798199999998
14,33.949665,-118.091896
14,29.642517,-95.244542
14,25.718381,-80.367064
14,40.86784,-74.00432099999998
14,40.246524,-75.62532900000002
14,33.646817,-80.277397
14,35.40625,-97.530212
14,42.41601347903053,-122.85711407602857
14,33.821556,-84.2519
14,38.673905,-120.948329
14,28.067419,-82.738762
14,34.02684,-118.03861100000002
14,25.938317,-80.306855
14,25.685341,-80.416565
14,39.900219,-80.145142
14,35.00567,-80.88073
14,45.51836,-122.57296
14,39.754223,-84.224075
14,37.590088,-122.361633
14,34.426539,-117.525287
14,32.250622,-110.898376
14,40.31630300000001,-76.919792
14,29.993128,-90.04923199999998
14,40.141068,-75.116516
14,33.463502000000005,-112.272471
14,40.758479,-111.888318
14,41.11838,-73.94155
14,42.28453,-87.908855
14,42.240016,-123.03585
14,32.746179999999995,-117.1902
14,40.71336865,-73.72895837
14,42.389139,-73.492364
14,44.983044,-93.400597
14,38.856499,-121.2995
14,29.435551,-98.428818
14,38.055523,-122.224762
14,37.448731,-120.797104
14,39.005569,-77.07824699999998
14,25.812379,-80.225739
14,45.661774,-110.790563
14,42.675301,-73.569191
14,35.109190000000005,-80.89577
14,25.941959,-80.313417
14,35.442963,-80.87647199999998
14,29.73609,-95.607072
14,29.84784,-95.3946
14,32.686306,-96.623465
14,44.768242,-94.131001
14,33.797303,-117.877689
14,33.56937,-81.806862
14,41.592739,-84.144859
14,35.008998,-85.23817
14,30.323212,-81.68016800000002
14,41.765949,-87.902649
14,34.43806,-81.763056
14,39.9035,-75.28322
14,43.237492,-77.646851
14,40.725811,-74.22721800000002
14,30.453422,-91.157372
14,32.849447,-83.628817
14,30.393371999999996,-97.739899
14,35.049889,-85.63272099999998
14,33.913965000000005,-118.113213
14,32.514313,-93.717499
14,35.731691,-78.947383
14,39.776222,-104.989265
14,42.276428,-87.932354
14,36.8092,-81.614906
14,47.579681,-122.177849
14,34.184387,-118.924751
14,40.722059,-73.536268
14,32.250305,-110.988403
14,33.897226,-117.492824
14,30.302814,-89.741051
14,37.89019,-120.545776
14,34.266360999999996,-83.81952700000002
14,26.492907,-81.794296
14,39.780257,-104.935398
14,37.93136000615152,-77.46757149659409
14,37.7233,-122.13635
14,41.418851,-74.35437900000002
14,38.523636,-122.496413
14,28.413941,-81.474389
14,33.932831,-118.366768
14,38.581314,-121.463473
14,38.670303,-121.382904
14,37.143377,-76.54828499999998
14,35.58004000000001,-97.63848
14,39.013605,-77.016622
14,41.669704,-72.833702
14,40.192365,-74.594862
14,42.39198,-87.854111
14,35.579437,-80.55420699999998
14,33.156712,-117.339081
14,35.033382,-114.130501
14,40.75823664645787,-73.83877873385507
14,33.873572,-118.216817
14,40.16701,-75.29019
14,40.097235,-75.371308
14,37.768265,-122.220055
14,40.699877,-111.874793
14,28.536963,-81.310463
14,38.86464,-76.99339499999998
14,28.388754,-81.398193
14,30.429241,-97.722359
14,34.228209,-118.391395
14,33.92503,-118.326561
14,43.195961,-77.68013499999998
14,33.620789,-84.47333499999998
14,37.199741,-77.426491
14,35.082802,-81.705956
14,34.119826,-117.838639
14,45.53997158982497,-122.44177937449244
14,27.89558,-82.787195
14,43.035663,-87.93991700000002
14,28.146267,-82.73497900000002
14,25.775946,-80.320225
14,34.087841999999995,-117.872604
14,30.001094,-90.11894
14,33.632156,-114.588547
14,32.43434,-93.713464
14,32.989689,-81.281693
14,38.556328,-121.479946
14,38.485629,-121.424172
14,35.442076,-119.36816
14,26.328236,-80.11668900000002
14,40.197304,-74.794515
14,41.917786,-72.717766
14,32.84607800000001,-97.343109
14,35.724834,-78.581644
14,35.490086,-119.542518
14,43.130108,-73.585587
14,43.18157,-77.59923
14,40.68798,-111.93891
14,38.813385,-77.219391
14,36.83106,-76.19556999999998
14,34.775146,-82.463272
14,38.113682,-122.564308
14,30.410021,-97.747612
14,38.799904,-77.599518
14,40.868435,-73.83255799999998
14,39.384136,-120.083473
14,39.41801190357485,-77.48023152314434
14,39.229308,-76.62442800000002
14,39.01799000000001,-77.103557
14,37.328655,-121.870308
14,30.249828000000004,-97.735644
14,34.027390000000004,-118.0376
14,30.687992,-88.04160300000002
14,35.396099,-97.565567
14,39.957516,-83.04585300000002
14,44.939541,-93.274826
14,31.770403,-106.346016
14,25.808249,-80.25981
14,34.994751,-82.24691800000002
14,38.627155,-77.302072
14,41.522956,-72.118251
14,42.278507,-84.431915
14,30.336226,-97.805489
14,32.441364,-93.717248
14,40.127102,-75.52176800000002
14,33.870490999999994,-112.146111
14,36.539306,-121.910182
14,36.174232,-86.770981
14,35.105202,-80.80792199999998
14,41.871513,-71.51479300000003
14,28.170974,-82.755884
14,36.844959,-76.266639
14,45.011766,-93.044809
14,39.756836,-84.208199
14,40.66647800000001,-111.88831
14,44.964386,-93.233678
14,34.379169,-118.566917
14,39.541987,-77.608364
14,43.060534999999994,-87.921745
14,29.717718,-95.5377
14,29.156067,-82.131579
14,34.527405,-82.843735
14,34.943705,-82.59926
14,47.6129,-122.31546000000002
14,36.137774,-86.788081
14,26.3359,-81.751238
14,35.14159,-80.811058
14,38.530844,-90.344917
14,30.40852000000001,-91.016037
14,40.48099000000001,-104.7001
14,28.04323,-82.73835799999998
14,25.872299,-80.208516
14,40.82262,-77.867462
14,39.952538,-76.719528
14,33.716812,-85.026077
14,40.7733857629739,-74.03477311099037
14,35.942598581142704,-86.4369857307127
14,42.357838,-83.216385
14,28.536863,-81.375313
14,44.269013,-94.26365
14,33.462627000000005,-112.134232
14,30.536013,-91.188301
14,29.83802,-95.19771
14,39.925052,-83.011809
14,41.809001,-124.049887
14,25.68775,-80.343919
14,35.305782,-80.749741
14,34.228658,-117.414219
14,34.300403,-79.974144
14,34.032062,-118.153565
14,41.77249000000001,-83.69537
14,30.348847999999997,-97.555931
14,35.266201,-80.73162099999998
14,44.861755,-93.298523
14,29.81365,-95.395126
14,34.032261,-81.12299300000002
14,33.538445,-112.151054
14,38.43911,-81.82963000000002
14,35.137661,-80.877037
14,40.056346999999995,-76.46257800000002
14,28.423977,-81.404782
14,35.368466,-118.974681
14,26.229925,-81.602631
14,36.11127000000001,-83.98109000000002
14,41.049322,-73.807165
14,38.224942,-122.12526
14,38.729961,-90.332802
14,34.74884,-86.767578
14,41.607724,-88.25786
14,32.670035999999996,-97.251259
14,33.769394,-84.390556
14,37.512774,-77.586892
14,33.982367,-118.280806
14,35.210571,-80.827114
14,25.884297,-80.363357
14,33.436821,-112.065132
14,37.864609,-122.303227
14,26.259996,-80.13323199999998
14,35.89593,-78.50656
14,37.69548,-122.080903
14,34.239105,-118.473129
14,25.925341,-80.153943
14,34.124218,-118.605816
14,39.019883,-76.41472900000002
14,36.073406,-86.6924
14,34.010746000000005,-118.417191
14,39.27473,-77.541825
14,38.323383,-122.708583
14,33.08292,-80.109459
14,25.726054,-80.41547299999998
14,33.94549,-118.29192
14,35.052541,-85.211463
14,30.472092,-87.225115
14,47.659462,-122.317757
14,39.015862,-84.576897
14,40.302501,-120.49916100000002
14,39.19713400000001,-84.658905
14,38.50037800000001,-121.433221
14,25.891071,-80.209529
14,33.969916999999995,-80.339821
14,39.202732,-76.63153100000002
14,35.509617,-84.371822
14,39.64603,-75.779724
14,27.388158,-82.462797
14,29.759490000000003,-95.37498
14,34.73013,-82.415943
14,36.080704,-80.092903
14,36.00590800000001,-78.520674
14,31.735929,-106.28833
14,37.710068,-121.721037
14,30.44626,-87.242249
14,43.43662,-112.1244
14,37.500168,-121.928619
14,29.49604,-95.10998
14,37.30350900000001,-76.683685
14,44.308734,-93.308861
14,33.821548,-84.359383
14,39.761254,-86.265519
14,38.15485,-122.422043
14,32.05605300000001,-97.093422
14,44.67461,-117.99293
14,29.56665,-95.145149
14,40.086098,-75.211678
14,40.669039,-74.163661
14,28.553163,-81.355102
14,42.487148,-83.24382800000002
14,25.68872,-80.30865
14,37.952867,-122.327994
14,40.988517,-81.492963
14,35.73941400000001,-78.56868
14,28.997287,-81.30242700000002
14,25.621899,-80.414446
14,39.055949,-76.928403
14,38.008171,-122.030427
14,40.840408,-73.886131
14,30.178452000000004,-84.307789
14,39.613007,-84.227531
14,46.535074,-111.97909
14,33.876932000000004,-118.185478
14,33.624114,-117.171062
14,26.56452,-81.868073
14,29.67739000000001,-95.373832
14,33.96002,-118.283563
14,37.49347329121832,-120.50286412181616
14,26.329103000000003,-81.805621
14,29.590938,-98.598575
14,27.46238,-82.58761
14,34.142448,-80.942863
14,30.421284000000004,-91.12477
14,36.14798,-95.904617
14,33.976053,-117.371882
14,32.913835,-117.113241
14,36.115826,-86.77379599999998
14,34.011708,-118.161794
14,37.77246,-121.324289
14,28.86831,-82.09192
14,37.505633,-77.60659
14,40.733269,-73.86702700000002
14,43.217518,-77.753258
14,28.357754,-81.49052900000002
14,33.689362,-117.767801
14,37.506123,-77.666279
14,33.781532,-84.390869
14,33.915821,-84.40634200000002
14,33.56184840186328,-84.3149077888283
14,43.07138,-76.16635
14,33.883251,-78.599869
14,46.266015,-119.239703
14,30.421072,-91.152878
14,45.065414,-93.201782
14,47.041261,-122.852401
14,45.081056,-94.323109
14,28.068019,-82.763932
14,46.69810652710581,-112.01206326431269
14,39.975224,-75.194405
14,32.220937,-110.849529
14,26.783161,-80.09902199999998
14,34.029205,-118.012398
14,41.284148,-72.945786
14,40.65399527530358,-112.28925347274642
14,35.377841,-118.935199
14,39.359455,-77.16626
14,39.413163,-76.60397900000002
14,29.199990000000003,-81.096098
14,35.391533,-97.523468
14,35.05986,-80.76994300000001
14,39.037709,-78.258318
14,41.212340999999995,-95.950447
14,39.87064,-104.7555
14,47.163231,-122.479797
14,39.822585,-75.826316
14,34.246047999999995,-117.436806
14,39.824321999999995,-83.138039
14,25.698071,-80.162684
14,33.855694,-117.787199
14,43.078658,-121.82509
14,40.76664,-115.920097
14,36.26733,-119.364609
14,34.962371999999995,-82.201942
14,35.144659999999995,-80.93679
14,34.18606,-118.47396
14,25.942411,-80.341514
14,29.783453,-95.475792
14,29.950285,-95.411137
14,38.041919,-78.00462900000002
14,28.534031,-82.40727199999998
14,34.104248,-118.322754
14,37.558575868427475,-77.41527914964001
14,35.422508,-80.859619
14,33.585701,-112.09967
14,37.779682,-122.39946
14,34.89806,-119.595519
14,28.442012,-81.427649
14,43.043785,-76.249969
14,32.978854999999996,-117.08666200000002
14,32.654463,-96.813871
14,33.978873,-81.106612
14,45.76662,-95.38476
14,30.263334000000004,-97.744827
14,35.755794,-78.601008
14,25.892122,-80.262297
14,25.901831,-80.35030400000002
14,40.47482,-78.743338
14,33.181757,-117.326837
14,25.585825,-80.358459
14,32.221673,-110.913909
14,36.835064,-76.14899399999999
14,32.87239,-96.67966
14,39.98169,-75.10154
14,43.90588,-123.01387
14,27.955697,-82.504695
14,32.757371,-117.218587
14,28.440008,-81.403791
14,39.982552,-76.699745
14,40.058212,-75.486018
14,38.539947999999995,-90.481842
14,40.471965,-79.967129
14,39.36177134495086,-77.17737793885622
14,34.032693,-118.162473
14,38.663924,-121.228637
14,30.269340999999997,-97.750923
14,36.835957,-76.105612
14,34.11419,-117.8964
14,35.130569,-81.544473
14,35.787481,-78.574272
14,25.788131,-80.239549
14,40.10165,-75.25275
14,35.391621,-97.512451
14,33.387741,-111.644699
14,44.97062,-93.29813
14,32.897960999999995,-96.718361
14,41.388842,-73.619387
14,40.23194432239422,-76.94018483125238
14,25.778655,-80.265541
14,33.994274,-117.888573
14,39.883739,-83.046065
14,34.752755,-92.407019
14,38.134464,-122.475927
14,34.03653,-117.149358
14,37.450802,-77.423629
14,41.13501,-77.452751
14,30.3176,-81.67814
14,40.749171999999994,-74.17965699999998
14,39.077269,-121.543778
14,25.957296,-80.201578
14,44.258145,-123.227045
14,34.416979,-119.586579
14,32.70449,-96.58003
14,27.956247,-82.485008
14,35.20122,-80.84368
14,36.144156,-86.73865699999998
14,31.680349,-106.31781
14,47.316086,-122.297165
14,33.722111,-84.394989
14,27.634065000000003,-82.396668
14,32.87101,-96.89858
14,35.809525,-78.684822
14,34.145592,-79.908737
14,43.214339,-85.574937
14,34.74075,-84.419872
14,33.681484999999995,-84.31315500000002
14,45.076176,-93.356163
14,35.726995,-81.625066
14,41.940689,-76.521621
14,32.1572,-110.999634
14,33.724883794623736,-81.56377673110215
14,34.130835999999995,-81.056236
14,39.40582,-77.38484
14,35.203762,-80.72223699999998
14,38.250348,-122.052449
14,34.26108956320639,-117.44960904065394
14,38.864161,-77.33652
14,39.768017,-104.994804
14,37.469955,-121.908648
14,33.77903,-118.279533
14,41.789364,-87.916985
14,37.18259000000001,-93.317947
14,33.982384,-84.54274699999998
14,45.627575,-122.398653
14,36.81725,-76.28181
14,41.691326,-93.250999
14,32.236149,-110.86454
14,33.710789,-112.269737
14,26.67487,-81.81514
14,33.931922,-118.36088
14,25.903343,-80.21027
14,33.93821,-118.309036
14,37.701103,-122.02116399999998
14,45.751027,-94.088513
14,38.965774,-121.104287
14,33.96747,-118.255817
14,33.014509999999994,-117.26959
14,33.969101,-117.328575
14,34.395728999999996,-103.034393
14,29.809571,-95.310238
14,39.20746,-94.635889
14,25.880626,-80.355278
14,29.972771,-90.06572299999998
14,28.536509,-81.39720200000002
14,40.556988,-74.308823
14,26.70116,-80.14752800000002
14,39.85654235,-86.27605319
14,33.92666,-118.17817
14,27.46237,-82.593781
14,39.81685,-84.18902
14,35.478722,-97.578598
14,27.839244,-82.721311
14,37.322446,-121.940487
14,34.8218,-82.295128
14,38.939964,-92.984745
14,39.9884641168595,-79.15068983993935
14,29.745569,-95.361282
14,29.526422,-98.39309
14,27.298883,-82.531697
14,37.070912,-77.577831
14,28.282873,-81.592995
14,43.013809,-83.634682
14,32.92391,-96.77672
14,34.737122,-86.65280200000002
14,30.252159,-97.680099
14,37.430966,-121.886753
14,30.0874,-81.856415
14,35.045769,-85.052203
14,45.03557,-92.88343
14,40.63032000000001,-111.85837
14,33.95328,-118.08998
14,41.102455,-74.152275
14,38.120842,-79.04588299999998
14,37.653312,-77.43070300000002
14,26.750605,-80.90181700000002
14,35.72920900000001,-111.481103
14,34.294111,-118.453246
14,37.312126,-121.940453
14,39.535204,-119.76713
14,37.703039,-77.046287
14,34.148399,-80.827271
14,36.8013,-76.37467
14,44.96619000000001,-93.27782
14,33.677108000000004,-117.88184
14,35.044785,-81.815285
14,41.816711,-87.630119
14,26.305609000000004,-81.742824
14,25.687736,-80.36586899999998
14,41.530682,-72.79496800000003
14,25.743586,-80.415114
14,38.883264,-77.01293199999998
14,40.341421,-76.74811700000002
14,32.63936,-97.32159
14,38.997066,-88.58963
14,33.889988,-117.509857
14,38.56472,-121.497742
14,33.538540000000005,-112.134338
14,40.707445,-74.245189
14,38.97682,-76.289691
14,43.753188,-88.467066
14,36.988026,-76.48674
14,29.44049478,-98.48430991
14,39.822891,-75.546356
14,38.143791,-85.581963
14,37.57981896382532,-104.90905880878016
14,40.738874,-73.901684
14,39.019241,-94.554298
14,33.60581,-84.48566
14,45.057369,-93.187347
14,40.719408,-73.40655600000002
14,28.612616999999997,-81.49839
14,32.474548,-110.923126
14,39.854954,-86.047112
14,30.373194,-97.726402
14,33.810448,-118.082062
14,35.83714699999999,-78.663088
14,44.4494,-92.2667
14,33.565002,-84.32012900000002
14,38.55068,-121.42408
14,45.75225800000001,-108.509661
14,34.155045,-118.310867
14,32.779564,-96.566216
14,29.63751,-95.446411
14,40.019913,-74.94631700000002
14,47.450414,-122.266053
14,33.851191,-84.246662
14,25.942301,-80.30958299999998
14,42.42214,-123.16143
14,35.891511,-78.56056600000002
14,40.66764000000001,-73.99632
14,34.11046,-118.33435
14,33.749324083167316,-84.2312657829083
14,38.663898,-121.227547
14,38.111905,-122.22961200000002
14,43.018587,-75.325793
14,39.261661,-94.448603
14,39.635254,-104.90741
14,32.803515999999995,-116.962471
14,30.260409999999997,-97.713951
14,40.039488,-76.36324599999998
14,30.566611,-91.088858
14,34.055721000000005,-117.968002
14,33.46608,-112.184036
14,33.971647023992674,-117.54902243558143
14,41.865761,-87.753631
14,25.847885,-80.207237
14,28.452939,-81.400159
14,28.70565,-81.42343100000002
14,33.763969,-117.864975
14,33.703537,-84.17070799999998
14,34.071781,-117.879929
14,38.554141,-121.688756
14,35.208046,-106.652092
14,39.53335,-119.820323
14,32.74239,-96.818362
14,34.962474,-89.947689
14,47.619923,-122.320877
14,47.462715,-122.265778
14,35.738431,-78.966921
14,43.12875,-88.0557
14,39.46139931659955,-77.9901945587254
14,39.120682,-77.199371
14,45.817739,-95.12286
14,37.88696,-112.43571
14,38.64304,-121.42974
14,42.012974,-87.802228
14,39.7873,-104.98933999999998
14,33.994274,-117.888573
14,43.404573,-83.891238
14,27.42266,-82.57552
14,25.808789,-80.25039100000002
14,29.870226,-95.31485
14,28.097902,-82.542808
14,27.952229,-82.510318
14,27.945088,-82.32842
14,39.106036,-94.733452
14,29.700352,-95.293015
14,34.15573,-118.42777
14,30.191776,-90.918164
14,38.118362,-85.76430500000002
14,38.96447,-119.779114
14,37.701011,-121.808284
14,40.999474,-73.83189200000002
14,33.905877000000004,-118.10506
14,35.918673999999996,-78.464752
14,34.699931,-84.481657
14,39.70521,-76.64083000000002
14,35.81972899999999,-78.624016
14,41.519662,-75.66105
14,33.750793,-84.389832
14,42.978516,-77.232529
14,28.566698,-81.205547
14,30.175922,-82.593414
14,34.113913000000004,-117.792386
14,36.121749,-86.727372
14,25.748524,-80.319855
14,39.34515,-76.55813
14,34.042256,-117.934061
14,33.993373,-118.176242
14,35.049875,-81.890649
14,43.704615,-123.206463
14,34.221531,-118.40995
14,36.191035,-86.799019
14,26.019838,-80.167435
14,42.375546,-83.216736
14,35.965697,-78.507935
14,33.972303000000004,-117.548674
14,32.627365999999995,-80.883901
14,33.898057,-117.559875
14,32.691298,-117.168176
14,41.8331,-72.66565
14,29.814119,-95.37574
14,38.325012,-121.327309
14,37.602138,-122.394647
14,40.581415,-75.387129
14,42.23366618136294,-87.90155768352554
14,35.85667,-78.842827
14,30.269398,-81.612022
14,43.04912,-88.22003000000002
14,35.622131,-117.669865
14,33.57867121680461,-85.67377924878275
14,39.44210800000001,-76.348763
14,34.135939,-80.962195
14,39.464171,-123.350702
14,34.209998999999996,-118.34623700000002
14,42.912728,-85.637247
14,35.601948,-97.549362
14,33.994858,-80.958282
14,35.810195,-78.601545
14,40.75121,-73.96560500000002
14,35.565559,-97.574669
14,29.4768,-98.40432
14,28.70952,-81.466113
14,39.903257,-104.989459
14,25.775342,-80.385478
14,45.06718,-93.18133
14,37.73354000000001,-122.032448
14,34.066429,-117.990883
14,25.589299,-80.344513
14,33.82521,-117.52364
14,38.799584,-81.731278
14,36.196762,-115.26416100000002
14,45.34038,-122.7692
14,34.187228999999995,-119.142337
14,25.447787,-80.475912
14,33.948719,-93.752213
14,30.537313,-84.593056
14,25.687736,-80.36586899999998
14,34.430744,-79.95779399999998
14,38.803612,-94.675407
14,30.510171000000003,-84.468109
14,32.719758,-117.147892
14,33.462897999999996,-112.556564
14,29.829112,-95.38117
14,38.506956,-90.791314
14,34.065974,-118.017557
14,36.578548,-121.727051
14,25.913048,-80.210052
14,30.14212,-81.70124100000002
14,41.467999,-73.821159
14,43.721863,-73.819038
14,34.383142,-117.398677
14,39.164381,-84.430762
14,33.869289,-80.322647
14,29.512207,-98.552773
14,37.596237,-77.514282
14,25.925858,-80.167491
14,37.374481,-121.931412
14,47.669613,-122.186859
14,34.897038,-82.69522099999998
14,33.580436999999996,-112.358833
14,30.703657,-88.12326
14,25.734989,-80.30295600000002
14,36.61951,-119.547621
14,40.533002,-111.891947
14,40.17194,-110.337219
14,43.988766,-117.085918
14,37.555389,-77.441062
14,25.926024,-80.150675
14,48.78828,-122.516319
14,34.066139,-117.509285
14,33.946896,-118.30026200000002
14,25.969411,-80.165654
14,37.134942,-76.517288
14,33.902927000000005,-80.097229
14,33.88379931,-117.53153443
14,41.647862,-93.775352
14,33.917035,-117.265109
14,38.505142,-90.586075
14,39.921371,-83.06118000000002
14,45.199528,-123.110109
14,32.695091,-97.603783
14,29.722408,-95.312157
14,33.508307,-112.356911
14,37.342657,-121.84703799999998
14,37.739552,-121.589745
14,34.019917,-117.987869
14,34.654143,-82.16560799999998
14,36.06087,-95.86853
14,30.448734,-97.790642
14,34.058571,-80.970543
14,35.587362,-120.703174
14,25.453695,-80.475224
14,40.88440900000001,-73.898605
14,40.854159,-73.965693
14,34.087143,-117.683056
14,39.35171500000001,-76.496811
14,42.912924,-78.901585
14,32.296332,-110.995151
14,43.635956,-88.241241
14,33.9086,-117.453
14,45.7739,-95.05006
14,33.997097,-117.931274
14,41.511576,-72.78242
14,45.16858220078865,-93.86050343468727
14,34.153464,-118.464023
14,40.857768,-73.82659
14,47.538902,-122.387291
14,30.21661,-97.744003
14,28.567058000000007,-81.28600899999998
14,35.779662,-78.60976
14,27.870171000000006,-82.326572
14,42.08218,-87.98048
14,33.784766,-80.98904499999998
14,43.65218,-72.32873000000002
14,32.835196999999994,-96.632233
14,40.637974,-74.88755
14,44.179294,-120.625255
14,44.48765,-124.08278
14,36.759867,-119.775335
14,30.491981,-87.22335600000002
14,38.546662,-77.344258
14,30.49925,-97.580918
14,39.710004,-104.827015
14,29.43865,-98.435493
14,47.599096,-122.180138
14,40.78355,-74.047569
14,34.164921,-118.382584
14,25.868275,-80.209884
14,39.276032,-120.708306
14,38.927494,-77.21276
14,39.95491,-75.1454
14,28.182345,-82.738508
14,33.80754,-118.20714
14,32.89318,-117.11525
14,39.432324,-77.489672
14,33.902836,-117.559998
14,45.086586,-93.414453
14,33.462826,-84.210358
14,32.745983,-117.190236
14,33.86365,-87.408589
14,40.590359,-91.563568
14,43.94369,-85.042077
14,35.1967299,-80.79117179
14,40.447455,-80.009179
14,34.027452000000004,-118.274482
14,25.799362,-80.247807
14,37.35006,-121.861481
14,41.034365,-73.776709
14,28.559092,-82.504402
14,42.965874,-85.70658900000002
14,32.907866999999996,-96.893272
14,46.165314,-123.891465
14,38.336811,-122.120651
14,28.19178700433639,-81.15460038146422
14,42.38688,-122.38477
14,34.32983,-118.505791
14,25.6838,-80.46194200000002
14,32.967842,-80.20139300000002
14,25.959269,-81.512109
14,38.660995,-121.36313
14,45.706306,-123.885669
14,40.73098,-89.03447
14,47.795017,-122.214378
14,33.370521999999994,-112.048805
14,38.84607000000001,-77.43384
14,39.039873,-121.634697
14,45.174371,-117.977971
14,40.041012,-75.251373
14,47.656679,-122.186875
14,38.344870805557505,-122.00131773890492
14,25.733317,-80.329815
14,44.984338,-93.349207
14,34.068436,-117.973167
14,25.572537,-80.375416
14,36.890917,-119.792585
14,38.563995,-121.382528
14,32.60455,-97.319945
14,38.841041,-76.947872
14,37.91666,-77.476543
14,25.755332,-80.201686
14,26.166521,-80.146454
14,42.02378,-91.66987
14,38.933002,-104.812469
14,33.893177,-118.266991
14,32.67858624442731,-117.1095049375672
14,33.203517,-111.875759
14,40.320114,-75.444115
14,34.10662,-117.85509
14,28.045003,-80.654395
14,35.849869,-78.58054399999997
14,33.431332,-112.06516299999998
14,26.08234,-80.172348
14,40.01915,-75.675125
14,33.973287,-118.28268
14,34.633891,-79.697834
14,34.16271,-118.38163
14,42.971256,-85.678177
14,38.548611,-90.42717
14,39.81335900000001,-75.549709
14,38.038283586320695,-122.53647208155375
14,34.831409,-82.299149
14,43.619468,-116.32256
14,39.558285,-119.752195
14,29.520662,-98.499367
14,35.018944,-85.179611
14,35.20955700000001,-80.875587
14,25.868217,-80.235168
14,38.703801,-121.363654
14,42.919212,-71.332237
14,34.705909999999996,-86.671371
14,32.709990999999995,-96.830261
14,34.17090296729006,-118.57420563641271
14,30.089956,-97.749649
14,40.927001,-73.837212
14,30.29278,-97.665215
14,38.465392,-121.371933
14,34.318951,-86.07341
14,38.621116,-75.917902
14,25.812456,-80.337391
14,25.823655,-80.249629
14,33.495113,-112.112943
14,40.61742,-77.56031800000002
14,39.188095,-104.850433
14,41.841625,-71.419014
14,33.669735,-112.138635
14,44.23933625200157,-123.06059718073338
14,33.91072800000001,-84.207375
14,31.002939,-89.318062
14,40.945969,-77.7155
14,28.63208,-81.388275
14,45.00776,-93.20458
14,37.701082,-121.845042
14,25.701496,-80.414688
14,41.68313,-88.07160999999998
14,37.43105300000001,-77.587967
14,43.140259,-77.640732
14,35.748627,-78.772079
14,38.644974,-121.388252
14,40.260607,-76.814089
14,39.68131899814757,-105.89872956225445
14,39.37413096,-84.38732743
14,42.38577,-83.10074
14,33.972641,-118.079466
14,35.234992999999996,-80.633163
14,33.065418,-116.746719
14,32.410552,-86.303439
14,37.850418,-75.564223
14,39.902812,-74.966797
14,37.31204,-122.276196
14,34.072617,-117.7882
14,36.878063,-121.565992
14,36.978102,-76.301138
14,37.91406,-122.06648
14,33.436073,-111.926163
14,40.803524,-73.915009
14,40.715015,-74.20496999999997
14,38.612578000000006,-121.415351
14,34.055962,-118.451484
14,37.611742,-121.028022
14,38.859894,-77.003314
14,41.530621,-81.650497
14,34.071183000000005,-118.144316
14,39.047623,-94.499772
14,37.488967,-120.216768
14,37.586171,-122.248409
14,32.742477,-117.01712
14,42.25864,-122.79956
14,38.007548,-122.093594
14,42.212085,-77.173838
14,29.572075,-95.170959
14,25.74814,-80.31983199999998
14,34.71209,-82.791069
14,40.804696,-72.868084
14,41.729603,-87.624832
14,35.40762,-118.85969
14,25.770791,-80.369249
14,37.886051,-122.537437
14,39.22955,-76.71444
14,28.069724,-82.738976
14,36.759872,-76.608735
14,25.45706,-80.475107
14,34.028996,-118.012863
14,40.467192,-74.407126
14,32.661743,-96.726181
14,33.924904,-117.423981
14,34.177303,-81.322639
14,32.267895,-107.77813
14,39.195499,-76.768204
14,40.924189,-74.268349
14,40.76518,-111.95407
14,40.072792,-75.15593
14,35.921902,-78.591042
14,35.08767,-80.85295
14,42.50407576540706,-73.75515818560717
14,28.086802,-82.459558
14,30.511169,-91.144142
14,38.98881554584985,-76.57836556398115
14,25.689146,-80.38287199999998
14,36.68273,-121.649722
14,37.852398,-122.029068
14,34.016819,-117.916252
14,45.508672,-122.708357
14,45.544283,-122.380616
14,39.118896,-94.5644
14,29.983386,-90.096013
14,29.737776,-95.35128
14,38.05118,-122.22947
14,29.480223,-98.361122
14,38.73426,-120.774766
14,42.208725,-71.78379100000002
14,38.379858,-78.928617
14,25.890398,-80.183704
14,33.435840999999996,-111.979309
14,25.739398,-80.303151
14,40.242135,-76.147039
14,33.407431,-111.922605
14,34.102726000000004,-118.19783
14,25.681595,-80.315652
14,40.062603,-76.313797
14,42.349251,-87.874237
14,25.770551,-80.312178
14,30.281357,-82.049541
14,43.031414,-83.77350600000003
14,34.600815000000004,-108.396721
14,39.462634,-84.41993199999997
14,28.022494,-82.455937
14,35.71490900000001,-78.839874
14,29.794001,-95.356071
14,25.94347,-80.18094599999998
14,39.725503,-105.07783899999998
14,41.752543,-87.94482099999998
14,25.89007,-80.190574
14,39.22727800000001,-77.65666999999998
14,33.0931,-97.02807
14,37.7794,-79.923488
14,33.880074,-117.603577
14,33.117813,-97.031487
14,34.71693634970323,-86.6387307639759
14,30.45709490761539,-88.48067879634627
14,34.042952,-118.272653
14,32.264212,-95.3075
14,30.45014,-91.160912
14,37.63989,-77.49124
14,44.43902,-121.95678
14,37.790596,-122.260381
14,33.977359,-118.282674
14,39.154718,-121.476869
14,27.338399,-82.514037
14,33.449996,-86.81789300000001
14,37.13206171971735,-77.51889824830285
14,40.5643,-111.89945
14,33.98856,-118.358559
14,42.81203,-73.951263
14,37.425724,-121.916618
14,40.618075132176315,-111.90513968414352
14,28.544525,-81.158123
14,30.442632,-90.127651
14,28.451034000000003,-81.35744
14,41.952446,-70.80761
14,34.033608,-118.128176
14,36.327986,-119.612642
14,34.808064,-82.65865600000002
14,32.591698,-117.036453
14,37.795036,-122.266411
14,29.39551,-98.478485
14,40.143649,-74.955961
14,25.995781,-80.16585500000002
14,33.802833,-118.12518
14,34.912468,-82.429283
14,38.402844,-122.727096
14,43.213917,-77.520958
14,43.160526,-77.618271
14,42.254919,-88.00125799999998
14,40.781222,-73.599367
14,33.85004,-117.8356
14,41.983971,-87.852664
14,42.378738,-83.215485
14,33.934441,-118.177075
14,37.390405,-120.608878
14,40.21711,-75.24695
14,26.543838,-81.871352
14,28.804540000000006,-82.4877
14,30.463842,-97.789207
14,37.669312,-122.467499
14,45.49031,-122.67517
14,38.670311,-77.2528
14,41.873627,-87.804436
14,38.886904,-76.898151
14,39.44120764713553,-77.49370694123509
14,41.88748,-88.15084
14,43.738221,-93.728315
14,34.142643,-117.252365
14,38.496177,-121.372156
14,35.150009000000004,-80.820747
14,38.99947,-77.031937
14,40.022732,-75.036446
14,35.076843,-106.577499
14,40.806579,-73.933371
14,38.91861,-76.94754
14,40.356461,-111.573601
14,30.050325,-95.242207
14,30.521317,-91.161606
14,41.6964,-88.00619
14,36.73674000000001,-79.57907900000002
14,44.86165,-93.27828
14,39.7562,-75.13009
14,40.65382,-74.006943
14,28.099901000000006,-82.502388
14,40.785412,-81.384941
14,33.162289,-97.073959
14,34.14986,-118.27982
14,33.4626,-112.233076
14,33.884468,-117.549156
14,36.449013,-87.09828900000002
14,32.887892,-80.012446
14,43.05397152880166,-78.99033665619378
14,32.327152000000005,-86.240021
14,33.496724,-80.614942
14,39.94965,-75.598057
14,36.11892,-95.868599
14,40.716458,-74.21682
14,28.449921000000003,-81.479337
14,36.025374,-95.879157
14,40.266499,-74.26799399999999
14,36.020851,-83.915977
14,34.25407,-84.46704799999998
14,40.66184000000001,-111.9012
14,36.108379,-95.886551
14,44.866244,-93.637157
14,29.768258000000003,-95.409439
14,39.10542,-94.71629
14,30.222448,-93.314161
14,34.691054,-92.347153
14,33.559273,-117.673141
14,30.385539,-97.684496
14,32.678738,-96.676033
14,38.985188,-77.158592
14,25.928859,-80.205578
14,33.028664,-117.078804
14,33.876606,-118.114377
14,25.782567,-80.222791
14,43.028156,-88.07584399999998
14,41.288524,-72.628975
14,25.88678,-80.164451
14,42.36564,-71.59331
14,41.876857,-88.235111
14,37.833965,-122.21769
14,41.098748,-74.03745500000002
14,38.87316,-77.04216
14,33.77187,-84.39041
14,34.087198,-118.234118
14,39.191322,-78.208011
14,41.45071,-81.70174
14,42.790796,-89.004521
14,39.083126,-78.218339
14,28.4508,-81.38416
14,39.330338,-120.187193
14,34.817932,-82.277103
14,37.27904,-121.80681
14,34.030377,-117.685546
14,33.778881,-117.87686200000002
14,33.791724,-84.391125
14,40.253113,-75.264884
14,41.717658,-87.62485
14,28.339386,-81.38834
14,32.163231,-110.978622
14,39.292202,-119.533875
14,39.911949,-76.608154
14,39.835223,-86.037663
14,25.940783,-80.30677299999998
14,40.68213,-111.93889
14,34.017237,-118.239669
14,38.811075,-77.240255
14,37.808498,-122.366852
14,33.687428000000004,-117.873543
14,33.906652,-84.357615
14,34.21167,-86.878883
14,33.493146,-80.764433
14,47.416156,-122.289698
14,34.027382,-118.231796
14,28.556686,-81.167946
14,37.500729,-122.252457
14,42.485936,-85.65200300000002
14,29.209168,-82.284901
14,40.78111052493677,-73.94405007327107
14,37.246809000000006,-76.637918
14,28.025340000000003,-82.50487
14,33.988238,-118.065717
14,29.550352,-98.663635
14,42.760918,-86.096687
14,43.152234,-77.627599
14,31.734844,-106.346336
14,40.653797,-74.008087
14,45.06869,-93.25868
14,41.950875,-122.590137
14,25.889955,-80.193537
14,34.16799,-118.30098999999998
14,33.687502,-117.885488
14,32.854233,-83.63901899999998
14,36.155445,-86.761688
14,32.642281,-96.823318
14,38.29099,-77.563087
14,34.119362,-117.822662
14,25.939205,-80.294666
14,30.618605,-81.65229599999998
14,27.770058,-82.703907
14,28.47112000000001,-81.39655
14,38.799534,-77.597923
14,30.164566,-81.74524100000002
14,38.492873,-121.406063
14,30.502335,-84.251289
14,41.048104,-85.48311700000002
14,38.635998,-121.407771
14,42.93129802,-87.9351604
14,40.77079000000001,-74.2363
14,35.294128,-81.735345
14,41.50816,-93.564339
14,34.05782,-117.169739
14,41.926895,-73.912605
14,33.117813,-97.031487
14,32.848028,-117.178603
14,28.539592,-81.31066
14,28.48624,-81.44006
14,39.998558,-83.02840400000002
14,34.983412,-107.171366
14,41.146206,-73.362267
14,35.071339,-82.606339
14,30.359561,-90.996323
14,39.68241,-78.969362
14,30.423964,-91.156609
14,35.473048999999996,-97.519379
14,34.041828,-118.567635
14,33.994246999999994,-117.90509
14,30.603548,-87.125456
14,42.366372,-83.063011
14,34.072821999999995,-117.545016
14,33.720951,-87.384178
14,35.319958,-97.596642
14,39.912315,-75.17244000000002
14,37.76432,-122.21711
14,44.78764414765936,-117.81106352749914
14,39.349953,-76.496826
14,33.650627,-117.39178400000002
14,37.66373400000001,-122.105919
14,40.309457,-79.392651
14,40.024782,-76.20586
14,37.344840999999995,-120.614334
14,34.066174,-117.99128
14,28.421394,-81.400216
14,26.705933,-80.075378
14,37.145508,-121.98497
14,34.022192,-118.154565
14,33.904685,-118.04665
14,37.214776,-93.281164
14,39.20522,-76.65258
14,40.01365300000001,-75.24176800000002
14,26.581778999999997,-81.713821
14,28.546412,-81.382301
14,42.491778,-83.021508
14,33.982187,-118.287036
14,39.189852475933115,-76.75230145417808
14,30.17203,-97.799948
14,40.039673,-76.364319
14,40.82295,-73.8827
14,37.118757,-93.111905
14,39.369385,-76.513506
14,37.20778584462544,-121.72071576060428
14,36.141797,-86.733467
14,34.172842,-112.138436
14,35.798595,-78.482536
14,34.077183000000005,-118.282005
14,37.395566,-122.012781
14,42.909088,-78.766571
14,32.24046,-108.94949
14,40.67404000000001,-111.80174
14,36.717508,-80.358343
14,34.063164,-117.397937
14,40.718143,-112.089167
14,40.156918,-83.045753
14,34.421818,-119.613678
14,37.878029,-83.951645
14,39.000234000000006,-78.38856
14,38.11004000000001,-120.601856
14,36.975821999999994,-121.983017
14,32.206478000000004,-110.832382
14,37.393288,-77.515839
14,44.81318,-92.92997
14,34.964597999999995,-118.938292
14,33.996296,-117.926914
14,32.869389,-96.670082
14,33.762258,-117.920202
14,27.956374883518425,-82.45656609495899
14,39.26659,-84.35645
14,38.217566999999995,-122.603851
14,45.081142,-93.178385
14,27.894611,-82.77085100000002
14,33.760884000000004,-118.150855
14,33.972502,-79.0183
14,36.988156,-122.001656
14,39.494052,-77.565667
14,25.689243,-80.365895
14,35.242691,-80.822792
14,33.698681,-111.890648
14,37.421928,-76.824875
14,34.073513,-118.270249
14,38.851139,-77.127563
14,27.835549,-82.728373
14,34.098834000000004,-80.931738
14,32.917105,-117.116196
14,30.577898,-84.59832800000002
14,33.855493,-118.283053
14,26.137371,-80.168808
14,27.261752,-82.52391899999998
14,29.963253,-90.112769
14,41.295686960023424,-93.77962946847067
14,39.013901,-77.127748
14,33.553207,-112.11248799999998
14,32.412797999999995,-96.659501
14,38.610985,-121.413445
14,38.28344,-122.49221
14,30.253571,-97.743862
14,43.24557100000001,-76.821022
14,37.850906,-122.489972
14,45.124486684584035,-93.18870663598447
14,44.948763,-92.935051
14,34.12842,-117.96183
14,25.963195,-80.162834
14,40.643166,-74.20530699999998
14,34.048471,-117.158741
14,40.98769,-73.675953
14,29.520662,-98.499367
14,28.193821000000003,-81.639969
14,40.647751,-74.014748
14,43.17692,-88.10361
14,25.963734,-80.14772099999998
14,35.775593519040214,-78.5547673698494
14,36.12525,-86.7332
14,41.869912,-87.890625
14,45.180035,-93.112907
14,32.918719,-117.115942
14,40.685341,-73.61206999999997
14,38.35077166539025,-121.11419320048752
14,39.360955,-76.505641
14,33.87334,-118.20712
14,38.47438,-121.41058
14,32.194696,-90.250528
14,40.849221,-73.94076700000002
14,32.76732,-96.77675
14,35.878979,-78.645737
14,34.149551,-79.834129
14,38.802006,-77.163635
14,37.487125,-121.941116
14,44.94837,-92.99071
14,33.94984602911973,-84.35775876005002
14,32.746785,-117.159527
14,38.296328,-77.505099
14,32.382706,-90.146881
14,36.195732,-86.73264300000002
14,43.102101087364645,-75.22631764376055
14,39.989655,-83.066849
14,28.448725,-81.393906
14,36.094832,-80.226782
14,41.139961,-78.687878
14,33.704408,-79.017893
14,32.747482,-96.74791
14,25.73281,-80.35045799999997
14,33.68298,-117.62068899999998
14,33.876293,-118.100624
14,32.67689,-117.084605
14,36.832691,-76.122192
14,43.21153,-77.56006
14,26.93073,-82.26264599999998
14,34.066158,-117.805588
14,35.165365,-80.87756800000002
14,37.754687,-121.573887
14,41.583149,-73.053612
14,28.76749,-81.359503
14,39.682327,-104.115822
14,37.73933529835825,-122.40813374460976
14,30.053232,-95.256584
14,25.942309,-80.304286
14,39.666325,-77.722931
14,36.14169,-86.713233
14,37.875706,-122.306374
14,28.428348,-81.40653499999998
14,30.250199,-81.515304
14,47.330425,-122.158249
14,25.890706,-80.175527
14,34.030402,-117.62561200000002
14,28.20268,-82.190682
14,25.910774,-80.210011
14,28.217026,-82.715233
14,37.741337,-121.580818
14,43.048168,-71.470871
14,33.225643,-87.532646
14,32.882181,-96.898168
14,47.20065,-122.46157
14,35.334251,-97.529877
14,38.461009999999995,-121.412682
14,28.534678999999997,-81.529495
14,33.993021,-117.931718
14,33.219242,-111.923111
14,36.075197,-79.942173
14,28.528074,-81.380701
14,44.862482,-93.21541
14,35.153181,-80.849552
14,47.25275,-122.51252
14,34.038735,-118.269251
14,41.860409,-87.973022
14,25.880626,-80.355278
14,37.725216,-121.398178
14,45.123714208387746,-93.18838477090269
14,44.781914,-93.469778
14,35.18779,-80.729141
14,40.702210664555054,-111.90318703598068
14,38.381167,-77.452887
14,30.423964,-91.156609
14,42.415543,-83.21888
14,41.551942,-73.042222
14,37.628456,-122.120598
14,37.66312,-122.46405
14,25.88388,-80.207513
14,41.099758,-114.957565
14,35.25060999999999,-80.89908
14,29.23552,-81.06614300000003
14,41.313076,-74.051197
14,42.07623,-71.28533
14,42.30125,-71.15387700000002
14,33.87654000000001,-118.10733
14,45.587252,-122.680643
14,37.683037,-113.091608
14,35.164333,-106.496361
14,29.8237,-95.473289
14,37.508209,-121.967484
14,34.981729,-81.968997
14,33.946362,-117.38884
14,37.91050315,-122.61262536
14,32.914513,-80.10849499999998
14,32.789139,-96.763206
14,38.00917800000001,-84.454498
14,34.273540999999994,-118.628823
14,40.988017,-76.478962
14,32.93738,-117.10513799999998
14,36.065591,-118.868238
14,39.924735,-104.803596
14,33.698710999999996,-117.861732
14,33.802833,-118.12518
14,42.025356,-87.95976999999998
14,39.713693,-86.264613
14,39.180582,-77.680142
14,40.08058,-104.688867
14,42.444824,-83.21985600000002
14,34.873040914369234,-118.89062046948008
14,38.945693,-76.858292
14,37.879799,-122.29918700000002
14,40.630613,-75.47059499999997
14,33.665365,-84.497772
14,25.601998,-80.35269699999998
14,38.87822270374833,-77.38206267319973
14,40.265095,-75.649734
14,34.11419,-117.8964
14,39.998871,-78.238888
14,47.637888,-122.005847
14,35.220776,-80.845505
14,45.61465,-122.80162
14,26.546096999999996,-81.795135
14,33.977579,-118.247693
14,41.82589,-71.42588
14,26.304601,-80.12368199999997
14,40.53949,-74.305298
14,37.498451,-79.75058100000003
14,34.128225,-118.340373
14,44.18054,-121.24454
14,40.06830811481442,-80.56668162307469
14,41.905235,-87.993309
14,29.747562,-95.376198
14,40.735352,-73.9748
14,33.936197,-118.046583
14,33.68325,-117.87605
14,40.759611,-73.85584899999998
14,36.13328900000001,-95.935364
14,26.238188,-80.136383
14,27.698012,-80.900014
14,37.690511,-122.078223
14,39.759285,-105.001465
14,29.781013,-95.368568
14,47.664833,-122.322021
14,29.827749,-95.381142
14,36.779663,-112.2565
14,39.277786,-76.551674
14,28.260086,-81.580652
14,30.412003,-91.099936
14,40.844796,-73.905512
14,43.04379,-89.354353
14,44.784841,-122.659843
14,33.994089,-117.905969
14,45.010563,-93.089531
14,40.771895,-73.994008
14,41.888832,-87.979111
14,40.64302,-74.25926
14,30.239901,-97.72186
14,37.027995,-76.660122
14,32.87535,-96.7701
14,33.750173,-117.832017
14,27.936290000000003,-82.56407
14,28.396435,-81.487434
14,35.385529,-119.145511
14,33.83235,-117.932427
14,28.192116,-82.380223
14,33.967953,-117.850075
14,38.80486,-104.75749
14,40.127574,-111.649707
14,43.487274,-121.90866499999998
14,38.013568,-78.347841
14,40.778968,-73.66115699999997
14,40.527344,-74.29988900000002
14,37.312164,-122.276024
14,26.62822,-80.067596
14,40.710921,-74.244512
14,41.318314,-72.90258
14,33.963645,-118.36987
14,40.06380200366943,-76.34063601457434
14,36.589998,-82.51488
14,37.22937,-121.97345
14,33.40283,-111.64007
14,33.762254,-117.863919
14,38.63355,-121.2121
14,28.412723,-80.706397
14,25.733931,-80.367769
14,37.711288,-122.168007
14,38.113052,-122.229935
14,35.815907,-78.690338
14,38.700693,-121.332167
14,35.24779,-113.187421
14,38.54548,-90.42484
14,35.70735900000001,-78.806084
14,33.851857,-117.278917
14,35.543759,-121.071544
14,25.686256,-80.389
14,33.772240000000004,-117.90885
14,34.777949,-82.67014300000002
14,34.0389,-118.43988
14,44.919666,-93.27449
14,34.693096000000004,-82.980049
14,35.211739,-80.85768900000002
14,30.473237,-91.120051
14,41.359857,-73.634571
14,33.73938,-117.8339
14,39.853001832772,-85.14903187711168
14,40.705024,-74.24611
14,37.838032,-122.486343
14,27.410067,-80.39949
14,28.552423,-81.352026
14,30.507432,-85.65965600000001
14,38.70369,-121.345993
14,37.354989,-77.411854
14,36.833293,-76.113862
14,38.936623,-94.608696
14,40.951776,-73.85316800000003
14,35.86836599999999,-78.545332
14,33.368748,-117.163755
14,37.644985,-122.094086
14,44.85947,-93.362457
14,30.497172999999997,-97.923561
14,33.80703,-79.014977
14,45.653898,-122.56876
14,25.869305,-80.33154499999998
14,37.56059000000001,-122.03552
14,35.113517,-85.230048
14,33.84175,-117.95229
14,33.312595,-111.945625
14,45.593599,-122.683357
14,38.633904,-90.143738
14,42.942852,-85.667419
15,35.87505,-78.729538
15,36.08388,-79.14681
15,44.912191,-122.97781299999998
15,39.263172,-76.671406
15,41.64014,-83.55339000000002
15,45.033367,-93.400681
15,29.71655800000001,-95.472237
15,30.362522,-81.55320999999998
15,34.038435,-81.09764200000002
15,32.83785,-97.19463
15,33.51940512641181,-93.93470406487496
15,33.74884,-84.71781999999997
15,33.743114,-84.391747
15,28.642888,-81.8092
15,33.873587,-98.560913
15,30.433443,-83.626663
15,34.06908631,-80.93008876
15,33.386459,-111.753983
15,37.541136,-77.441148
15,30.508348,-91.177465
15,42.538422,-83.116112
15,29.737840999999996,-95.482491
15,33.62186,-111.87539
15,35.21017,-80.90816
15,30.444315000000003,-91.148605
15,26.51602,-81.943832
15,26.201941,-80.14586800000002
15,39.09574,-94.5547
15,30.445314,-83.72603000000002
15,36.210724,-119.384374
15,29.732351,-95.476551
15,33.480869,-86.826881
15,42.751882,-84.74459300000002
15,43.074738,-83.842903
15,35.123051000000004,-78.738838
15,35.84827,-78.556351
15,36.845089,-76.26808199999998
15,35.023990999999995,-85.311686
15,44.83714000000001,-123.0085
15,34.836452,-118.863045
15,34.091564,-118.258385
15,40.52419781665552,-74.2895400520597
15,34.155739000000004,-118.431219
15,37.958246,-121.258972
15,33.989074,-117.889274
15,36.045406,-86.713264
15,34.10413,-117.84318799999998
15,39.00483,-78.326463
15,40.590557,-76.412323
15,32.823601000000004,-96.83374
15,42.269845,-88.07445200000002
15,42.963186,-73.791195
15,29.73184,-95.389153
15,33.87203,-117.66522
15,38.95947,-76.66245
15,36.6035,-78.632664
15,42.299804,-83.122035
15,25.670686,-80.383957
15,34.030965,-118.030988
15,42.35961,-87.894921
15,30.39753,-97.701591
15,36.890912,-119.792572
15,33.595718,-117.245163
15,35.760784,-78.66128499999998
15,30.26996,-97.745949
15,35.12879,-81.551603
15,41.81337,-71.408691
15,47.62893,-117.48758
15,41.88068,-77.200012
15,34.062641,-118.248917
15,35.982258,-77.876572
15,41.233166,-73.069626
15,32.723583000000005,-117.157773
15,36.14011,-86.7233
15,29.513908,-98.553271
15,45.5357,-122.587478
15,33.896766,-117.484063
15,26.72576,-80.66696
15,34.431098,-81.738281
15,29.680752,-95.381218
15,36.11338,-95.851097
15,32.797131,-96.81694
15,34.106682,-117.855087
15,36.154509999999995,-86.841011
15,34.600712,-86.98008
15,40.932696,-73.860989
15,34.962971,-82.267189
15,40.56235,-75.983566
15,33.418552000000005,-86.681335
15,41.802688836852056,-74.05213236773466
15,38.220724,-122.257541
15,33.07328,-96.68738
15,37.90024,-85.696686
15,41.88398,-72.6581
15,38.684,-85.16241
15,25.907408,-80.292489
15,38.55197,-121.43269
15,45.066803,-93.447838
15,47.407779,-122.2202
15,32.70923,-117.14773999999998
15,29.639774,-98.211769
15,30.2924,-81.72413
15,32.763302,-96.709259
15,47.717719,-122.32446000000002
15,25.861881,-80.208626
15,35.841263,-78.678368
15,36.059952,-86.672081
15,42.66368,-73.77124
15,40.752535,-74.192173
15,34.078108,-118.228541
15,42.162716,-87.873611
15,39.040603999999995,-121.066551
15,28.479108,-81.434239
15,33.956621000000005,-118.087956
15,34.068657,-118.042221
15,25.769681,-80.32699699999998
15,36.328369,-119.565208
15,35.741768,-78.671913
15,34.963627,-82.302871
15,42.927383,-85.652939
15,30.358187,-97.688095
15,37.901006,-122.310744
15,36.985549,-122.030026
15,44.948563,-93.347839
15,37.105306,-121.608758
15,28.52323,-82.23592
15,33.518152,-84.245467
15,38.211979,-85.670609
15,42.15422,-88.12832
15,34.152014,-118.318149
15,32.778923,-117.061584
15,40.164471,-75.135262
15,29.713938,-95.773727
15,41.857624,-88.14265400000002
15,31.35932564720459,-89.34400677638365
15,33.483948,-86.82634
15,35.265318,-81.136946
15,42.01852,-122.61051
15,33.914214,-117.882533
15,35.133255,-117.963881
15,33.60737,-114.65773
15,46.594299,-111.997966
15,36.32695,-86.72157299999998
15,39.910388,-84.18814
15,34.718253999999995,-80.77869399999999
15,36.11248,-86.77192
15,34.115611,-117.520652
15,41.405273,-81.648201
15,34.823601000000004,-82.291382
15,36.306793,-80.313347
15,43.442069,-84.048702
15,41.684361,-73.866019
15,33.67898,-117.84887
15,36.850632,-121.690031
15,40.66596,-73.74108000000003
15,39.131571,-77.589412
15,35.16267,-80.73938000000003
15,36.204758,-95.958229
15,39.950317,-83.01724200000002
15,45.410153,-122.513949
15,40.031897,-83.13850699999998
15,46.802345,-92.070488
15,44.976921,-93.088722
15,33.854265000000005,-117.974683
15,44.731151,-93.283243
15,33.982997,-117.339884
15,25.810617,-80.14191600000002
15,25.702429,-80.33314200000002
15,37.321732,-80.035963
15,40.20206500000001,-75.512505
15,41.829147,-87.704498
15,40.072792,-75.15593
15,37.346451,-121.921684
15,44.861882,-93.298179
15,33.782413,-78.989479
15,38.079138994035354,-122.54511952341772
15,37.33219,-122.01766
15,36.83795900000001,-76.097504
15,36.40574,-87.03110500000003
15,40.977303000000006,-73.698433
15,28.602994,-81.313348
15,35.223324,-80.62908900000002
15,25.68888,-80.30847
15,30.680785,-86.57008499999998
15,40.163726,-80.228329
15,28.553140999999997,-81.358192
15,42.422065,-123.027568
15,39.94901,-86.01332
15,35.43111,-97.58036
15,37.595068,-121.03029
15,26.375590999999996,-80.171021
15,33.850635,-112.143666
15,36.826384999999995,-119.78524
15,40.216157,-75.18474599999998
15,35.165735,-80.876165
15,27.956674,-82.45878499999998
15,39.947292,-86.353981
15,35.185345,-85.186243
15,25.761051,-80.480324
15,33.961819,-83.79638
15,40.008457,-76.12217199999998
15,39.91696,-104.98861
15,34.74971,-82.631714
15,29.7302,-95.454538
15,29.753027000000003,-95.409506
15,39.536701,-119.803429
15,38.540436,-77.348241
15,42.60593,-71.328362
15,34.026263,-118.274702
15,34.086839000000005,-117.641444
15,25.812199,-80.20585600000003
15,39.687241,-78.983319
15,34.142799,-80.750381
15,40.30253,-78.91102099999998
15,29.716325,-82.466096
15,47.441895,-122.216515
15,36.43391489965232,-120.39231419505886
15,40.67053,-78.793313
15,40.974648,-73.707293
15,32.757371,-96.682747
15,41.22237,-111.97048
15,37.330229,-122.053637
15,33.77509474738228,-117.85303473416398
15,42.196487,-86.05349
15,35.391048,-97.547867
15,30.42108,-91.152878
15,34.142213,-117.251887
15,35.15269,-80.796566
15,33.002438,-117.257805
15,37.570982,-122.263331
15,43.325263,-73.681038
15,34.0371,-118.2974
15,39.437931,-76.63421600000002
15,32.332039,-90.162643
15,38.583129,-121.30057
15,36.98281400000001,-121.98958600000002
15,26.657305,-80.069802
15,32.217918,-110.934067
15,28.567573,-81.21490899999998
15,34.023975,-117.810982
15,38.806763,-77.022623
15,39.791149,-84.215942
15,28.567066,-81.210475
15,34.042171999999994,-118.309012
15,38.56043458,-121.48152709
15,41.22385,-73.721524
15,36.796856,-76.383647
15,29.729662,-95.463676
15,34.503794,-120.226482
15,32.69133,-96.82327
15,36.90463185292767,-119.51870799007644
15,37.31687665,-121.91924214
15,36.140705,-86.72043599999998
15,40.169317,-76.190099
15,28.579004,-81.20765300000002
15,41.783472,-76.450509
15,33.407443,-111.926262
15,36.148777,-95.860443
15,28.465873,-81.337243
15,37.780167,-122.238579
15,30.426731,-97.676514
15,47.66774,-122.109268
15,34.784937,-82.409136
15,25.845659,-80.25106099999998
15,29.773128999999997,-95.390602
15,28.338919,-81.409591
15,33.63735,-117.17105
15,36.269237,-86.755705
15,35.086656,-85.063559
15,46.895802,-122.960945
15,27.998614,-80.636275
15,25.643213,-80.334324
15,37.25874781590815,-80.17171025237955
15,28.482056,-81.45870500000002
15,34.06193,-117.18703
15,28.524317,-81.313506
15,34.199014,-118.337797
15,41.208172,-73.09389499999997
15,34.030033,-84.04804200000002
15,40.61025,-74.10509
15,34.285424,-79.9106
15,42.323341,-83.437988
15,34.092251,-117.396123
15,25.778087,-80.28680200000002
15,37.25821137410517,-121.80686831416222
15,35.196751,-80.79128299999998
15,33.97538,-117.858223
15,41.966541,-87.998337
15,34.122842,-117.69488
15,38.960087,-77.190963
15,25.83451,-80.205933
15,34.080328,-84.638671
15,44.55907,-92.49204
15,40.666267,-73.801552
15,40.73022,-73.83414
15,39.80172,-86.0905
15,38.301432,-122.034027
15,47.98103,-122.188042
15,32.85392,-96.64543
15,45.010319,-93.172258
15,32.910934000000005,-96.7687
15,25.685089,-80.389191
15,25.931421,-80.240829
15,33.745676,-117.840675
15,45.30805,-122.769081
15,30.45717800000001,-83.768139
15,35.251865,-80.86069499999998
15,39.11424,-104.8655
15,26.033426,-80.16439799999998
15,40.168447,-122.268195
15,47.595821,-122.317612
15,36.149719,-95.904587
15,29.937719,-95.432121
15,33.946653999999995,-118.227606
15,31.379999,-85.81819899999998
15,40.77048900000001,-73.873634
15,29.623709,-95.44165
15,44.861495,-93.4801
15,37.137104,-93.296406
15,33.435210999999995,-111.839897
15,43.21632,-77.74329
15,41.64626,-72.67403
15,39.407578,-77.43436
15,38.916028,-76.717609
15,32.767027,-117.149148
15,34.876549,-82.214104
15,38.232722,-122.10859
15,34.160271,-80.77131700000002
15,38.790913,-121.219902
15,34.061741,-118.192619
15,33.546178999999995,-117.178615
15,41.512058,-74.069862
15,40.348037,-122.35446
15,28.545044,-81.59843000000002
15,37.89765,-122.09224
15,35.178045000000004,-80.89177600000002
15,46.2665283677756,-106.59428000399303
15,33.799381,-118.111053
15,45.47476,-122.78797
15,38.663835,-121.273545
15,26.229984,-80.295937
15,40.790108,-74.052329
15,33.924412,-118.2463
15,25.73288,-80.318626
15,32.351456,-86.321228
15,29.11107659326024,-81.03109002074703
15,33.753634999999996,-84.495628
15,37.295044,-121.872984
15,30.427137,-91.16861
15,45.091404,-93.44603
15,35.211323,-80.901733
15,33.70715,-78.985138
15,42.21981,-88.06681
15,35.148827000000004,-80.802063
15,30.440385,-91.213436
15,30.422436,-91.147308
15,36.143007,-86.883224
15,45.50837,-122.77856
15,47.35687,-122.24483
15,36.939767,-121.770026
15,43.778255,-123.05767
15,41.1194,-73.37941
15,35.08437,-81.64071700000002
15,25.893756,-80.162497
15,37.132021,-77.519531
15,28.472589000000006,-81.39546899999998
15,32.910967,-86.63967099999998
15,39.012478,-94.693267
15,42.862022,-73.775726
15,39.979782,-76.658241
15,37.64902,-122.09669
15,35.150681,-118.878024
15,39.82416,-104.98317
15,39.273039,-121.010904
15,34.06565,-117.99678
15,38.4295,-122.71475
15,36.254416,-119.228561
15,25.747884,-80.325639
15,33.575976000000004,-117.101356
15,30.170235,-90.871669
15,30.355825,-97.684097
15,25.82409,-80.233604
15,37.525513,-120.887695
15,33.929463,-118.254268
15,33.64914,-84.36925
15,41.67291283587612,-91.4486396308353
15,32.894496999999994,-96.711806
15,38.275257,-85.80931899999999
15,34.119686,-117.761597
15,41.263058,-96.119537
15,47.529663,-114.19866299999998
15,38.066681,-112.346504
15,41.554732,-72.637715
15,45.224372,-93.398108
15,34.004321999999995,-117.726803
15,38.823777,-77.439171
15,32.177898,-110.960023
15,47.495413,-92.473411
15,42.927551,-85.666679
15,40.781811,-73.429732
15,38.533039,-120.76564
15,32.81196713431925,-96.85717463447163
15,43.172935,-77.54043399999998
15,35.44403,-82.538138
15,33.873692,-118.210004
15,37.384525,-120.713173
15,28.124611,-81.616737
15,42.390114,-83.01015
15,29.695694,-95.300608
15,33.743431,-84.365341
15,25.760886,-80.395587
15,36.0464107988546,-86.66102528530756
15,42.914703,-83.72618100000003
15,34.046986,-118.268379
15,30.18142819390211,-81.62881493529498
15,35.750114,-78.594902
15,39.021415999999995,-94.19783
15,33.827944,-118.082496
15,32.833977000000004,-117.118858
15,38.59368,-121.287982
15,43.597382,-116.346156
15,33.906501531439275,-118.28637242260795
15,30.26973,-95.45694
15,33.804323,-79.48981500000002
15,25.899548,-80.184336
15,40.110153,-76.50490699999997
15,37.684326,-113.11132
15,34.083912,-80.939003
15,34.268368,-83.819084
15,25.692663,-80.401702
15,39.713359,-75.649047
15,43.104311,-75.702913
15,25.767491,-80.368853
15,34.446163,-119.206406
15,30.238791,-97.719543
15,36.541679,-121.908394
15,32.309006,-111.041992
15,43.0094254,-76.13603711
15,40.834358,-73.864632
15,30.210512,-97.803619
15,43.022968,-87.92094399999998
15,41.603974,-83.26061999999997
15,36.053631,-95.957829
15,43.0345,-88.172157
15,32.177406,-110.840927
15,34.06597,-118.216192
15,29.925989,-90.098485
15,34.036812,-118.317719
15,25.685129,-80.42075600000003
15,33.750335,-79.447563
15,39.747829,-84.205978
15,26.80802000000001,-80.07606
15,30.519362,-91.146153
15,30.50709,-87.26021
15,33.445091,-117.63134
15,34.08742,-117.65955
15,39.170431,-94.55819
15,37.63035,-122.4347
15,29.44049478,-98.48430991
15,34.263666,-119.081355
15,44.15732502916261,-91.81009411768048
15,43.15975,-77.61574399999998
15,33.430508,-117.145332
15,33.462092999999996,-112.049942
15,40.77585,-74.04472
15,32.719153999999996,-117.102951
15,35.49325200000001,-97.576698
15,38.90842,-94.77624
15,37.510098,-122.343964
15,40.7263,-73.890041
15,38.663995,-121.224858
15,33.508291,-86.882028
15,34.108540000000005,-80.899408
15,37.32777,-121.87819
15,33.889369,-118.117051
15,33.493393,-112.11294
15,28.597576,-81.297676
15,37.520201,-77.268146
15,38.608182,-90.212508
15,33.10436,-91.263226
15,40.833427,-75.299309
15,37.87996500000001,-122.038291
15,28.539361,-81.239817
15,41.75730586032029,-71.43416762317926
15,40.212604,-75.251467
15,35.767845,-78.57770500000002
15,26.062872,-80.163872
15,36.489117,-119.611105
15,30.32118,-81.693558
15,44.74343,-93.27754
15,36.952362,-79.881401
15,33.892573999999996,-84.25904799999998
15,37.549896,-122.025444
15,43.027805,-83.723396
15,32.808098,-96.885834
15,42.269006,-84.550781
15,27.95052,-82.52128
15,32.840298,-117.123955
15,37.326769,-121.886331
15,38.341287,-122.75962
15,40.719497,-111.86553700000002
15,30.418621,-91.131352
15,29.689363,-95.561741
15,37.67884,-97.31946
15,40.990265,-75.175529
15,34.057239,-117.298172
15,25.820956,-80.281325
15,38.845044,-77.43830600000003
15,41.388912,-72.222115
15,33.990761,-117.933884
15,35.97631099999999,-78.875877
15,41.648175,-108.635375
15,40.842087,-120.751219
15,28.407349,-81.405626
15,38.149949,-85.53919599999998
15,34.118476,-118.163139
15,35.75258,-78.690381
15,35.772299,-78.741576
15,39.052999,-84.22564
15,42.167226,-84.6688
15,33.770763,-117.911781
15,42.969704,-83.69281
15,30.510704,-81.63449
15,36.729427,-119.258405
15,31.757265000000004,-106.347992
15,36.324772,-86.702423
15,38.724922,-121.346512
15,34.064407,-118.011017
15,39.198422,-121.170164
15,34.79152321798901,-92.06166386560407
15,47.386545,-122.290028
15,38.794628,-90.816422
15,41.298126,-73.935715
15,38.24440598,-122.03893304
15,33.668911,-112.066017
15,40.853214,-74.476479
15,32.864940999999995,-96.544624
15,35.965362,-78.517842
15,45.378529,-122.28911
15,41.170443,-111.96856
15,37.855083,-122.493523
15,33.743509,-84.364423
15,37.768684,-121.426025
15,39.938994,-75.022678
15,27.968075,-82.77471799999998
15,36.115814,-86.773689
15,33.070332,-117.069824
15,30.386398,-97.64871
15,35.795643,-78.51531999999997
15,29.688955,-95.604263
15,27.839245,-82.698029
15,37.919389,-122.346216
15,44.935066,-93.397125
15,42.984398,-85.60511
15,32.3231,-111.0123
15,34.087196,-118.234116
15,42.153881,-88.062874
15,30.16725,-81.555832
15,41.773022,-88.00856
15,30.468832,-91.126038
15,34.027412,-118.03756
15,25.715104,-80.396569
15,27.87898400000001,-82.65892
15,28.35741,-81.49181
15,35.508389,-97.514809
15,45.12476,-93.3021
15,40.633385,-74.192359
15,35.95628400000001,-83.97216
15,42.154203,-88.13041
15,34.09084439261393,-81.1656296249334
15,25.631241,-80.37316899999998
15,32.770554,-96.811485
15,28.5354,-81.393617
15,39.89726,-78.51701899999998
15,28.452192,-81.400388
15,39.124516,-76.640045
15,37.720837,-122.399994
15,33.212006,-94.671837
15,42.501638,-71.11404
15,40.72728,-73.906754
15,36.195937,-86.757258
15,28.656796216828074,-81.54826283416008
15,36.876574,-121.770913
15,28.51732,-81.396968
15,34.519379,-82.69178000000002
15,25.882785,-80.245746
15,33.508179,-82.105659
15,37.054096,-120.554222
15,38.417012,-122.902456
15,37.333963,-79.191603
15,47.141045,-122.085374
15,34.031551,-118.413368
15,37.32846,-121.87192
15,27.986673,-82.326187
15,41.263969,-73.683945
15,42.13445,-73.89166999999998
15,47.878833,-122.21751100000002
15,30.423676,-91.075073
15,43.141969,-77.542866
15,45.035465,-93.089424
15,40.71907,-73.58048000000002
15,33.386669,-111.894295
15,33.002708,-80.668991
15,35.001875,-82.115868
15,40.83873,-73.93327
15,25.581926,-80.366272
15,36.621567,-121.846236
15,28.54578,-81.4136
15,33.911733,-118.180146
15,33.760464,-84.493477
15,33.836662,-81.598175
15,40.670387,-74.202035
15,33.931087,-117.41348
15,35.005543,-79.183764
15,39.876724,-75.102737
15,28.463525,-82.192927
15,25.921976,-80.41421
15,30.393789,-91.039162
15,32.221039000000005,-110.773003
15,27.284599,-82.53070799999998
15,35.383602,-97.000755
15,47.402598,-122.222622
15,35.029222,-85.311275
15,45.31675900000001,-123.020064
15,33.948142,-118.24243
15,44.426256,-121.877935
15,37.510226,-79.740434
15,33.735405,-117.077805
15,31.721712,-89.103767
15,42.371223,-83.216599
15,33.49682,-111.926046
15,39.053219,-94.67926
15,32.694934,-96.678795
15,33.668388,-112.065452
15,35.506771,-97.549858
15,30.237156,-93.261246
15,34.030292,-117.701521
15,41.166264,-73.232941
15,38.682735,-120.838707
15,33.452209,-112.341171
15,34.20420900000001,-118.981332
15,37.36084,-121.84159
15,36.961292,-121.536877
15,34.1647,-118.47339
15,42.942875,-83.648453
15,40.68008,-112.27355
15,33.141815,-117.187222
15,37.360592,-77.403798
15,33.862328000000005,-118.199219
15,27.944795000000006,-82.533369
15,39.833698,-75.424316
15,37.251842,-122.062649
15,45.27644,-122.7727
15,33.818089,-84.388954
15,42.753029,-73.76899
15,36.075333,-95.922188
15,33.945462,-118.341585
15,35.080890999999994,-80.731225
15,33.90345,-79.436066
15,38.492432,-121.434242
15,34.244392,-119.234169
15,41.392292,-73.525416
15,40.52744000000001,-89.49118
15,44.951632,-93.13349
15,35.78298200000001,-78.703857
15,41.78775,-71.420464
15,40.94313,-77.638458
15,36.150539,-96.028961
15,36.140684,-86.73218299999998
15,32.761971,-96.960129
15,40.750741,-74.05924
15,40.69176078,-111.95215344
15,29.688026,-95.530464
15,38.95871,-94.710012
15,36.772978,-81.452958
15,35.654879,-78.82565100000002
15,41.051124,-73.96144
15,41.955984,-72.792795
15,35.994827,-86.59603100000002
15,30.285740000000004,-97.665482
15,35.26339,-119.220337
15,28.539126,-81.476721
15,41.518028,-73.97438000000002
15,40.669598,-73.997345
15,34.846619,-82.707008
15,39.337091,-76.490346
15,38.551208,-121.695503
15,35.261014,-80.839896
15,30.674840999999997,-88.04341099999998
15,40.629918,-74.30090899999998
15,34.092003000000005,-117.471153
15,26.858213,-81.97097
15,36.094449,-95.886473
15,30.411890000000003,-97.691597
15,38.876451,-76.99528000000002
15,35.071533,-81.680252
15,38.77848744373904,-76.79918646775819
15,36.168701,-86.666901
15,33.7742,-118.049782
15,30.65572,-87.911469
15,36.190392,-86.761095
15,33.876096010046595,-118.1224358076185
15,40.629539,-111.889771
15,36.151438,-95.933671
15,33.924782,-118.281449
15,39.88118,-75.00975
15,37.528713,-122.000023
15,41.748619,-87.94458
15,38.55794,-121.38579
15,41.04740023593402,-73.54246973956326
15,43.02552,-83.517868
15,37.361211,-121.904149
15,35.387375,-119.044631
15,30.450616,-86.638435
15,38.626033,-121.328453
15,43.121063,-92.738724
15,41.233598,-76.99479000000002
15,39.30333,-120.65727
15,34.307719,-117.46977
15,33.89275,-117.88081
15,34.016838,-118.054335
15,37.448879,-122.12313799999998
15,26.122097,-80.15620799999998
15,36.856467,-79.217104
15,40.0917,-104.98065
15,45.598293,-109.076009
15,32.65625,-96.979858
15,34.519733,-84.91919399999998
15,43.090179,-89.520462
15,34.080535999999995,-117.628624
15,32.849537,-116.917839
15,38.850548,-94.528829
15,37.14878,-121.64821
15,34.03164,-118.189311
15,37.407041,-122.064081
15,28.289202000000003,-81.346991
15,32.33712,-110.99526000000002
15,35.409821,-97.547958
15,37.692895,-122.1018
15,40.80883,-73.17855
15,42.20647,-121.7227
15,29.771524,-95.154297
15,32.781155,-96.624519
15,37.148092,-93.429372
15,33.21774,-96.6362
15,38.678524,-121.230347
15,38.91592383366147,-94.7676694388639
15,42.34955,-87.87111999999998
15,35.898762,-78.55839499999998
15,34.07306,-117.200851
15,32.642414,-96.801689
15,32.876139,-80.01479300000003
15,34.172119,-118.467529
15,37.346859,-120.43261
15,25.673971,-80.384242
15,42.15363,-87.984282
15,32.327431440199234,-90.86243748621528
15,29.781425,-95.297882
15,38.358139,-78.76709699999998
15,40.212859,-122.244182
15,26.230525,-80.126385
15,34.06673,-117.23857
15,33.91137,-118.16769
15,42.303394,-88.075989
15,34.116938,-117.302347
15,30.356119,-90.417603
15,33.87379,-118.22944
15,34.811077000000004,-77.341678
15,37.754364,-121.462206
15,35.0364,-82.30246700000002
15,32.670876,-96.970711
15,43.000263,-77.423073
15,33.823167,-78.99425699999998
15,34.148308,-118.469597
15,38.66091,-121.344587
15,45.066902,-93.447876
15,37.047906,-120.617463
15,40.04373908023813,-75.00290036165713
15,33.989074,-117.889274
15,25.994061,-80.166014
15,43.205101,-77.474625
15,43.05055,-88.30599000000002
15,36.727398,-121.658508
15,38.340687,-77.49137900000002
15,34.068493,-117.97396100000002
15,28.24051,-82.312628
15,39.242546,-76.671231
15,33.872338,-118.059134
15,35.142046,-80.902813
15,37.925607,-109.34608
15,40.64472,-74.7195
15,42.669529,-73.74906899999998
15,46.009132,-112.677557
15,35.150646,-89.883957
15,37.82955,-76.978248
15,34.06753,-118.02929
15,29.211391210416732,-82.18439698180109
15,35.875408,-78.576477
15,33.640570000000004,-112.0309
15,33.16843,-87.52544
15,39.787632,-75.049263
15,25.945434,-80.245623
15,37.494888,-122.228294
15,38.617805,-121.38298799999998
15,30.689407,-88.114746
15,39.408109,-76.667316
15,28.249651,-81.65796
15,41.764052,-72.693687
15,37.7809,-122.23868
15,35.860552,-77.38635500000002
15,40.884322999999995,-74.161339
15,38.41750800000001,-105.197919
15,39.631386,-104.902832
15,34.055908,-118.451912
15,33.46161,-86.82278000000002
15,34.218576,-118.240141
15,37.317216,-121.940152
15,27.891531,-82.647204
15,42.42893,-87.93811
15,42.27539,-85.166724
15,34.176628,-118.859856
15,30.481359,-87.223267
15,42.345112,-88.068771
15,45.933172,-119.09123999999998
15,37.757938,-121.531773
15,41.001201,-73.652397
15,29.822386,-95.33507
15,33.922259999999994,-118.36903
15,29.996042,-95.397087
15,33.39286,-111.9396
15,33.752049,-117.846249
15,38.25185,-85.71736899999998
15,35.43512,-97.565552
15,28.567542,-81.286006
15,25.49449,-80.41805
15,39.251076,-76.680211
15,29.630577,-98.459946
15,34.153744,-118.325821
15,36.062241,-86.77196500000002
15,30.384285,-91.048012
15,32.66164000000001,-96.725952
15,48.799054,-122.53031
15,45.876090999999995,-93.28923
15,41.30011,-81.516663
15,44.851318,-89.639162
15,33.941219,-78.987923
15,25.598456,-80.358755
15,39.39989,-76.427598
15,38.137889,-81.44855799999998
15,38.291027,-121.316846
15,33.76826,-117.917836
15,34.238892,-118.415947
15,44.14033,-123.05291499999998
15,30.451671,-91.114792
15,36.73897862416869,-76.32600188218916
15,35.385811,-118.978332
15,37.778023,-122.168032
15,39.520258,-119.740204
15,33.765631,-117.96809
15,34.063673,-117.291698
15,25.882663,-80.248667
15,40.430885,-80.026131
15,37.159892,-80.322386
15,40.916012,-74.369629
15,39.089191,-77.565274
15,38.477466,-122.732464
15,33.920577,-118.082588
15,45.478336,-122.565964
15,25.806184,-80.369287
15,38.27009,-122.05232
15,30.438611,-91.051221
15,44.12436,-94.19272
15,35.965405,-78.419289
15,25.899331,-80.188855
15,29.60965,-81.711899
15,37.23085,-79.972024
15,39.27685,-76.72527
15,35.121639,-85.35067
15,33.701935,-84.088676
15,34.068657,-118.042221
15,27.332844,-82.447357
15,25.672033,-80.381146
15,34.711208,-87.667664
15,33.865696,-117.542336
15,29.499165,-82.29632600000002
15,36.045216,-86.658989
15,32.7631,-117.127563
15,40.696529,-73.980995
15,39.776245,-104.989182
15,41.94632,-87.718704
15,29.484989,-98.526009
15,39.19127,-82.774
15,35.18882,-80.87562
15,32.87689805015146,-96.81001067115396
15,34.138973,-80.914516
15,26.144931,-80.169841
15,33.9977,-118.362374
15,41.773849,-86.73088800000002
15,32.243333,-110.920389
15,37.573753,-77.459793
15,36.11711,-79.753945
15,42.959358,-83.70674100000002
15,33.433004,-84.187576
15,41.046315,-111.910088
15,34.19369101508048,-117.36489415112798
15,35.168388,-114.57238
15,30.42477,-97.665014
15,28.326553000000004,-82.529228
15,32.77345,-117.128022
15,37.332281,-119.650859
15,44.862766,-93.247353
15,38.435038,-78.865534
15,26.125413179273018,-80.34429430923299
15,35.159019,-80.876183
15,42.45652000000001,-71.02143000000002
15,30.05312,-81.88549
15,34.840791,-92.158429
15,42.344332,-121.97168700000002
15,33.868431,-117.760942
15,34.89267,-82.160782
15,43.042118,-88.03333
15,32.662208,-96.855939
15,35.831589,-78.601311
15,34.082806,-118.227264
15,36.20352000000001,-86.77684
15,25.733903,-80.288042
15,37.89687,-122.10223
15,33.924644,-118.209816
15,43.40437531450556,-124.06309962213486
15,37.285848,-119.65564
15,30.44366,-89.03511999999998
15,34.024799,-118.428513
15,40.117627,-75.120137
15,37.628463,-102.620383
15,43.022284,-78.13764300000003
15,28.018966913089667,-82.54525065382698
15,35.219217,-80.833271
15,32.964806,-80.192116
15,32.90184,-117.116119
15,38.025662,-122.259639
15,28.191422,-82.463849
15,33.566749,-86.725165
15,30.348951,-97.548186
15,40.951846,-73.745649
15,33.779090000000004,-117.87705
15,30.403763,-97.853981
15,40.39235,-111.83588
15,37.420738,-122.091949
15,32.794094,-96.701096
15,39.6838,-84.22976
15,33.862171000000004,-81.20326999999997
15,42.86045,-83.73999
15,44.952602,-93.084129
15,40.328359000000006,-79.727197
15,35.211586,-80.69162800000002
15,29.43833900000001,-98.460945
15,46.565499,-112.67351399999998
15,44.843071,-93.787758
15,34.689468,-82.55283399999998
15,40.29022335986952,-74.0714442726418
15,30.443691,-91.178535
15,35.25674799999999,-80.875763
15,38.363679,-121.966018
15,42.84905076006485,-85.54848790127969
15,34.135452,-117.978943
15,43.86246,-95.38097
15,34.071242,-118.000085
15,33.937965000000005,-118.098175
15,37.05463,-121.58267
15,43.654925,-84.24802700000002
15,36.147565,-86.857917
15,37.14695,-93.319111
15,39.878739,-120.760989
15,28.552519,-81.344663
15,33.38568,-111.944922
15,42.404877,-83.15943100000001
15,33.86968017,-117.67154574
15,28.452939,-81.400159
15,26.308271,-80.118657
15,33.33746552451449,-117.1593296522276
15,30.147598,-97.696932
15,38.64315,-121.434677
15,34.00053,-117.8448
15,34.983340999999996,-81.971642
15,37.797224,-79.393637
15,26.26943,-80.1258
15,34.159796,-79.756359
15,43.861891,-121.4087
15,35.198212,-111.616798
15,35.780899,-78.444191
15,33.68662,-117.766
15,33.977714,-118.282671
15,42.280048,-91.010273
15,41.577858,-87.530128
15,37.80811,-122.36719
15,33.88861,-118.35795
15,33.506190999999994,-84.23101
15,25.92581400000001,-80.178077
15,30.367043,-97.890092
15,42.21814000000001,-71.548805
15,41.404612,-78.70502900000002
15,42.480067,-83.755569
15,35.211217,-78.659609
15,45.223105,-93.395879
15,32.250675,-110.830765
15,37.647184,-122.095685
15,45.360826,-122.761028
15,42.93660300000001,-85.680243
15,29.832527,-95.455696
15,37.27965,-122.01134
15,34.719666,-86.625885
15,35.775911,-119.181415
15,33.850727,-117.843927
15,38.87365,-121.13385
15,32.78642,-96.744398
15,35.716963,-78.634751
15,33.994159,-117.909771
15,42.254742,-88.020416
15,32.176777,-111.00316200000002
15,32.001696,-81.260625
15,33.440668,-117.625423
15,33.690125,-84.500153
15,42.974701,-83.652977
15,34.140911,-117.252403
15,32.100833,-111.253014
15,35.20374,-80.74849
15,41.193905,-81.740044
15,36.883378,-76.18356899999998
15,29.025684,-82.137775
15,40.248935,-76.876683
15,42.980245,-83.728604
15,28.75637,-81.2873
15,34.376411,-82.69458
15,34.021671000000005,-80.946304
15,44.240121,-123.06061
15,37.76945,-84.31654
15,41.034313,-76.338722
15,34.081909,-117.715675
15,40.24780300000001,-75.64705699999998
15,38.63812,-90.436371
15,32.909222,-96.744251
15,37.73473,-122.40638
15,34.339962,-118.519066
15,45.49731,-122.67353
15,33.772038,-117.909164
15,39.700455,-77.739273
15,42.890188,-76.10956
15,36.111258,-86.756679
15,35.209121,-118.833175
15,30.479944,-97.801826
15,38.286204999999995,-85.511833
15,45.146712,-117.728465
15,38.674,-90.362022
15,30.459539000000003,-91.089867
15,44.968922,-93.343513
15,25.930647,-80.290402
15,42.10587,-84.24791
15,35.43167899999999,-97.496941
15,35.153181,-80.849552
15,32.203289,-110.883713
15,39.307191,-76.753551
15,38.678439,-121.225596
15,45.742445,-111.185175
15,26.62111,-81.738398
15,33.443489,-112.108002
15,40.087722,-75.403397
15,33.522709000000006,-117.163101
15,34.019323,-118.172829
15,34.003772999999995,-118.281029
15,25.890733,-80.163416
15,37.287164,-79.914116
15,39.14348,-84.51924
15,42.306042,-88.004341
15,29.32025,-98.532677
15,38.681689,-121.568224
15,33.568843602974084,-81.92111134490051
15,33.177048,-117.351311
15,29.858773,-95.305395
15,36.264318,-86.728768
15,33.553162,-112.151573
15,35.47876,-97.662796
15,36.15963,-86.796227
15,32.79392123206713,-96.81440949393836
15,33.708633,-117.851524
15,41.4458,-73.06737
15,39.00799,-76.40386
15,29.736616,-95.581207
15,42.175781,-88.175598
15,39.31677460651724,-85.31260371167512
15,31.144227,-81.570571
15,34.018902000000004,-118.173264
15,34.337505,-118.507103
15,37.794691,-122.381547
15,40.84609,-73.930366
15,41.737263,-74.063278
15,30.389572,-91.200607
15,40.976692,-73.759922
15,42.916207,-87.93554
15,32.88405,-80.019788
15,33.88019,-117.56979
15,34.068914,-117.84237
15,33.86448,-118.32648
15,29.845661,-95.37178
15,26.597490000000004,-81.850899
15,33.65073,-80.88349699999998
15,40.664895,-73.996599
15,35.09933352,-106.6317451
15,41.27195,-95.956619
15,25.954705,-80.245853
15,32.471540999999995,-93.700352
15,42.840179,-73.77131999999997
15,34.605659,-83.03595
15,43.211014,-77.895061
15,35.511337,-97.565559
15,33.906519,-84.432023
15,40.78463,-73.52877
15,43.111369,-83.518888
15,39.83158707599721,-77.69740462266113
15,47.580186,-122.175895
15,41.300343274873256,-72.38993525470546
15,42.825924,-73.733932
15,37.830669,-122.293343
15,33.462092999999996,-112.049942
15,40.333094,-74.635986
15,45.50592,-122.68085
15,40.696766,-73.963318
15,40.73108,-105.17133
15,36.736027,-119.57412
15,30.628459999999997,-88.117867
15,35.29063,-80.75679000000002
15,29.769647999999997,-95.265167
15,43.038219,-87.921677
15,32.649460999999995,-117.103652
15,39.93793400000001,-76.979371
15,41.976502,-88.130115
15,25.685169,-80.446102
15,38.631273,-121.504832
15,35.851331,-78.580816
15,27.968017,-82.76664
15,41.233517,-75.91983
15,36.091976,-86.70461999999998
15,34.027145000000004,-118.472305
15,37.152576,-122.13423600000002
15,41.023674,-77.933876
15,36.161685,-86.793839
15,33.48053,-112.168968
15,40.922359,-73.817358
15,39.225201,-84.279106
15,30.4074,-87.273193
15,45.532597,-122.56488799999998
15,37.32876,-121.89563
15,40.744375,-73.183695
15,37.250996,-121.837616
15,37.865199,-121.667654
15,34.663067,-118.758934
15,42.14965,-87.853436
15,42.15297,-87.88374
15,32.4502337,-93.87084603
15,41.201365,-80.010549
15,43.39933,-121.81993
15,34.143815999999994,-117.261223
15,33.50241,-117.658577
15,40.28744,-74.17317
15,27.015627622475552,-80.22031187972915
15,43.177372,-83.77422299999998
15,30.467290999999996,-91.003014
15,41.773491,-87.982773
15,41.197375,-73.194799
15,29.021872,-81.227963
15,29.76732,-95.26535
15,25.963012,-80.155381
15,39.177799,-123.219101
15,40.253357,-76.809947
15,37.8711,-122.30525
15,34.220245,-119.085182
15,38.722,-90.331818
15,33.378431,-111.907203
15,37.537289,-120.892661
15,41.140217,-95.926422
15,30.269185,-97.776665
15,38.188244,-85.7845
15,38.94278883915453,-78.13814520798617
15,37.320334,-121.940256
15,39.318787,-76.533401
15,35.312702,-80.743202
15,36.221537,-91.225017
15,33.378372,-111.967796
15,40.42845,-111.88805
15,38.211236,-122.256211
15,29.657529,-95.28879
15,38.606502,-121.329106
15,33.957828000000006,-118.111836
15,33.974037,-118.080109
15,38.280212,-77.51085
15,30.48134000000001,-100.070602
15,33.854201,-81.314474
15,43.008678,-83.68375400000002
15,28.56876500000001,-81.20783
15,37.968901,-121.327004
15,36.987728,-121.960423
15,39.041745,-94.362351
15,26.345688,-81.769913
15,42.713781,-123.366669
15,38.613006,-121.383057
15,35.352319,-119.007508
15,42.379181,-83.033752
15,28.199881,-82.64698800000002
15,39.868140999999994,-75.102379
15,27.495916,-82.622697
15,47.820965,-122.279564
15,44.14185300000001,-88.490623
15,33.887463000000004,-118.104279
15,29.947046000000004,-90.08941
15,39.980301,-82.836197
15,41.06218,-81.50595
15,33.854240000000004,-117.941826
15,35.027664,-80.965065
15,44.2401,-95.9667
15,30.345809000000006,-97.556551
15,30.177628,-81.742561
15,34.608145,-118.711771
15,30.391937,-91.090851
15,42.982113,-83.68220500000002
15,29.627598,-95.22892
15,30.493484,-87.253088
15,37.037847,-76.391476
15,34.038418,-118.27401
15,37.36789,-121.92376000000002
15,45.75955,-123.29954
15,29.823223,-95.383858
15,36.754852,-119.741814
15,29.838877,-95.277031
15,36.082581,-86.727226
15,43.033348,-83.676804
15,33.97647,-118.235073
15,34.588083028628404,-118.13402295056278
15,35.41946,-78.52831
15,41.762333,-72.63472
15,34.431573,-118.397045
15,39.014963,-94.69302
15,26.368190999999996,-81.797333
15,44.82969,-92.96001
15,38.70948,-121.412718
15,41.780781,-87.91669499999998
15,38.380833,-122.552299
15,37.933372,-122.060051
15,42.85229,-78.790136
15,33.89623,-118.18742
15,40.177836,-75.91484
15,33.760057,-117.861963
15,25.939197,-80.295275
15,35.531962,-78.56916700000002
15,34.47517,-82.652946
15,37.54218,-121.27071
15,29.417839,-98.649605
15,32.7804,-96.77682
15,26.053392,-80.162356
15,35.332981,-119.00311299999998
15,40.771352,-73.91861899999998
15,32.94689297660376,-117.24299311581971
15,32.94038,-80.624977
15,37.892591,-122.159524
15,33.809478999999996,-117.879379
15,33.923988,-118.309418
15,41.54206,-72.94629499999998
15,43.12378,-75.58574
15,38.847656,-110.934709
15,30.327608,-97.70126
15,41.96946,-88.014557
15,33.808806,-118.156367
15,35.8321,-78.584137
15,43.26997,-93.48773
15,40.706619,-74.175301
15,34.137867,-117.339836
15,47.46323,-122.28335
15,42.963345,-85.550762
15,32.109814,-86.461365
15,35.023990999999995,-81.874619
15,36.7293,-121.626629
15,42.514763,-71.021759
15,42.804269,-73.634537
15,37.63491,-122.0869
15,35.157066,-80.79229699999998
15,39.120295,-108.367487
15,43.665302,-93.24884
15,29.784798,-95.562965
15,32.314053,-90.159543
15,29.663532,-95.258196
15,41.390369,-73.59796899999998
15,35.170864,-80.902732
15,36.670082,-121.637992
15,39.323671,-111.604278
15,40.876099,-73.870689
15,30.301575,-97.754654
15,34.19,-118.18104
15,34.014381,-117.824443
15,34.153381,-118.337828
15,33.85595,-118.00244
15,40.212214,-75.31205600000001
15,25.599092,-80.381075
15,40.888995,-73.815164
15,33.704208,-78.928685
15,44.895294,-93.247833
15,35.80713629705521,-90.66365361170452
15,35.661411,-78.48865500000002
15,33.122162,-117.321924
15,30.398565,-91.107437
15,40.71847,-112.07263
15,38.46684000000001,-121.49546
15,25.808285,-80.26554300000002
15,28.539026,-81.475719
15,33.979907,-117.90506299999998
15,32.506485,-111.269165
15,41.16584,-78.663634
15,41.69582962969925,-92.721573113953
15,35.442219,-80.86547900000002
15,34.07529,-117.54467
15,38.54047,-121.768509
15,43.811691,-71.67070799999998
15,34.066509,-117.230362
15,40.809842,-73.186422
15,41.22153,-95.95252
15,30.019292,-81.481996
15,27.354093,-82.53049399999998
15,35.27490200000001,-80.699219
15,37.976603,-87.635786
15,32.898509999999995,-96.71481
15,40.003809,-75.579571
15,39.19538,-76.65876
15,35.565769,-97.656204
15,34.068869,-117.839455
15,34.365108,-118.503716
15,33.94747,-118.36829
15,43.00214,-83.749329
15,28.450197,-81.405222
15,32.440146,-93.716817
15,40.6888,-73.80870999999998
15,35.087654,-80.854681
15,34.038923,-118.44004
15,37.975818,-121.339319
15,25.699715,-80.44493
15,27.46249000000001,-82.585541
15,34.808874,-117.098634
15,40.780466,-73.63224100000002
15,28.918083000000006,-82.469387
15,40.74099,-73.82132
15,25.687136,-80.446177
15,41.527519,-73.916374
15,32.77219,-117.02713
15,33.56555,-112.29852
15,25.649586,-80.331565
15,34.033321,-118.436829
15,39.980026,-76.311142
15,30.184944,-97.768509
15,39.979857,-82.98423000000003
15,39.291451,-81.544467
15,42.410155,-83.074074
15,47.626095,-122.328621
15,32.45006203635955,-83.75421881635779
15,38.40221,-78.908165
15,25.82311749,-80.20638585
15,35.262812,-80.79511600000002
15,39.890771,-75.104022
15,30.381040999999996,-91.03833
15,37.259713411153506,-121.96889519633308
15,28.354782,-81.419775
15,42.738731,-83.38423
15,38.944977,-77.152043
15,35.254433,-80.874542
15,40.65551877002403,-75.41630387270251
15,42.2201049325837,-83.44022870023994
15,42.345165,-87.923241
15,32.705917,-96.814598
15,41.598457,-109.200471
15,42.19683,-87.88625
15,45.08838,-93.187634
15,39.135974,-77.692017
15,33.917010999999995,-81.256958
15,43.087102,-121.822532
15,34.12445,-118.27285
15,34.072038,-117.907502
15,43.157214,-77.65944499999998
15,34.135876,-118.000336
15,26.011003,-80.166613
15,41.54356,-93.59684
15,41.097534,-74.040215
15,29.54276,-98.36694
15,35.131603000000005,-81.797554
15,33.696631,-84.081554
15,41.79737,-72.65463000000003
15,25.890169,-80.188806
15,33.859921,-118.299194
15,29.841310999999997,-95.50631
15,34.309984,-117.472039
15,33.816479,-81.177811
15,40.645938,-74.016245
15,36.153248,-86.793986
15,40.72292,-74.17657
15,34.020801,-118.159159
15,45.778348,-120.058593
15,27.960472,-82.748041
15,40.407326,-104.993233
15,38.945649,-121.098229
15,34.007476000000004,-118.059905
15,36.97569,-122.021612
15,38.841987,-77.00805799999998
15,28.551914,-81.491106
15,37.69712,-121.06923
15,36.976983,-120.079343
15,34.01593,-118.173027
15,40.781024,-73.59974
15,34.920521,-81.993538
15,45.603638,-94.452087
15,36.089897,-96.029556
15,25.702533,-80.446775
15,47.23954000000001,-122.404015
15,40.704793,-74.245775
15,34.274522065952894,-79.69352602920678
15,41.863781,-88.19479399999999
15,36.843872,-121.771124
15,38.927479,-77.228256
15,35.566144,-119.349596
15,37.947023,-120.426068
15,41.536858,-88.179803
15,28.665397,-80.92925
15,29.688896000000003,-95.58757
15,33.32904,-117.244888
15,25.574124,-80.343261
15,34.127739,-117.506607
15,39.03303980808719,-76.9441330429223
15,35.740685,-78.895424
15,37.970806,-122.320381
15,34.264534999999995,-118.472046
15,36.11026,-86.721001
15,36.94662451726462,-77.58380770646293
15,25.763163,-80.2591
15,33.831184,-118.084007
15,25.823553,-80.25296800000002
15,39.328572,-121.341765
15,35.258339,-80.794792
15,38.240532,-122.090614
15,42.475273,-83.145638
15,38.698291999999995,-121.335297
15,40.699119,-73.533434
15,39.94586,-75.24034
15,40.694168,-73.54345699999998
15,47.620819,-122.329117
15,29.434275,-98.645677
15,38.682285,-121.438431
15,41.37015,-73.619327
15,32.745131,-117.109627
15,35.87516,-78.540977
15,32.975159999999995,-117.25118
15,38.400931,-120.635861
15,45.07336,-93.01987
15,41.829914,-88.084244
15,39.60568,-77.72584
15,35.471905,-97.516319
15,40.946327,-73.849701
15,42.987651,-77.310227
15,38.41485,-77.42766400000002
15,39.679672,-75.486267
15,36.160961,-86.84906
15,34.071445000000004,-117.867233
15,45.4079,-122.53723
15,33.526661,-86.79965200000002
15,34.111208000000005,-117.525972
15,30.413565,-90.041092
15,41.303921,-111.968773
15,28.519034,-81.376363
15,33.39938,-110.869186
15,42.999447,-78.85311899999998
15,40.923202,-74.081897
15,40.75895,-73.99965300000002
15,30.46092,-91.127754
15,26.947443,-82.001953
15,43.023143,-83.63504
15,33.823607,-117.521676
15,33.972266999999995,-80.29983399999998
15,38.816586,-121.189078
15,34.058367,-118.178023
15,38.195477,-85.707596
15,35.07399,-89.85838299999998
15,36.110889,-86.76718100000002
15,47.812731,-121.982356
15,33.879546999999995,-117.562535
15,34.759464,-82.474365
15,26.048288,-80.162407
15,43.675297,-123.799316
15,33.76953,-84.6483
15,35.089889,-85.176491
15,35.629162,-86.244652
15,38.26405,-77.249465
15,36.171452,-86.863091
15,35.132738,-85.281887
15,34.067322999999995,-117.554317
15,33.559467,-117.671997
15,25.56709,-80.363134
15,35.318074,-119.036156
15,26.795408,-81.92477
15,34.438441,-118.597019
15,35.947962,-78.543287
15,34.003695,-118.289271
15,33.911907,-84.208382
15,34.54443,-96.96089
15,42.091759,-71.969627
15,28.555401,-81.41398000000002
15,32.336882,-95.300648
15,42.98885900000001,-83.682446
15,37.550797,-77.428701
15,44.864872,-93.429535
15,38.094438,-120.94493500000002
15,41.81337,-71.408691
15,36.18796500000001,-86.798477
15,33.9772,-118.43829
15,28.45247,-81.83343
15,36.240389,-119.296132
15,34.073577,-117.999005
15,42.732288,-73.897475
15,28.599308,-81.534407
15,41.079632,-73.921959
15,33.53326,-112.255028
15,34.036786,-81.110985
15,42.196522950924894,-83.6849749084297
15,39.282457,-76.488883
15,30.421543,-91.153831
15,40.805259,-73.931748
15,38.426036,-121.455078
15,40.719273,-73.815689
15,32.459111,-93.722089
15,37.73248,-122.41438
15,38.057622,-121.305558
15,35.01699,-85.25036999999998
15,37.962143,-121.929664
15,43.034783,-76.358468
15,34.291646,-118.468024
15,25.769079,-80.352193
15,33.807072,-84.379471
15,47.662556,-117.23976100000002
15,35.780338,-78.748421
15,30.31004,-89.77223199999996
15,42.944886,-74.39269499999997
15,25.799058,-80.20565400000002
15,41.925869,-85.55405400000002
15,41.062374,-81.522621
15,33.92462800000001,-118.238983
15,40.634335,-74.19497
15,33.561541,-117.673148
15,39.95389,-83.04198000000002
15,32.979843,-86.68807199999998
15,40.10251,-75.27835999999998
15,37.278843,-79.957153
15,34.03326,-118.13007
15,41.75283,-71.43857
15,34.082426,-78.87459799999998
15,29.709085,-95.493118
15,28.755711,-81.363625
15,39.15777,-80.44768
15,36.302738,-86.691833
15,30.258004999999997,-97.812271
15,33.91317,-79.14769
15,38.903966,-77.21615600000001
15,33.048389,-117.287241
15,35.500338,-80.867754
15,34.573238,-80.620628
15,25.699599,-80.382101
15,34.09802,-118.35287
15,43.1961,-77.60015
15,34.05212,-81.157845
15,40.430185,-79.880839
15,43.03549647,-89.42689776
15,39.681412,-84.22981999999998
15,33.785315999999995,-118.207504
15,34.15041,-118.280701
15,45.34588694550826,-118.22395205441369
15,39.74628,-105.39773999999998
15,39.844669,-75.393478
15,37.527798,-121.998246
15,44.862091,-93.268333
15,26.1068,-80.281578
15,32.627407,-96.007729
15,33.41507,-87.738632
15,33.362846000000005,-79.461205
15,40.78485,-73.643644
15,30.278563,-97.730507
15,27.300835,-82.44783000000002
15,41.973537,-73.908241
15,40.71914,-73.790681
15,34.144237,-118.702755
15,33.925358,-117.880274
15,41.080757,-73.717979
15,40.6903,-73.57137
15,40.68111,-74.099083
15,47.025528,-91.688477
15,35.79089000000001,-78.662933
15,29.596023,-98.284477
15,35.77702,-78.64190699999997
15,45.06913400000001,-93.278961
15,32.797175,-96.792554
15,25.899331,-80.188855
15,44.233082,-95.264687
15,39.367221,-76.747967
15,32.792618,-96.624413
15,25.823882,-80.24219699999998
15,45.45338988,-122.72491336
15,29.535982,-98.393982
15,31.322445,-89.373413
15,36.04463,-80.1923
15,40.93972700000001,-92.409043
15,33.658676,-117.88427
15,37.769375,-122.405533
15,37.044845,-119.379238
15,33.348229,-117.243707
15,40.3769,-111.819092
15,43.54086,-70.4387
15,36.189419,-86.74593399999998
15,36.112827,-86.746189
15,30.247105,-92.107681
15,34.713328999999995,-79.984848
15,44.96602,-93.26571
15,37.541242,-122.329782
15,38.377112,-78.918612
15,41.29623,-112.026062
15,42.00423,-88.14473000000002
15,47.104675,-122.588074
15,33.831821000000005,-84.426389
15,38.35845,-81.64246999999997
15,37.652294,-77.500227
15,38.9008,-76.9829
15,33.864422,-84.288765
15,35.021946,-80.84902199999998
15,28.422509,-81.404776
15,40.244495,-75.33966600000002
15,28.192214,-81.438458
15,33.446739,-86.957306
15,39.838449,-75.673179
15,35.153269,-92.55342
15,36.801321,-119.740298
15,39.080073,-94.593383
15,35.100105,-80.948685
15,28.428695,-81.37254399999998
15,29.89105,-95.42392
15,34.010383000000004,-118.421467
15,36.76739,-76.36149
15,38.204861,-120.697304
15,34.172134,-118.379013
15,44.004385,-123.608683
15,37.186768,-77.490974
15,37.7841,-122.18159
15,37.059283,-121.584693
15,39.665774,-121.743695
15,41.67183,-83.69351
15,33.503624,-81.805962
15,33.979496999999995,-118.392728
15,33.97805,-81.194801
15,35.48423,-97.654297
15,43.06059000000001,-83.769988
15,25.924845,-80.30945600000003
15,36.896945,-121.740677
15,33.979857,-118.065014
15,34.98885300000001,-82.296199
15,25.764969,-80.303967
15,42.33422,-87.87165
15,33.452999,-82.064949
15,33.460602,-112.012779
15,25.95474,-80.26204
15,39.50893,-74.67981
15,29.41944,-98.389144
15,40.876645,-73.976814
15,36.951971,-80.872851
15,45.929935,-122.75991100000002
15,37.00584769231317,-77.6689946647755
15,36.29318,-86.70237
15,42.92214600000001,-85.584412
15,35.909156,-78.74393
15,38.9421,-121.097031
15,31.7697,-106.37321
15,40.14897,-111.64662
15,41.519859,-72.835789
15,37.957462,-121.240585
15,39.424613,-120.035709
15,25.877517,-80.16834899999998
15,42.912518,-85.583443
15,35.53377800000001,-80.8615
15,33.4626,-112.233076
15,34.780602,-82.40696700000002
15,28.565495,-81.196042
15,39.89862,-75.18039
15,32.235271000000004,-110.772682
15,34.178447,-118.125261
15,43.040903806481154,-83.75391840894815
15,32.711418,-117.100517
15,27.447416,-82.53620500000002
15,26.691818,-80.18220699999998
15,45.40747,-122.56887
15,29.745506,-95.364403
15,32.357262,-86.171379
15,25.927734,-80.15344
15,38.461334,-122.726471
15,37.36421,-121.90195
15,44.954514,-93.091957
15,33.974486,-118.22786
15,33.722496,-81.56734499999997
15,37.274849,-122.003975
15,41.123451,-78.734001
15,33.269394,-87.731964
15,33.46216,-112.028527
15,42.992692,-87.914899
15,34.002682,-117.351159
15,35.460766,-97.575974
15,27.89572,-82.795462
15,36.0776,-79.94981
15,25.884911,-80.204549
15,38.474407,-121.419067
15,29.808233,-95.336021
15,42.31440900000001,-86.30139
15,29.737527000000004,-95.501849
15,30.21006,-97.775063
15,34.168917,-118.305226
15,30.21083,-81.51371999999998
15,32.77176,-96.79948
15,35.551094,-97.531441
15,30.43537,-91.02435
15,35.99037,-78.53018
15,25.94244,-80.20528
15,35.131240999999996,-90.024117
15,30.4398,-91.156693
15,34.198415000000004,-81.359886
15,29.859421,-95.402489
15,32.153240000000004,-81.236488
15,34.126323,-86.40566700000002
15,39.7802,-104.93225
15,34.00046,-118.17511
15,38.781551,-76.997699
15,34.036589,-118.317611
15,29.808233,-95.336021
15,33.903278,-80.253174
15,34.886146999999994,-82.19036899999998
15,39.265081,-76.55855
15,25.578436,-80.369863
15,27.474186,-82.575378
15,35.083187,-106.532753
15,37.236926,-119.70676
15,30.472305,-83.82334499999997
15,34.672007,-78.980777
15,34.087261,-117.645409
15,41.82376,-72.49861800000002
15,32.192276,-110.866524
15,38.593192,-121.504485
15,32.647503,-96.860741
15,42.422065,-123.027568
15,40.026469,-75.689216
15,30.49317000000001,-91.140587
15,37.682844,-113.061815
15,43.064255,-83.854332
15,33.923198,-112.682225
15,25.844479,-80.209011
15,40.865429,-73.041267
15,33.962555,-118.118088
15,38.662791,-94.375789
15,40.0075,-81.625015
15,34.095749,-117.488794
15,43.147776,-77.540534
15,37.861061,-78.26365
15,38.81443,-76.82723
15,34.684176,-81.705875
15,44.88857,-93.32543
15,35.438419,-97.506844
15,36.04842,-95.886304
15,32.880634,-96.691724
15,38.28267,-85.6396
15,33.502567,-117.658577
15,34.188408,-80.687813
15,40.124966,-75.037773
15,43.633845,-116.357032
15,33.899198,-81.14805799999998
15,41.933199,-83.35842
15,29.643492,-95.356018
15,42.87405800000001,-78.787979
15,33.9277,-118.25596000000002
15,34.079257,-117.740982
15,41.28907,-72.890579
15,34.99453,-80.97874
15,37.776086,-122.404691
15,33.646559,-84.39827
15,44.874501,-122.905379
15,39.11344,-77.19075
15,28.088169,-81.649178
15,39.01687,-77.023831
15,27.285736,-82.53071
15,36.149761,-86.859451
15,34.709846,-82.500175
15,34.01852,-117.51941
15,32.888311,-117.204141
15,25.44772,-80.484332
15,34.004791,-118.173012
15,45.112733,-122.787772
15,32.925609,-96.805544
15,44.906505,-122.986028
15,43.128,-76.07987
15,32.901408,-80.022338
15,35.78537100000001,-78.749313
15,34.070274,-117.205776
15,43.20448,-75.43133900000002
15,35.96241,-119.039993
15,41.190681,-112.063295
15,30.439644,-86.637793
15,34.311882000000004,-117.474869
15,41.850978999999995,-71.40862299999998
15,34.232609000000004,-86.917824
15,37.27670300000001,-122.006653
15,36.168089,-86.69124599999998
15,37.548862,-77.447342
15,34.448474,-79.34162099999998
15,40.762,-73.92543
15,30.354248,-91.110252
15,33.962409,-84.513032
15,37.507368,-121.967223
15,40.987408,-73.670479
15,44.951584,-93.167191
15,35.44141,-80.852592
15,34.371472,-118.920039
15,44.948651,-92.947235
15,40.585201,-122.360733
15,25.8685,-80.387787
15,44.75777100000001,-93.379799
15,42.332741,-83.087234
15,40.395416,-111.840236
15,33.70452046,-117.95324206
15,35.185025,-80.80690799999998
15,40.41957020740309,-86.75672650295851
15,28.289204,-81.346992
15,33.926888,-116.977142
15,38.500492,-121.431261
15,38.859711,-120.01079
15,42.116295,-79.919635
15,35.09149,-80.93383299999998
15,41.214485,-73.086511
15,40.588674,-80.099199
15,39.892616,-75.22601
15,28.068187,-82.738969
15,41.53923,-81.63096999999998
15,39.075111,-94.561889
15,39.658407,-75.751559
15,34.934872,-82.478859
15,33.451839,-111.736038
15,36.415246724908755,-84.28141236265049
15,42.020291,-87.950695
15,38.99051,-94.70017
15,33.823372,-84.357681
15,33.686679,-117.867198
15,38.404911,-121.912468
15,38.065697,-122.169655
15,38.64142,-121.065489
15,41.81917,-87.91039
15,33.483292,-112.11335
15,25.928068,-80.181347
15,34.120506,-117.872634
15,33.486462,-117.14301299999998
15,38.844745,-77.375326
15,25.840026,-80.31226600000002
15,35.272633,-80.846419
15,33.912975,-81.070669
15,38.94038,-94.59623
15,40.75574755649206,-74.19967532122517
15,40.787831,-73.938124
15,34.341721,-79.534836
15,25.685183,-80.418839
15,36.281818,-86.721176
15,40.287846,-84.18244
15,34.084707,-117.300842
15,40.070581,-75.813293
15,34.430406,-110.545773
15,37.032784,-76.364594
15,40.636292,-82.53999300000002
15,26.008223,-80.279732
15,35.435261,-97.644302
15,45.42025,-122.572601
15,28.260971,-81.613251
15,33.89465,-118.327581
15,25.910063,-80.210076
15,33.342846,-111.858994
15,30.340035,-97.554702
15,34.582812,-82.708146
15,29.728679999999997,-95.46022
15,41.047329,-73.54306
15,48.189029,-114.395583
15,41.570202,-87.43246500000002
15,25.811508,-80.198596
15,42.969986,-85.63975500000002
15,30.24214000000001,-97.759598
15,25.9107,-80.324501
15,32.591702000000005,-80.79669200000002
15,34.727901,-82.450638
15,33.758528000000005,-117.92015
15,35.58009000000001,-97.636528
15,39.53435800000001,-119.742772
15,38.410289,-122.797377
15,35.83445,-78.85545
15,33.816674,-117.96181599999998
15,25.760924,-80.385635
15,25.899784,-80.209885
15,34.03765,-118.617883
15,34.067421,-117.418224
15,30.422512,-91.102272
15,39.151194,-77.17526099999998
15,38.036079,-121.258339
15,36.152214,-86.76708199999999
15,36.257252,-86.713951
15,36.10850900000001,-95.851082
15,40.560219,-89.621353
15,41.591839,-72.902635
15,39.678459,-104.933945
15,40.691647,-73.999306
15,35.930187,-78.85905699999998
15,31.788889,-106.339859
15,32.838374,-96.661147
15,29.679981,-95.476723
15,32.921383,-96.751625
15,28.570314,-81.364449
15,34.75536704046843,-117.1636211866514
15,33.167976,-87.525398
15,36.121771,-119.054299
15,41.757071999999994,-87.94483199999998
15,30.364463,-86.176497
15,30.278549,-97.729103
15,38.01556,-121.751503
15,39.297879,-121.65985
15,34.470772,-81.911209
15,33.463956,-117.066798
15,43.12076926210823,-77.75044798813937
15,38.660723,-121.327363
15,36.01694000000001,-78.91186
15,33.774518,-84.56845600000003
15,34.001823,-117.930661
15,42.38593,-87.99548
15,25.702455,-80.332105
15,43.047523,-88.20573399999998
15,44.777988,-93.359423
15,29.766547999999997,-95.455849
15,42.695904,-73.84127
15,32.90007,-96.717941
15,40.677641,-74.278532
15,32.736895000000004,-117.176746
15,41.033791,-111.947521
15,47.740948,-122.186974
15,34.149796,-118.664848
15,38.348497,-119.452296
15,25.763151,-80.302214
15,47.704064,-116.834626
15,38.348515,-90.395599
15,34.068534,-118.15127
15,28.568306,-81.27784
15,38.886539,-121.231918
15,40.18569,-74.70468000000002
15,45.57785,-92.99242
15,37.824717,-122.311739
15,36.05365,-86.71500400000002
15,34.01627,-117.34208
15,40.718194,-73.408139
15,39.60314,-104.806646
15,37.55679,-77.4606
15,30.16705300000001,-81.55611400000002
15,44.997753,-92.959106
15,37.995594,-122.066566
15,40.051381,-86.492234
15,39.610844,-83.623075
15,34.83316,-82.45153
15,36.861821,-76.431196
15,34.059059000000005,-118.245499
15,34.073055,-80.978363
15,36.754495,-119.775709
15,29.599157,-95.197685
15,42.912621,-85.608147
15,42.261811,-88.004062
15,33.82858872,-84.486655
15,44.95346,-92.54879
15,32.882324,-80.019417
15,29.519896999999997,-98.476952
15,30.312598943565785,-81.81740641554919
15,44.988368,-93.400649
15,34.105576,-118.254387
15,34.155766,-118.242256
15,30.43231,-91.152557
15,30.260078000000004,-97.693855
15,36.237827,-86.785866
15,25.825381,-80.240769
15,47.59835800000001,-122.319633
15,42.046567,-88.27582199999998
15,35.04719,-85.261253
15,32.780411,-117.138069
15,39.175274,-84.488876
15,32.236216999999996,-110.977943
15,35.114792,-82.225189
15,27.431907,-82.387385
15,36.114924,-86.861288
15,34.067478,-117.593422
15,30.27570200000001,-97.707779
15,33.502201,-112.115936
15,38.954506,-77.193832
15,41.6883,-93.872335
15,36.437906,-120.396326
15,32.947159,-96.905731
15,34.173640999999996,-118.553467
15,28.545872,-81.203735
15,39.92856,-75.08368
15,35.397468,-119.001659
15,47.50458,-121.88454
15,39.78413,-105.1134
15,26.188454,-80.155273
15,45.30674000000001,-93.79351
15,38.408284,-75.567709
15,37.64087,-122.40601
15,35.313156,-80.74249300000002
15,38.866088,-77.050676
15,28.549149,-81.413616
15,30.305671000000004,-97.744141
15,39.809131,-86.03107800000002
15,42.01918,-88.2705
15,35.072567,-90.00843
15,25.73316,-80.336612
15,37.347895,-77.447025
15,40.05041,-75.345485
15,29.817284,-95.429543
15,30.670972999999996,-88.275444
15,43.20457,-77.66086
15,35.804871,-78.59597
15,47.562471,-95.725813
15,26.392761,-81.809074
15,34.064968,-118.000237
15,39.14744,-84.53922
15,28.481598,-82.373335
15,45.069481,-93.286163
15,39.931904,-76.75874300000002
15,36.98687,-76.427284
15,33.810889,-117.50923600000002
15,38.644135,-78.547892
15,45.519798,-122.665436
15,42.983368,-85.68804899999998
15,33.462092999999996,-112.049942
15,45.06474852540462,-93.02468419030654
15,34.139359000000006,-118.471291
15,37.637829,-121.158897
15,35.91775900000001,-78.789467
15,39.761871,-75.624161
15,33.880134999999996,-117.565353
15,37.847164,-122.227531
15,33.993855,-118.34443
15,41.144024,-73.265297
15,25.765331,-80.30399399999997
15,40.885963,-73.896713
15,38.939892053418454,-77.38444447480494
15,40.646753,-121.166645
15,47.084636,-122.658801
15,41.094444,-96.253387
15,37.584018,-77.335489
15,40.424245,-104.992424
15,41.176212,-96.023674
15,34.874741,-82.404404
15,32.250453,-110.972388
15,37.643866,-121.01333
15,33.992484999999995,-117.153816
15,38.789805,-77.515058
15,41.850978999999995,-71.40862299999998
15,25.901353,-80.160186
15,37.841185,-121.285414
15,37.552988,-77.48010699999998
15,40.844393,-74.01074
15,30.403961,-97.714035
15,33.841987,-118.293855
15,33.84657,-118.206728
15,34.142299,-118.019335
15,40.735831,-74.088624
15,32.967865,-96.720238
15,35.083389000000004,-89.892799
15,45.515251,-122.688873
15,29.929913,-95.544098
15,39.120605,-78.191414
15,46.77627682663547,-113.71155381148476
15,40.645036,-121.217569
15,40.75539000000001,-73.47483000000003
15,37.164587,-77.414477
15,33.011502,-117.079914
15,28.548017,-81.413833
15,30.494503,-87.222371
15,33.634254,-80.875694
15,42.46262,-87.851791
15,34.740387,-86.600533
15,37.702427,-121.748702
15,38.979135,-77.017758
15,44.504093,-93.289796
15,29.687901,-95.298097
15,33.462574,-84.209991
15,35.553985,-82.69803399999998
15,25.683497,-80.31415799999998
15,29.002232,-82.041321
15,34.148615,-118.086745
15,35.521791,-97.45935
15,37.695546,-122.103551
15,42.368423,-83.058128
15,34.072742,-117.784012
15,40.311352,-79.60481800000002
15,30.427143,-91.172974
15,42.927683,-85.675324
15,29.655684,-95.52803
15,26.109545,-80.293674
15,42.911336,-85.665906
15,38.214826,-81.457899
15,34.26813,-118.63554
15,43.386162,-71.969454
15,37.504901,-77.437565
15,37.996501,-120.267201
15,38.154076,-121.67764
15,38.55956,-121.37288999999998
15,30.441299,-91.138237
15,25.937175,-80.27730799999998
15,33.746016999999995,-84.42840600000002
15,40.081135,-75.160675
15,30.47393,-91.155952
15,34.553146000000005,-118.670815
15,29.025427,-82.157387
15,37.694587,-122.143773
15,37.145402,-121.984827
15,34.142234,-118.471271
15,41.265746,-73.126358
15,27.293198,-82.451792
15,29.044064,-81.977886
15,39.895277,-75.10741
15,43.186455,-77.613792
15,27.755513,-82.71815600000002
15,41.30666400000001,-112.025787
15,34.064071999999996,-117.81205
15,33.976911,-118.065417
15,38.891309,-77.069482
15,38.207553999999995,-85.347351
15,25.761732,-80.32102900000002
15,33.888756,-117.512886
15,35.868568,-78.52327700000002
15,26.297355,-80.121853
15,38.538291,-106.31928
15,47.567766,-122.296832
15,39.17777,-84.48708
15,42.378202,-83.216879
15,40.32761,-75.987122
15,34.042587,-118.219601
15,37.92560935002362,-122.06275105418176
15,40.738304,-73.801666
15,39.648597,-107.051766
15,37.704095,-121.074494
15,46.094983,-122.963445
15,35.811122,-78.848039
15,41.263283,-96.023865
15,41.694458,-91.638222
15,35.913067,-83.937126
15,38.904526,-104.775604
15,35.948624,-80.12197900000002
15,41.1035,-74.025612
15,40.596082,-75.569528
15,41.814048,-72.66484
15,35.741585,-86.873207
15,34.491279999999996,-82.676224
15,27.690788,-82.720413
15,30.446931,-91.187598
15,32.75962,-97.107462
15,34.96318459494131,-119.44609522762562
15,25.700118,-80.410889
15,42.903278,-83.629333
15,38.866245,-77.056202
15,40.638849,-73.878377
15,41.2211,-73.25414
15,40.790462,-77.86331899999998
15,45.511578,-122.848969
15,38.735517,-121.364641
15,42.30556,-87.95983000000003
15,37.651459,-122.090436
15,40.84508,-73.9192
15,40.08059,-75.38481
15,34.055847,-118.45179
15,38.507415,-122.989022
15,37.593319,-121.336472
15,41.86319,-88.1082
15,40.690854,-73.581299
15,25.763526,-80.289191
15,40.81295,-73.898087
15,40.75699,-74.0542
15,25.930105,-80.212166
15,38.290279,-77.453056
15,33.673857,-117.317751
15,39.780248,-104.937937
15,47.642731,-117.357719
15,33.550041,-81.80983
15,29.680544,-95.381866
15,43.157386,-77.636718
15,38.8521,-77.00635
15,33.523806,-111.893208
15,45.709597,-121.532023
15,25.930202,-80.188344
15,29.759572,-95.497056
15,40.610146,-105.001343
15,34.879689,-92.11365
15,38.673679,-121.732718
15,40.35368,-76.71915
15,45.429139,-122.377147
15,45.53196,-122.63329
15,29.917397,-81.412048
15,37.953718,-122.328476
15,39.086636,-122.79279
15,38.6451,-90.13018
15,30.504211,-91.151492
15,34.691158,-82.2024
15,34.128629,-117.921303
15,34.376446,-82.69459499999998
15,40.119611,-75.04709
15,37.32387,-121.96425
15,37.364038,-121.901977
15,32.840561,-97.314049
15,34.891228000000005,-82.406448
15,36.31309,-86.86473000000002
15,28.833119,-81.321242
15,25.812241,-80.137405
15,35.069542,-82.05313100000002
15,34.129723,-117.933701
15,43.187518,-89.233034
15,36.791119,-121.667175
15,38.414779,-77.426866
15,33.391102000000004,-79.333122
15,45.47943,-122.578
15,37.927809,-122.516558
15,35.89596599999999,-78.612854
15,30.286755,-81.559105
15,26.086777,-80.364281
15,36.873268,-76.198029
15,33.433979,-111.891151
15,38.343526,-121.335628
15,34.135937,-117.400996
15,25.885453,-80.243229
15,46.76195,-92.12615
15,30.508438,-91.172638
15,27.82109,-82.67945
15,35.418159,-80.672478
15,35.05914330465765,-85.31661629636136
15,47.813329,-121.57058899999998
15,39.15533,-94.49797
15,25.694811,-80.301071
15,39.084892,-77.14787199999998
15,44.982239,-93.243652
15,27.34041400000001,-82.531074
15,34.047226,-117.307938
15,32.206937,-110.910683
15,40.834332,-73.86479200000002
15,34.877098,-82.213256
15,39.127869,-94.567764
15,35.005723,-85.278968
15,34.971493,-81.927971
15,26.136457,-80.155744
15,39.10291,-94.5723
15,32.647322,-96.862332
15,38.892124,-76.846939
15,29.42115200000001,-98.476212
15,26.44491,-80.08974
15,28.47448,-81.396742
15,34.114745,-80.888674
15,32.30867,-110.87497
15,34.712425,-92.26278
15,38.880325,-77.057151
15,32.445190000000004,-96.848885
15,40.50067,-111.88512
15,25.684452,-80.446072
15,42.028205,-87.987388
15,34.068886,-118.043365
15,36.168252,-86.804475
15,40.085739,-76.457382
15,34.133611,-117.370429
15,38.801392,-77.523278
15,40.724072,-73.937569
15,38.689029999999995,-121.357681
15,41.67428,-93.577683
15,35.321289,-80.824883
15,38.770859,-90.261772
15,34.14395,-118.367591
15,34.489137,-118.286294
15,34.692101,-86.509598
15,33.883342,-81.037083
15,33.193611,-97.124229
15,40.801945,-89.03569
15,33.750809000000004,-84.715225
15,35.048970000000004,-85.13065999999998
15,34.109765,-118.481027
15,41.217892,-112.003578
15,42.36343,-71.05748
15,47.579128,-122.190796
15,42.945194,-83.60697900000002
15,42.079595,-88.332746
15,38.788469,-121.222512
15,37.35215,-121.83807
15,34.437756,-119.852982
15,42.361366,-83.073074
15,40.58862,-75.59231
15,33.998878000000005,-81.108963
15,38.949826955609566,-94.53899502709132
15,33.634665000000005,-112.004061
15,38.79704833012201,-77.6086771484489
15,42.333744,-83.133896
15,38.360504,-75.072616
15,33.899725,-84.446772
15,46.99226975418571,-114.4410502905157
15,29.74359500000001,-95.588593
15,37.460824,-122.290452
15,34.004356,-117.40863
15,37.688179,-77.451714
15,35.25432100000001,-80.887165
15,34.120946999999994,-117.890151
15,34.00556,-117.82873
15,30.421738,-97.755798
15,32.916031,-96.432571
15,40.26862,-74.50966
15,37.833222,-122.294673
15,39.360229,-76.651627
15,38.02369,-121.97152
15,33.836978,-117.835057
15,33.873447,-118.342751
15,33.77929,-78.79155899999998
15,35.588624,-82.579601
15,40.051301,-75.52539300000002
15,34.441922,-119.793492
15,33.970946999999995,-81.018433
15,32.759467,-97.004111
15,30.36976,-81.551707
15,36.13147,-86.898384
15,38.64727,-121.434624
15,39.285915,-84.563263
15,32.907726000000004,-96.921234
15,34.030635,-117.62021
15,45.094295,-93.290343
15,43.14592,-77.60925
15,32.951962,-97.134148
15,44.965692,-93.258179
15,25.700068,-80.41257399999998
15,25.98887801,-80.16583085
15,35.599998,-97.478233
15,35.775787,-78.644539
15,39.40299,-77.13205
15,37.324054,-120.687328
15,38.678482,-77.232185
15,40.211849,-75.49479699999998
15,39.38382,-120.081033
15,38.67845,-121.22095
15,27.505925,-81.48710600000003
15,44.88776564576679,-93.00490021661278
15,25.580965,-80.37059
15,33.048196000000004,-117.284437
15,29.956028000000003,-90.366209
15,37.348058,-78.959863
15,39.635165,-121.707893
15,38.907345,-77.00914
15,35.005265,-80.887447
15,40.774307,-82.551964
15,37.985986,-121.248093
15,37.5139,-122.256213
15,39.770032,-105.813384
15,41.799617,-87.985897
15,39.65308,-104.912933
15,38.980881,-77.134279
15,42.045807,-123.718926
15,25.769966,-80.321089
15,25.821874,-80.369742
15,35.10675,-106.626572
15,39.828983,-75.22112299999998
15,25.817423,-80.38668100000002
15,28.336045,-81.489814
15,34.10375,-117.98352
15,41.040417,-81.61026
15,25.889312,-80.16566999999998
15,38.301033,-121.3172
15,38.668301,-121.362259
15,38.74398400000001,-121.226074
15,34.252165000000005,-80.721876
15,32.672123,-117.111109
15,35.209866,-80.757149
15,34.02467,-117.91761
15,41.293112039369134,-72.49181628192667
15,33.946026,-84.142553
15,25.831619,-80.22999200000002
15,29.226304292539467,-81.10548376998373
15,26.093434,-80.22499300000001
15,40.091817,-75.40912
15,39.93991,-75.09541
15,38.941023,-94.593584
15,29.784821,-95.735764
15,41.537757,-72.761346
15,33.170466999999995,-87.485825
15,25.466171,-80.474373
15,45.527615,-122.605324
15,41.288788,-88.231514
15,33.461811,-112.460983
15,29.996687,-90.139008
15,35.093418,-118.967682
15,25.831073,-80.242384
15,32.400093,-110.955345
15,34.300419,-79.974251
15,34.132464,-117.951128
15,32.74021,-96.837667
15,29.765882,-95.272823
15,44.954563,-93.091896
15,33.461826,-112.108902
15,35.516438,-78.55796099999998
15,37.637766,-121.205145
15,37.898387,-122.309324
15,32.851102000000004,-96.766984
15,42.336502,-88.031761
15,30.443629,-90.130656
15,33.81527,-117.91545
15,33.457806,-112.340508
15,35.907533,-84.138428
15,34.0065,-118.15532
15,28.362098,-81.403502
15,30.515381,-87.216749
15,33.412078,-80.664571
15,41.596094,-93.632816
15,37.14573,-121.985052
15,42.283831,-87.953526
15,41.66162,-87.73602
15,36.139717,-86.822716
15,32.282799,-110.978188
15,29.689448,-95.561171
15,33.989148,-118.287093
15,34.136371999999994,-117.56913
15,33.89591,-117.49734
15,39.390021,-74.53403
15,33.925526,-84.181671
15,38.411152,-90.431099
15,33.930738,-118.258164
15,40.89667100000001,-73.880585
15,42.2301,-83.37876999999997
15,42.968988,-85.68897199999998
15,40.166059,-75.288682
15,33.838961,-87.224407
15,41.445581,-122.368656
15,40.728259,-73.370101
15,40.206378,-75.520794
15,25.714585,-80.413965
15,38.785912,-121.225586
15,43.219344,-78.744633
15,33.59098400000001,-117.513957
15,34.059494,-118.001411
15,37.903398,-122.069808
15,34.424138,-82.046661
15,35.419051,-80.672816
15,30.424335,-91.150719
15,35.115131,-120.572021
15,35.180889,-106.667679
15,37.737411,-122.140892
15,42.025749,-88.31197399999998
15,40.898099,-73.861294
15,34.136181,-117.477264
15,37.640048,-120.957197
15,30.270218,-81.61281600000002
15,34.135372,-117.986279
15,44.02882,-121.31572
15,34.173531,-118.556962
15,35.501943826506135,-80.56217551192971
15,41.038071,-111.936843
15,40.254005,-76.864456
15,25.73032000000001,-80.383129
15,33.981621000000004,-118.24769
15,45.13797,-93.494537
15,25.922213,-80.211143
15,47.795017,-122.214378
15,34.141494,-80.947324
15,34.15121,-118.15063
15,26.679489,-80.07032
15,40.602562,-77.23694499999998
15,43.018723,-83.634895
15,39.141697,-77.217636
15,33.906154,-118.194778
15,38.55788,-121.448376
15,37.3866,-121.90556
15,39.44541,-104.87551
15,37.615607,-120.981881
15,30.39026500000001,-91.078613
15,35.075037,-85.061735
15,35.611168,-84.275772
15,35.156735,-78.718629
15,44.953772,-92.984645
15,33.881805,-117.620941
15,40.46785,-122.311815
15,40.039082,-76.736992
15,33.869521,-117.752218
15,40.48445,-104.99199
15,34.743884,-82.83453100000001
15,45.426418,-117.277582
15,41.109790999999994,-73.80143699999998
15,34.184954,-117.146736
15,33.638413,-86.619592
15,40.63468,-111.896572
15,36.164452,-86.67388199999998
15,33.853841,-83.931488
15,34.528419,-117.439156
15,34.7301,-92.336112
15,41.61489,-93.69138
15,34.034058,-118.38575
15,33.494083,-112.26442
15,25.796815,-80.329708
15,33.950455,-117.303146
15,29.692064,-95.527122
15,34.02478,-118.275881
15,32.778667,-96.855041
15,34.12089,-117.89467
15,39.007664,-94.694046
15,32.747883,-116.988602
15,38.873161,-121.131432
15,36.296478,-119.757682
15,25.685253,-80.421571
15,39.028637,-78.269226
15,32.652984000000004,-117.069789
15,30.321087,-97.716698
15,35.448109,-97.58329
15,33.669673,-112.14843700000002
15,32.753446999999994,-117.108962
15,37.574261,-77.477051
15,42.941635,-85.68140600000002
15,36.172425,-86.79479599999998
15,34.011877,-117.344787
15,38.814028,-121.192472
15,40.849551,-73.94238
15,34.171108000000004,-118.509842
15,25.895692,-80.35120500000002
15,32.758446,-96.994843
15,35.242611,-80.780037
15,31.787696,-106.276329
15,41.62432,-87.69068
15,38.279981,-77.202835
15,29.704759999999997,-95.358429
15,45.51468,-122.5653
15,33.362339,-111.894661
15,40.930857,-73.80881
15,41.658021211425506,-86.88058018642958
15,39.75167800000001,-84.239357
15,39.00077,-94.35692
15,42.475678,-83.190855
15,33.025222,-80.177515
15,43.048779,-88.22332800000002
15,44.601212,-92.855499
15,43.04343,-78.988869
15,39.263657,-76.566273
15,29.784912,-95.688347
15,33.86937,-117.75076
15,32.877769,-85.15158100000002
15,37.774505,-122.396169
15,40.390286,-78.67316
15,34.037001000000004,-118.284005
15,40.098235,-75.270195
15,41.839317,-87.63104200000002
15,40.061408,-76.359526
15,40.6099426744432,-111.90595507568403
15,37.798863,-122.377188
15,39.892189,-83.038826
15,36.146721,-86.81237
15,44.86343400000001,-93.597188
15,34.09796,-83.80724000000002
15,41.38056,-81.73469
15,34.0686,-118.15118
15,35.816723,-78.600858
15,33.502831,-86.81566600000002
15,26.465466,-81.95168199999998
15,32.749023,-96.700485
15,29.02562,-82.157555
15,35.578854,-78.146606
15,37.620502,-77.584339
15,40.74938,-73.26638
15,40.118364,-76.04799100000002
15,34.15166,-118.13772
15,38.327502,-122.022339
15,42.354206,-71.18647800000002
15,39.952348,-123.780497
15,39.75886,-86.14192
15,36.331921,-82.345253
15,38.498894,-122.760223
15,38.474338,-121.415727
15,27.07982898,-82.33093142
15,40.68952,-73.63537099999998
15,28.25658917,-81.46253943
15,26.569608,-80.17319
15,35.493282,-97.521034
15,40.07877945880852,-74.74989294970155
15,37.575053999999994,-122.046898
15,44.694009,-93.290237
15,28.334932,-81.397941
15,33.328722,-117.15944
15,40.000584,-104.981255
15,37.15876,-121.982567
15,27.99626469598772,-81.9644987579252
15,37.710769,-121.095824
15,30.304197,-97.703835
15,33.392181,-112.626971
15,33.986670000000004,-117.906247
15,25.886317,-80.388583
15,32.752637,-96.615884
15,43.196136,-77.600143
15,28.526277,-81.524276
15,29.995263,-90.107865
15,37.511459,-121.937721
15,37.327743,-121.878188
15,29.722178000000003,-95.557594
15,48.029328,-115.853711
15,35.549831,-83.020866
15,44.968178,-93.270088
15,44.430504,-89.518524
15,47.398438,-122.228043
15,38.274016,-104.452136
15,28.672969,-81.464762
15,34.076626,-117.745222
15,37.584152,-122.250771
15,28.051455,-82.33539300000002
15,26.36813900000001,-80.11865999999998
15,33.207432,-84.060974
15,34.154457,-118.377716
15,41.065217,-73.506362
15,44.40791,-122.605927
15,40.095322,-75.193466
15,35.594715,-97.433044
15,38.978582,-121.546818
15,37.423115,-122.095222
15,33.90283,-84.27359
15,38.73983,-121.170601
15,40.876186,-74.201838
15,39.99981,-78.228387
15,33.676427000000004,-78.979978
15,25.98887801,-80.16583085
15,38.611534000000006,-121.264053
15,33.822086,-78.91423
15,29.825199,-81.37912800000002
15,38.912538,-121.156902
15,40.911641,-111.89123
15,26.607449,-81.65496800000003
15,35.224839,-80.861645
15,32.795406,-86.568176
15,44.098911,-93.957657
15,30.395247,-91.109673
15,38.776123,-121.262856
15,34.023788,-118.27639
15,32.287334,-90.224449
15,42.277233,-83.156525
15,33.487590999999995,-111.93042
15,32.266911,-86.355003
15,41.079179048342326,-85.2272880073298
15,33.984349,-118.162219
15,38.637505,-121.411446
15,37.80721,-122.47535
15,34.164729,-117.333681
15,33.195541,-87.485664
15,45.218773,-93.029204
15,39.27111,-76.72191
15,40.923014,-73.82257
15,34.13626,-117.414248
15,35.769787,-78.558571
15,33.881439,-117.57806399999998
15,25.714569,-80.414261
15,44.977413,-93.344536
15,46.940375,-122.553447
15,33.008945000000004,-96.707565
15,38.75806400000001,-121.26181
15,34.813587,-82.336426
15,37.889153,-122.058003
15,37.937939,-122.516861
15,28.466993,-82.511284
15,25.791395,-80.21020899999998
15,40.740839,-73.899501
15,33.464667999999996,-112.281708
15,29.794909000000004,-95.352699
15,37.784877,-122.39266
15,27.960472,-82.748041
15,33.764728999999996,-79.01992800000002
15,38.27832,-122.27378799999998
15,29.730559999999997,-95.49572
15,36.44725,-87.094442
15,35.163239000000004,-80.87091099999998
15,37.279954,-81.124381
15,35.011398,-81.216537
15,45.917389,-119.343649
15,39.357526,-123.808532
15,44.862076,-93.268143
15,28.618328,-81.258611
15,34.032773,-118.278544
15,26.494231,-81.934602
15,33.011288,-117.079674
15,33.668834999999994,-112.11753799999998
15,35.061609999999995,-90.02226999999998
15,33.651508,-117.862161
15,38.322928999999995,-77.709137
15,44.976995,-93.400534
15,26.736497,-80.090694
15,29.814906,-95.399458
15,40.66206,-111.95275
15,38.680779,-121.032275
15,39.97992396335611,-111.35294794983218
15,39.150517,-77.218025
15,34.018879,-118.18923999999998
15,34.224418,-118.410784
15,41.683469,-88.07131
15,47.463567,-122.294764
15,32.487228,-85.636696
15,41.4674,-73.821198
15,40.81245,-73.931076
15,29.53747000000001,-98.424583
15,32.1633,-110.94342
15,29.969373,-90.06874
15,28.533485,-82.51645699999997
15,25.687242,-80.359859
15,34.266998,-118.443596
15,33.13077,-117.11853
15,35.89975,-78.725342
15,34.274477000000005,-83.436312
15,44.054493,-91.689482
15,39.85160708408426,-104.91895079562704
15,34.909843,-82.43010699999998
15,29.888965999999996,-95.411964
15,46.194512,-123.777929
15,45.50656,-122.77036
15,36.04538,-86.713249
15,44.952328,-93.039955
15,34.296539,-118.472748
15,30.191813,-81.699997
15,33.743127,-117.151922
15,34.038463,-118.02102
15,33.780147,-117.34641
15,33.85406500000001,-117.941437
15,39.63199,-104.90615
15,26.166354,-81.235817
15,39.69314,-105.02507
15,39.181293,-94.49292
15,34.28994,-82.110007
15,28.510321,-81.168816
15,29.78423,-95.53878
15,39.396137,-76.687759
15,39.66793,-74.97216
15,30.272892,-97.697708
15,32.790432,-96.813341
15,42.279679,-83.676412
15,35.086490999999995,-80.85298900000002
15,33.794441,-79.00013
15,33.183506,-117.232071
15,31.76162,-106.273773
15,37.789063,-120.86451
15,45.104206,-93.460152
15,38.412934,-122.792864
15,38.934521,-121.004135
15,29.938707,-95.38205
15,36.735835,-119.645986
15,40.36049000000001,-104.98411000000002
15,38.698414,-77.2257
15,40.901058,-124.085052
15,33.861312,-118.285164
15,34.12178,-81.198502
15,32.70929217322965,-117.11965441647948
15,34.017825,-118.481625
15,25.714654,-80.41241600000002
15,35.18130900000001,-80.891527
15,41.365653,-72.106186
15,37.669237,-122.09729
15,39.315281,-120.44178
15,26.335238,-81.806421
15,25.840867000000006,-80.20614499999998
15,38.6361587,-90.18617749
15,32.911243,-96.735443
15,35.040211,-82.000801
15,30.17429000000001,-97.793419
15,28.584562,-81.207828
15,37.948418,-121.300972
15,34.187746999999995,-118.322356
15,38.721066,-120.833694
15,29.154996,-82.185123
15,32.938034,-80.049377
15,44.949867,-93.102295
15,38.344173,-122.712846
15,33.899038,-118.104902
15,34.382915000000004,-117.415192
15,25.768644,-80.36648100000002
15,42.379562,-83.090271
15,33.180115,-117.354004
15,25.901251,-80.348511
15,35.075871,-106.568573
15,34.044277,-118.155853
15,32.829807,-96.782036
15,42.44808,-88.11246899999998
15,39.10697,-84.50372800000002
15,30.62055,-81.65097
15,26.39861,-80.09078000000002
15,30.425516,-97.71524
15,34.092127000000005,-117.301784
15,45.52531,-122.6867
15,34.03995,-117.31792
15,42.16631,-88.06276
15,32.733406,-97.362053
15,42.196651,-86.053589
15,33.467620000000004,-112.11077
15,40.070152,-74.961021
15,29.947217,-90.081936
15,38.367826,-121.960276
15,40.73875,-77.880031
15,30.370383,-91.081029
15,41.103058,-73.566055
15,33.92477,-118.10397
15,47.69775,-117.033257
15,47.607811,-122.339119
15,40.959259,-74.05069
15,33.689267,-117.919301
15,37.514398,-120.805034
15,28.559656,-81.460473
15,45.031315,-93.347221
15,41.22946500000001,-95.947044
15,34.375191,-118.915697
15,33.831568,-118.29643
15,34.078472,-117.200851
15,36.989543,-121.934373
15,36.074268,-86.739334
15,26.81281,-80.09823
15,34.941853,-82.259567
15,26.274832,-80.125206
15,39.638896,-104.910456
15,34.011795,-117.434029
15,33.832345000000004,-117.362272
15,47.069794,-123.929201
15,38.064765,-78.489008
15,26.272849,-81.749205
15,40.57947,-74.24458100000003
15,39.285094,-77.532168
15,41.523696,-73.890362
15,40.14864,-75.30761700000002
15,32.170769,-110.945305
15,35.042137,-85.291517
15,38.940754,-76.999309
15,34.040586,-118.168888
15,42.019176,-87.767296
15,43.302399,-71.58085
15,33.998940000000005,-117.353867
15,34.151554,-118.142792
15,40.004555,-75.284325
15,36.001518,-86.695819
15,32.865387,-96.792091
15,34.17049,-86.887321
15,34.007486,-117.550118
15,40.5077,-74.41304000000002
15,35.393608,-97.565567
15,34.501166999999995,-82.05933399999998
15,34.002922,-84.073021
15,39.94777,-75.11809000000002
15,34.06405,-117.296292
15,27.944917,-82.539009
15,29.354031,-98.485771
15,44.810337,-89.67325600000002
15,37.556107,-77.409935
15,44.268947,-121.172398
15,35.52832,-97.52476
15,45.425188,-93.570226
15,37.678249,-122.38826
15,40.00996,-75.064369
15,37.70697,-121.72838
15,34.8866,-82.067825
15,38.51412892323248,-121.77614092768776
15,32.59506,-110.97384
15,42.351475,-83.072212
15,40.26661,-82.92848000000002
15,25.84203,-80.24972
15,40.172913,-75.09747
15,28.709227,-81.55732900000002
15,43.173136,-83.768807
15,45.551609,-122.67879
15,39.2671430109059,-76.61819100343409
15,45.53443,-122.6381
15,40.137045,-75.39506
15,37.70064712,-121.79659009
15,34.731654999999996,-86.596565
15,46.101971,-123.764607
15,41.814609999999995,-71.370094
15,31.242393,-85.62957800000002
15,39.95436,-82.84469
15,38.766624,-77.37495200000002
15,34.948665999999996,-81.866203
15,35.617599,-97.780579
15,39.032993,-77.624273
15,25.925046,-80.293121
15,28.51548,-81.420474
15,45.51014,-122.68773
15,39.02254,-94.69154
15,38.770298,-90.777138
15,33.672543,-80.89771999999998
15,34.321428000000004,-118.496744
15,40.868017,-73.872362
15,38.010014,-81.350049
15,39.085033,-76.032822
15,35.50761400000001,-97.565651
15,30.43117404,-91.05205893
15,44.859409,-93.246239
15,36.172421,-86.794777
15,38.292514,-121.183898
15,27.893993,-82.69841
15,33.941178,-118.096711
15,29.98318,-95.276902
15,34.072176,-118.065723
15,35.261074,-80.840683
15,41.755844,-87.954552
15,41.115174,-101.708791
15,38.99269,-76.51861
15,41.420284,-81.792214
15,34.101465940312856,-80.9126007553057
15,44.969864,-93.30822
15,25.62762,-80.341566
15,44.790562,-122.601982
15,36.903079,-76.239719
15,33.816277,-84.250694
15,36.1534,-86.855804
15,40.897268,-74.491424
15,34.016289,-118.174049
15,35.723724,-78.823219
15,41.249937,-76.969779
15,39.974255,-76.680115
15,33.18498730643661,-109.38208222337065
15,40.767525,-111.952057
15,30.258104,-95.45671
15,35.414782,-82.550574
15,38.93905,-94.554275
15,29.726708,-95.643891
15,40.068951844977995,-76.30265593492364
15,42.779297,-84.670433
15,36.167671,-86.778664
15,35.105881,-106.647583
15,34.130852000000004,-117.92896299999998
15,41.897911,-87.805382
15,43.56095194795817,-116.39382719938088
15,27.298808,-82.500259
15,33.582012,-112.123619
15,41.76469,-72.64594
15,30.2211,-81.571388
15,33.974647,-118.285232
15,35.798538,-78.562813
15,32.770653,-117.069867
15,29.841746,-95.390281
15,34.39043,-118.476084
15,39.14422,-76.80948000000002
15,38.705318,-77.223793
15,41.306553,-96.158043
15,38.36974,-122.712789
15,35.25125900000001,-80.747299
15,35.27277,-80.837227
15,30.251655,-97.771468
15,39.22053,-84.36835
15,47.995301,-122.177277
15,32.760258,-96.682716
15,39.848934,-104.985458
15,36.735573,-119.777626
15,36.10915,-86.81189
15,33.983738,-118.280449
15,37.312692403615415,-121.8857252591997
15,39.218891,-119.652634
15,40.66214,-74.28716999999997
15,34.081268,-80.93875899999998
15,35.644602,-78.565164
15,39.37086939792933,-77.20965027772327
15,32.894436,-96.717741
15,32.304707,-111.03876499999998
15,33.98649573,-118.39827418
15,42.439079,-87.82560699999998
15,42.487068,-83.47573100000002
15,40.07219600000001,-75.43494
15,37.019885,-78.700262
15,40.864748,-76.552308
15,29.337435,-81.131294
15,34.052836,-118.258732
15,45.206712484144184,-93.4037768836336
15,40.656747,-73.62305500000002
15,30.301062,-97.745728
15,40.251606,-76.87152900000002
15,33.521889,-86.825188
15,45.743887,-111.164483
15,38.847656,-123.027412
15,36.803753,-76.43002299999998
15,33.826569,-118.207581
15,32.74063,-117.11627
15,30.347136,-81.668228
15,39.347291,-76.495541
15,37.976178,-122.31834
15,38.61510873,-121.53510690000002
15,28.423153000000006,-81.404779
15,37.699279,-121.0709
15,47.30285,-122.25267
15,36.15016,-86.85793000000002
15,40.811902,-111.407398
15,40.075947,-75.28967800000002
15,39.82705950718008,-75.43490767442974
15,33.975947,-118.167671
15,33.846608,-118.20906200000002
15,39.958649,-74.390621
15,38.639831,-121.196816
15,36.17215,-86.7686
15,30.332777,-97.687846
15,37.746044,-121.584045
15,34.26512360556476,-79.7272360321058
15,40.069464,-75.149956
15,28.03701,-82.06232
16,33.705036,-117.084908
16,43.993878,-88.582705
16,32.337447999999995,-111.043449
16,45.588218,-94.036334
16,34.13558,-117.998456
16,41.818333,-71.382172
16,36.069008,-79.150316
16,40.0686,-86.496094
16,37.893613,-121.282762
16,35.244597999999996,-80.927071
16,27.57925,-82.54029799999998
16,42.958908,-85.67147800000002
16,40.398308,-80.02634
16,34.197798,-118.474279
16,40.012951,-75.272926
16,40.885963,-73.896713
16,35.311424,-80.74748199999998
16,35.577933,-82.582738
16,30.47102000000001,-91.058083
16,41.013261,-78.437413
16,25.847601,-80.207631
16,37.557610273182114,-77.41287589036267
16,38.479757,-77.387849
16,25.946034,-80.286142
16,42.88809000000001,-78.76771
16,40.038799,-76.455727
16,40.98107,-73.7474
16,32.28083400000001,-110.83696
16,30.409636,-97.64859
16,37.705713,-122.470781
16,39.030679,-94.276074
16,37.544502,-77.45160600000001
16,31.242029,-85.630157
16,33.664027000000004,-117.800573
16,42.182644,-88.004517
16,42.253322,-87.862478
16,37.783216237841685,-121.21032357158084
16,39.30547,-85.961449
16,38.559688,-121.661982
16,27.298225164283284,-80.37236094436467
16,37.182571,-93.31774
16,29.776879,-95.384017
16,38.978613,-105.041556
16,32.64513,-96.853203
16,29.39433,-98.48606
16,44.912754,-93.449371
16,38.18902373295694,-121.24405503215196
16,29.736283,-95.500822
16,25.862371,-80.20970200000002
16,39.593021,-119.226982
16,37.646395,-122.09281599999998
16,32.23542,-110.875423
16,30.44176,-84.26176
16,42.92276,-121.82856
16,39.3318,-76.74219000000002
16,32.927036,-96.819322
16,38.868832,-77.307709
16,35.316154,-80.77154499999997
16,30.499601,-91.157028
16,45.53175,-122.66539
16,41.81905,-71.38453
16,33.10295900000001,-80.075577
16,38.866638,-121.303406
16,33.8806,-81.036598
16,41.230717,-95.851341
16,33.466324,-112.110077
16,41.12402700000001,-80.67775
16,35.076771,-82.13266
16,28.0543,-82.353836
16,37.302371,-79.329162
16,40.80939173678966,-77.8253996368512
16,34.03009,-117.69813700000002
16,33.023379999999996,-80.05452
16,34.803745,-82.511597
16,35.900394,-78.725533
16,37.257543,-77.331422
16,43.106334,-123.357624
16,33.916466,-118.285744
16,39.959606,-75.181099
16,37.786485,-120.841624
16,44.81351,-93.39842
16,37.655819,-122.406959
16,34.553340999999996,-82.688362
16,30.400581,-97.702972
16,45.50405900000001,-122.531212
16,33.814963,-117.877196
16,34.681061,-118.459415
16,41.263729,-96.076187
16,34.099757000000004,-117.819465
16,34.80545,-82.228661
16,33.992277,-118.06171299999998
16,35.24134,-80.84357
16,35.291752,-120.650513
16,34.27733,-84.81519
16,37.634547999999995,-122.08638
16,37.963476,-77.487189
16,39.139343,-77.54727199999998
16,47.58254,-122.31954
16,33.624967,-117.122849
16,34.89555,-82.15553
16,43.021782,-85.68903
16,38.500272,-122.791746
16,39.055259,-121.560046
16,34.038418,-118.647527
16,39.100708,-94.670749
16,38.561566,-121.18724
16,44.88988,-93.28328
16,33.492657,-111.904587
16,33.49762,-117.14898
16,34.121805,-84.080013
16,29.381178,-98.639869
16,25.769717,-80.334661
16,35.435261,-97.462822
16,25.943114,-80.358019
16,40.13645,-75.30494
16,30.46166,-91.166786
16,33.426196999999995,-82.05275
16,32.917064,-117.115797
16,33.564448999999996,-81.935181
16,28.606688,-81.386452
16,42.699726,-73.708138
16,41.51835,-73.97085
16,35.384369,-97.159821
16,38.81971,-76.88851
16,32.759769,-97.13147
16,38.77555,-121.265635
16,34.21629,-118.23552
16,29.48409,-95.10254
16,28.55495810495112,-81.66643023451965
16,38.95615696888468,-77.1932351585522
16,33.876358,-118.102593
16,32.67487,-97.04435
16,41.212269,-95.947052
16,38.932369,-121.09081299999998
16,27.856444,-82.696086
16,40.042065,-76.30438199999998
16,29.678956,-81.579462
16,30.686069,-86.78902
16,39.629987,-84.199136
16,37.337421,-121.849686
16,42.745923,-73.775325
16,33.638893,-79.03195
16,42.406898,-71.13356
16,38.646736,-90.349045
16,34.894707000000004,-82.30238299999998
16,35.23595,-80.88046999999997
16,36.44884,-121.36287
16,42.566553000000006,-82.914291
16,27.942963838444022,-82.54490733107306
16,28.539063,-81.30090899999998
16,35.878979,-78.645737
16,36.15868,-96.047485
16,33.719502,-117.795273
16,39.725829,-105.009499
16,32.670502,-96.946777
16,34.0065,-118.15532
16,41.17615900000001,-112.064468
16,45.067194,-123.947721
16,37.948773,-121.294718
16,32.30832,-110.8924
16,29.48409,-95.10254
16,44.894245,-93.273132
16,29.730717,-95.4132
16,41.956917,-73.894196
16,34.030486,-117.59333
16,37.841545,-122.224527
16,35.232341999999996,-80.32884200000002
16,38.500107,-120.82899
16,34.961025,-82.05323800000002
16,36.06077,-95.93994
16,38.698429,-90.450768
16,28.340858,-81.38041700000002
16,33.9344,-117.55588
16,26.657521000000006,-81.882165
16,33.007826,-79.850044
16,26.849390000000003,-80.129727
16,33.766319,-84.52655
16,43.00206,-83.762268
16,36.26088,-86.73819
16,26.167577,-80.256563
16,34.028293,-118.189287
16,30.371160999999997,-97.692467
16,39.297638,-123.28348
16,35.789108,-78.66275
16,39.11039,-119.773781
16,35.452723,-83.39041800000003
16,40.76992,-80.78948000000003
16,42.379036,-83.216965
16,34.662407,-118.758427
16,35.013898,-86.507838
16,35.473869,-119.074666
16,29.734325,-95.402077
16,38.27565,-122.047577
16,33.766426,-84.526802
16,26.94001079,-82.0212543
16,37.31673,-121.92207
16,43.447403,-71.577877
16,34.326351,-82.694847
16,41.226414,-95.965529
16,35.25105999999999,-80.758133
16,35.29076,-80.75718
16,29.737005,-95.369347
16,34.353028,-117.376516
16,32.365840999999996,-86.288887
16,42.341881,-73.749496
16,30.32172000000001,-97.706352
16,27.30305,-82.44821400000002
16,37.57251,-77.420509
16,42.378738,-83.215485
16,33.386479,-111.957333
16,41.25758,-96.100563
16,29.70633,-95.27296
16,28.526937,-81.417893
16,28.054705,-82.454872
16,30.33939,-97.71785
16,33.117737,-111.842094
16,25.845409,-80.20905
16,30.457888,-87.245393
16,33.621365000000004,-112.116684
16,29.663408,-95.258469
16,33.902802,-118.367082
16,27.96475,-82.452522
16,41.62853836993394,-112.0953619474788
16,37.540466,-122.515459
16,29.729678999999997,-95.46344
16,40.193287,-75.488969
16,41.30666400000001,-112.025787
16,39.750507,-105.016624
16,25.820878,-80.285903
16,25.647626,-80.386377
16,34.892876,-82.407822
16,38.864311,-77.33374
16,39.772938,-86.030167
16,43.15739,-77.63888
16,44.31401,-92.69933
16,40.293511,-75.288842
16,25.889812,-80.25453900000002
16,34.009881,-117.823513
16,38.582616,-121.383067
16,33.774368,-117.904724
16,32.630592,-80.882286
16,37.791537,-77.460252
16,41.452225,-81.69049100000002
16,32.741749,-96.812721
16,29.457125,-98.412651
16,33.683618,-84.409982
16,41.513706,-74.049873
16,43.016937,-83.678154
16,33.451248,-111.890312
16,31.181708,-81.504159
16,37.82673,-122.26787
16,40.11668,-75.324402
16,35.147175,-80.724228
16,43.456117,-76.17996099999998
16,36.10437,-95.92234
16,36.815987,-76.755759
16,33.80278,-118.12081
16,25.7022,-80.33555600000003
16,33.858918,-118.008051
16,34.05355095847104,-118.22236418667688
16,40.35899000000001,-109.315857
16,34.953925,-80.85104799999998
16,40.155365,-79.77486400000002
16,34.07185,-118.090599
16,37.665777,-122.39647
16,43.12629,-77.52
16,40.89395,-111.885595
16,30.441035999999997,-97.750008
16,42.24055,-87.977154
16,33.563444,-112.036384
16,38.570862,-89.966072
16,41.660118,-93.521996
16,35.871868,-78.583572
16,42.389677,-122.464039
16,34.142799,-80.750381
16,30.18125,-81.628235
16,30.446318,-98.100868
16,34.056049,-118.183029
16,41.905346,-87.98831899999998
16,40.039411,-75.25278399999998
16,35.142790000000005,-85.238476
16,38.984422,-76.980127
16,40.22955,-75.31437
16,44.88369,-93.13363
16,35.435051,-97.571198
16,34.891258,-82.406448
16,39.35046,-76.646339
16,34.206768,-118.201639
16,34.314661,-117.466022
16,37.533974,-77.430008
16,40.558933,-111.898117
16,38.495806,-121.445556
16,32.869754,-80.00831099999998
16,32.355598,-86.171463
16,34.320844,-118.496241
16,33.818969,-118.293031
16,44.95560800000001,-93.270124
16,26.492752000000007,-81.80765500000003
16,39.77841,-104.91383
16,29.687681,-95.569993
16,34.502769,-82.959427
16,32.911907,-96.942139
16,47.877789,-122.165947
16,38.810688,-77.21721600000002
16,36.83567,-119.817993
16,45.5555,-122.678709
16,37.97286500000001,-121.246944
16,33.91296,-84.286179
16,43.018421,-83.783028
16,38.193249,-85.731995
16,25.765199,-80.200312
16,33.428822,-112.064903
16,27.447441,-82.52284
16,30.179136,-82.664772
16,40.024597,-75.324738
16,27.8521,-82.664276
16,35.59277415,-82.56417632
16,41.248449,-73.812443
16,41.232433,-95.880196
16,33.935913,-81.192886
16,41.374233,-72.195099
16,26.352339,-81.807573
16,30.053579,-95.432182
16,42.679371,-82.812386
16,38.796436,-104.757591
16,41.757342,-87.953901
16,44.973907,-93.249672
16,41.033237,-81.760986
16,28.492988,-81.432553
16,25.899744,-80.17949499999997
16,33.97254824622167,-80.0403249259947
16,29.953815,-95.399887
16,38.564857,-121.630266
16,35.316509,-80.776634
16,39.928959000000006,-75.114494
16,33.553101,-112.116997
16,37.686728,-122.129924
16,26.572304,-80.069298
16,25.814412,-80.317338
16,29.842290999999996,-95.284523
16,34.124034,-117.913626
16,30.222448,-93.314161
16,47.644496999999994,-122.324631
16,37.60817,-120.993584
16,35.79974199999999,-78.56275699999998
16,33.968021,-118.453125
16,40.090837,-75.289735
16,38.836028000000006,-76.86924300000003
16,32.603889,-116.633827
16,33.93935,-117.1755
16,37.467498,-122.152707
16,35.605736,-97.549431
16,47.496296,-112.386406
16,28.547990999999996,-81.261139
16,41.860409,-87.973022
16,38.351935,-121.340446
16,41.655616,-73.789939
16,30.368126,-97.742363
16,34.071442,-118.125204
16,39.741772,-84.21563
16,42.741661,-83.477572
16,36.977702,-122.031731
16,42.705006,-71.21038100000001
16,40.665408,-78.22482600000002
16,42.99847000000001,-83.772598
16,34.02900338,-118.01012635
16,42.28299000000001,-87.95335
16,35.091099,-82.03890200000002
16,35.820824,-78.591789
16,42.190392,-88.13546
16,40.460081,-78.616109
16,27.796238,-82.685676
16,27.94477,-82.517111
16,29.818075,-95.393135
16,27.317872,-82.49735799999998
16,37.15417100000001,-121.654709
16,35.85228,-77.086731
16,28.065973,-82.56749
16,33.77673,-117.84065
16,29.572775,-95.125617
16,33.823087,-117.521022
16,32.89484,-96.803925
16,30.23208,-81.69886
16,46.610816,-113.97723700000002
16,39.797207,-84.217282
16,39.701566,-79.308929
16,26.514845,-80.172676
16,25.890733,-80.163416
16,36.942018,-120.040039
16,30.307398,-97.661074
16,32.893048,-96.967061
16,36.3271,-119.37163
16,34.949276,-120.417313
16,31.652158498613108,-106.23383402773744
16,37.542179,-77.445198
16,34.017251,-81.106608
16,33.997818,-81.322762
16,35.082802,-81.705956
16,34.27245300000001,-118.556114
16,33.90467763,-117.45990872
16,32.502572,-93.748578
16,36.88214,-76.21566999999997
16,34.591068,-82.547951
16,38.124195,-85.61621099999998
16,36.120548,-86.750023
16,34.06375,-117.28355
16,27.101259,-82.444344
16,37.25196,-121.93779
16,38.22414600000001,-77.495412
16,43.16449,-77.73243000000002
16,25.859831571455675,-80.32556176147307
16,39.767952,-104.995026
16,39.24312000000001,-84.57628000000003
16,42.267105,-83.225868
16,36.328121,-86.71463
16,32.87805,-96.89795
16,28.329759999999997,-82.56907700000002
16,32.89893507941771,-117.2188532346858
16,42.047588,-88.34119399999999
16,43.022449,-83.595421
16,43.060799,-76.562637
16,27.965071,-82.453377
16,37.664969,-77.521027
16,33.718485,-84.239562
16,34.247737,-118.418325
16,32.272078,-110.96318
16,40.921741,-73.813171
16,35.435328999999996,-97.724602
16,32.432701,-80.728142
16,36.124748,-86.708481
16,37.817274,-77.458526
16,25.868259,-80.24149200000002
16,33.7564,-117.854829
16,41.485025,-81.565067
16,34.858795,-82.2603
16,34.05875,-117.29748700000002
16,38.413329,-120.659
16,25.91238,-80.319389
16,34.37616,-119.47567
16,40.211658,-81.882088
16,42.920155,-83.62068199999999
16,27.92277,-82.385048
16,33.982823,-83.966365
16,30.425078999999997,-97.750031
16,33.418521999999996,-82.020607
16,33.945479,-118.300263
16,37.690568,-122.073444
16,38.96002,-76.866197
16,44.087947,-123.076021
16,43.08922800000001,-77.516337
16,30.433416,-84.293628
16,34.397774,-119.51236000000002
16,30.215352000000006,-81.760865
16,38.794345,-77.14714000000002
16,30.57411,-88.22532
16,36.731234,-112.046048
16,29.63022,-95.4739
16,37.479434999999995,-76.918846
16,33.99684,-117.93105
16,34.272247,-118.55627
16,36.77903,-119.880302
16,35.29132,-119.62704
16,38.99124000000001,-77.15894499999997
16,37.772949,-122.406563
16,30.250071,-81.55242199999998
16,36.923734,-120.022147
16,40.894253000000006,-73.862311
16,38.80556,-76.97431
16,38.871635,-94.79565
16,29.872049,-95.262566
16,38.11535,-104.67316
16,30.253914,-97.715446
16,34.884654,-82.195448
16,34.932758,-82.002136
16,36.845261,-121.634598
16,41.244549,-73.103546
16,33.736996000000005,-84.230896
16,35.086418,-80.99234799999998
16,34.018226,-118.157954
16,45.229765,-123.862051
16,39.769528,-79.22569
16,40.198135,-75.52154499999997
16,43.02009,-87.91803
16,34.028981,-118.01313
16,33.964783000000004,-118.070618
16,37.505872,-121.971695
16,33.953777,-98.514694
16,30.430731,-91.109329
16,43.109076,-77.59201800000002
16,42.35969,-87.85574
16,33.32227,-96.59042
16,37.829319,-122.213547
16,43.013809,-83.634682
16,31.745819,-106.284698
16,28.027067,-82.152771
16,25.581329,-80.50676700000002
16,33.916346999999995,-118.253541
16,42.15297,-87.87171
16,41.360533,-75.20265500000002
16,35.09343,-80.932732
16,40.893589,-73.908012
16,33.451431,-111.83976
16,33.451355,-111.890343
16,34.136594,-117.238187
16,38.662228000000006,-76.060677
16,37.53265800000001,-77.429909
16,40.09914000000001,-75.196503
16,35.838813,-78.77923
16,29.731838,-95.460823
16,35.848419,-78.563087
16,39.172913,-84.39954399999998
16,34.159714,-118.465561
16,42.38821,-122.917423
16,45.301601,-93.797081
16,37.721081,-122.178909
16,30.682856,-88.042496
16,37.33198,-121.89681000000002
16,30.492027997825183,-84.43228125531942
16,45.51549,-122.69966
16,36.605354,-119.660995
16,30.187040000000003,-81.739255
16,37.287648,-80.11927800000002
16,33.11953,-87.551117
16,30.457559999999997,-91.175331
16,25.680511,-80.416528
16,36.876476,-76.199083
16,41.67672,-112.13547
16,28.464283,-81.561578
16,30.109812,-95.436043
16,30.265057,-81.617294
16,36.152924,-86.683388
16,35.84272,-78.680128
16,26.349819,-80.11869
16,36.266041,-119.363319
16,34.03093,-117.328346
16,29.397173,-95.027425
16,45.647377,-120.881816
16,39.824181,-86.235214
16,33.854245,-117.893187
16,42.17012,-121.69807
16,38.58065,-121.56002
16,33.70329737647198,-84.1665923591415
16,33.960026,-118.278259
16,38.427662,-122.76919
16,47.324151,-111.644285
16,41.86849,-71.05645
16,44.950199,-93.005013
16,38.815727,-77.13825200000002
16,27.451248,-82.5738
16,37.739021,-122.408028
16,41.345656,-74.192516
16,42.31443,-71.269463
16,37.809806,-78.500873
16,42.24054,-87.977089
16,40.34578,-74.49853
16,38.258835,-85.765495
16,25.581467,-80.366943
16,45.15099,-122.6814
16,28.422651,-81.404776
16,38.028099,-84.510674
16,37.556138,-122.298596
16,33.509440999999995,-112.112373
16,32.277359000000004,-90.185989
16,36.136902,-86.800842
16,27.77902000000001,-82.71418
16,37.50809,-77.46341
16,34.972004,-90.110794
16,38.52600200000001,-123.087722
16,35.83557000000001,-78.64603100000002
16,30.432949,-91.110625
16,38.487061,-121.29772
16,38.92082,-121.08239
16,41.663204,-87.66289499999998
16,27.95623,-82.477058
16,45.24909,-122.79537
16,40.836106,-73.870341
16,33.02433,-96.992834
16,32.768219,-97.302025
16,43.95478606203101,-92.1279251571077
16,38.601561,-121.401548
16,40.533756,-74.27188100000002
16,39.7743,-84.239281
16,30.533102000000003,-87.125694
16,34.024708000000004,-117.917492
16,42.788702,-82.662521
16,33.64435315116098,-112.23509430831795
16,47.376977,-122.833663
16,37.962456,-122.053886
16,40.119839,-87.958839
16,38.641069,-121.450378
16,42.37498,-83.21669
16,38.1264,-85.77614
16,42.43656992892057,-83.0950605865331
16,41.409637,-73.78675799999998
16,29.489521000000003,-98.574356
16,32.862803,-96.71601
16,37.554368,-77.361324
16,39.396305,-120.023605
16,36.923229,-119.799309
16,30.41717,-91.14485
16,34.17208,-118.53213
16,35.06777,-80.84436
16,30.265253,-97.597343
16,36.1521,-86.772095
16,29.936651,-95.507355
16,35.23986400000001,-80.88580300000002
16,34.874725,-82.218781
16,37.04349000000001,-76.35039
16,35.25288,-80.80818199999999
16,34.534298,-119.238923
16,33.880795,-81.037012
16,33.483257,-112.113037
16,40.046669,-86.469193
16,39.972347,-83.01992
16,37.671474,-122.121704
16,33.740811,-117.833808
16,42.49100900000001,-83.309511
16,28.185842,-82.422235
16,30.433902000000003,-87.277397
16,39.644742,-78.03823100000002
16,33.467182,-112.268623
16,28.14495,-81.07607
16,34.947651,-82.27124
16,45.574647,-122.545934
16,28.197758,-82.488736
16,30.028463,-95.429178
16,45.08849,-93.42281
16,32.749845,-97.284174
16,36.752856,-119.786866
16,40.142151,-82.97113
16,38.483221,-77.394616
16,35.647549,-77.46157099999998
16,40.822851,-73.975842
16,30.38754500000001,-97.649811
16,35.493159999999996,-97.469307
16,41.921196,-71.45599399999998
16,35.00835,-85.23640999999998
16,42.341389,-87.85584300000002
16,34.120135999999995,-117.837183
16,39.524763,-122.213426
16,40.66237,-74.43141999999997
16,35.767872,-78.574333
16,34.207821,-118.200157
16,37.405227,-122.055877
16,34.50221,-82.983856
16,25.928608,-80.20930200000002
16,36.773988,-76.25447700000002
16,41.82014,-87.69456
16,33.99666666968347,-93.1839001174298
16,36.18791,-86.79855
16,43.562968969137366,-123.28030228556024
16,42.235876,-88.14829
16,38.893115,-77.067225
16,38.020561,-84.46755999999998
16,34.206554,-84.455276
16,33.971501,-112.728521
16,41.22377,-96.03388
16,39.87859,-83.059921
16,38.193119,-121.407677
16,29.72762100000001,-95.463127
16,37.890095,-78.873421
16,33.402738,-117.083705
16,44.239039,-94.997658
16,36.970558,-121.90419
16,27.811054,-82.756638
16,29.808233,-95.336021
16,25.960627,-80.149384
16,44.02851,-121.31618
16,30.180195,-92.022514
16,45.483382,-118.404979
16,37.319945,-121.901475
16,34.753899,-86.740997
16,26.596907,-81.87388
16,25.956108,-80.229263
16,30.4164,-91.06993
16,29.794283,-95.544662
16,37.897423,-122.081871
16,35.339443,-119.039711
16,29.833371999999997,-95.384331
16,25.786798,-80.211656
16,37.80651500000001,-122.237827
16,40.64922,-81.44982900000002
16,36.877644,-76.298058
16,41.23938,-95.953743
16,43.186089,-77.46244
16,29.44279,-98.663395
16,30.008115000000004,-90.014629
16,40.696342,-74.10730699999998
16,41.574017,-87.462914
16,25.594811,-80.37507
16,39.69206929187922,-86.2376010413826
16,33.8274,-118.08255
16,42.884033,-78.768097
16,30.379789,-97.738213
16,33.826557,-118.207588
16,38.862738,-76.948029
16,37.897415,-122.311729
16,38.817173,-76.94869200000002
16,41.11784577350083,-74.11877989733641
16,33.412095,-86.80569200000002
16,38.66382700000001,-77.27489399999997
16,35.22624000000001,-80.84195
16,34.037876000000004,-118.079659
16,41.196232,-95.9674
16,33.860939,-80.112938
16,40.303842,-75.293373
16,33.929825,-118.368546
16,39.629601,-75.666798
16,44.97726,-122.99123
16,33.754379,-84.3787
16,33.432234,-112.10867
16,40.699622999999995,-111.902473
16,43.094993,-77.63258
16,40.156703,-79.05816800000002
16,40.564443,-75.485579
16,25.796984,-80.335963
16,25.839874,-80.31509799999998
16,37.547791,-77.43164
16,41.51837468127479,-93.77591729119408
16,41.84576,-71.410995
16,25.747661,-80.287244
16,39.236645,-123.208115
16,33.994858,-80.958282
16,38.254292,-85.805962
16,32.93431,-96.75259
16,39.085284,-78.212085
16,33.913949,-118.116692
16,44.951813,-93.126383
16,28.302238,-82.70414699999998
16,40.668411,-112.283783
16,35.819860696621795,-78.74204993210438
16,40.921581,-73.80969300000002
16,34.069548,-117.967409
16,30.654671,-91.193298
16,35.812759,-78.738106
16,44.809963,-93.398109
16,34.00683,-117.06672
16,34.028886,-117.550459
16,41.652602,-72.67248599999998
16,42.686934,-73.805838
16,33.465472999999996,-111.961502
16,34.138988,-80.882774
16,35.367244,-118.96745
16,45.204517,-93.37838
16,28.477941,-81.330682
16,38.84073615055637,-76.87220692597926
16,30.377787,-97.689812
16,35.229385,-80.92465200000002
16,34.029835,-117.64994
16,48.15240900000001,-122.18869
16,44.029953000000006,-91.623912
16,47.74249434448365,-122.18690514506252
16,29.64401,-95.57599
16,32.924667,-96.772752
16,37.552988,-77.48010699999998
16,36.238440999999995,-86.755493
16,29.617882,-95.501183
16,34.728346,-79.702651
16,34.443357,-118.605469
16,33.861903999999996,-98.535965
16,42.387721,-83.01606
16,38.349676,-122.712416
16,35.747055,-78.683105
16,32.71719,-96.68934
16,40.63101410846409,-111.88333868927056
16,33.896965,-84.250694
16,34.511238,-82.672203
16,35.36338,-97.512169
16,47.097272,-122.613198
16,38.293574,-122.031726
16,42.518154,-83.64613299999998
16,28.494469,-81.396835
16,44.64177700000001,-123.120822
16,38.280548,-121.456941
16,40.785246,-73.533236
16,33.56195,-111.88349
16,40.07029,-76.301323
16,28.577486,-81.476862
16,45.51724,-122.66482
16,35.585913,-82.600838
16,33.900299,-118.285851
16,30.449989,-91.165894
16,35.105228000000004,-106.67083
16,37.896488,-121.670654
16,34.867661,-82.404457
16,30.137946999999997,-81.774117
16,34.858849,-82.26042199999998
16,32.347069,-111.017128
16,42.089058,-71.69528199999998
16,32.752029,-83.713303
16,34.145263,-117.284159
16,34.78536,-92.12293
16,35.208632,-118.923372
16,33.25378060325025,-111.94663882202173
16,35.14552800000001,-84.96998
16,39.83196,-86.18427
16,35.13316,-80.839012
16,37.758514,-122.405233
16,37.54578400000001,-122.288971
16,33.461746000000005,-112.108948
16,40.170854,-111.64649
16,33.993961,-86.75148
16,44.86321,-93.56726
16,44.106222,-92.514779
16,42.240479,-87.944673
16,37.954411,-121.31176
16,43.99773,-121.396001
16,33.480343,-112.083015
16,32.85022616370749,-117.18044400159272
16,39.715755,-86.120514
16,34.083199,-118.2201
16,36.98177,-113.65011
16,44.95162,-93.14976
16,37.69255,-122.06245
16,29.674845,-95.560448
16,29.941457,-90.067739
16,41.115201,-80.24982800000002
16,29.62181,-95.18195
16,42.248676,-73.884171
16,42.585468,-70.967667
16,32.923576000000004,-96.780663
16,38.89011025410228,-112.41623997634689
16,30.21535900000001,-97.797508
16,37.693954,-122.08702
16,42.776401,-71.24364
16,32.519444,-96.822052
16,32.840034,-97.238861
16,45.180199,-93.392357
16,34.020624,-118.167497
16,37.040957,-76.391456
16,32.93103,-84.33395
16,34.822041,-82.416611
16,46.616935,-111.921816
16,40.801441,-73.829414
16,34.77375,-86.539253
16,41.497131,-95.209826
16,33.022594,-111.37915
16,36.660454,-121.622559
16,34.195566,-79.766014
16,35.601048,-119.516192
16,35.214473,-80.837587
16,32.362251,-86.171188
16,33.314971,-111.85247
16,39.075106,-78.335153
16,25.925994,-80.15794100000002
16,27.852009,-82.664642
16,40.11302,-83.03215
16,38.72157,-121.364652
16,37.48757243,-122.20679641
16,27.447766,-82.545055
16,42.39070200000001,-83.762876
16,33.911735,-118.15995
16,38.78083,-75.66729000000002
16,43.17934,-77.631721
16,40.025295,-75.228973
16,33.662109,-117.786161
16,30.052498,-95.252098
16,39.37986,-77.4081
16,37.495837,-120.871572
16,35.478573,-97.476685
16,42.264042,-88.178978
16,33.480778,-86.775932
16,43.016048,-76.13943499999998
16,42.706612,-71.138962
16,34.06393,-117.27173
16,40.79588,-73.9765
16,40.573171,-79.994437
16,26.628122,-80.067596
16,28.553136,-81.362059
16,37.079029,-113.583923
16,38.100758,-122.231077
16,44.965426,-93.089446
16,39.800579,-86.009415
16,35.33443,-119.015613
16,30.243361,-97.753166
16,35.223464,-120.691716
16,37.848061322985416,-122.02771067561136
16,34.362851,-119.308717
16,34.02013,-80.422607
16,32.758209,-96.809883
16,33.523327,-86.797318
16,35.818949,-119.36507
16,34.892672999999995,-82.160172
16,33.979613,-117.908266
16,35.09864,-80.944778
16,35.043526,-80.985741
16,37.512159,-77.390072
16,35.577461,-120.724894
16,37.386985,-77.516591
16,25.764359,-80.287897
16,42.477226,-83.42866500000002
16,42.392567,-71.037361
16,39.753226,-86.216876
16,36.90389,-121.6392
16,36.091144,-86.704212
16,25.842872,-80.249798
16,33.520794,-86.84976999999998
16,38.6292,-121.21578999999998
16,38.091057,-122.228355
16,34.099306,-118.247303
16,29.598696,-95.197235
16,43.152966,-83.734344
16,43.768429,-87.724518
16,34.072277,-118.053642
16,37.336235,-120.582506
16,41.167211,-73.838241
16,37.766232,-121.34306200000002
16,34.025315,-118.192302
16,25.717003,-80.332031
16,45.11671,-93.19763
16,39.75083,-84.17454000000002
16,30.290085,-97.790688
16,33.742077,-84.349243
16,42.397984,-88.092125
16,25.699374,-80.434952
16,39.25379,-84.60568
16,35.401875,-80.698227
16,35.803669,-78.693855
16,41.34018,-88.19166
16,33.858161,-118.287051
16,32.112015,-81.23777
16,35.098781,-80.931872
16,39.944459,-75.113842
16,35.839329,-78.68495899999998
16,25.796833,-80.366863
16,42.22074,-88.08242
16,34.689495,-82.552826
16,37.569119,-77.478375
16,40.68401,-73.64404300000002
16,42.97009,-85.67815999999998
16,34.14895176871229,-118.057633637819
16,34.165222,-118.478925
16,35.406162,-97.565559
16,40.62178400000001,-74.173454
16,42.918839,-78.766357
16,42.019199,-87.77712199999998
16,41.46111,-81.69479
16,33.145599,-117.104385
16,33.972161,-118.167803
16,37.49268,-77.48839
16,41.031483,-77.519409
16,40.379358529852006,-111.82323574966514
16,34.106751,-117.847257
16,42.961764,-87.96175600000002
16,28.466979,-81.417537
16,42.309376,-71.082741
16,28.864248,-81.29029799999998
16,29.072143,-81.97262099999998
16,33.984238,-117.844977
16,35.742931,-78.68096899999998
16,35.207066,-80.836033
16,38.699133,-121.361924
16,29.770749,-95.185546
16,34.750359,-80.34348299999998
16,36.886124,-76.429565
16,41.65813,-87.58708
16,35.23004500000001,-80.808456
16,38.22926,-122.664168
16,35.21960100000001,-80.852562
16,35.232525,-80.67398100000003
16,41.85878,-88.10583000000003
16,33.466331,-111.702927
16,39.280768632701495,-120.71149706782955
16,35.14077,-80.81210300000002
16,26.683312654368,-80.16370654067914
16,34.52935,-82.68450899999998
16,28.536002000000003,-81.47572
16,41.36332154254264,-85.08354306180435
16,41.72135,-87.80804
16,38.661762,-121.35945900000002
16,41.91357,-88.008049
16,39.87185,-85.9571
16,41.223694,-96.019409
16,41.888149,-88.15106999999998
16,35.190681,-80.797081
16,40.209063,-74.57825799999998
16,30.315417,-81.741885
16,45.55021,-122.67856
16,37.989647,-121.242355
16,33.17465,-117.34967
16,33.377739,-112.073257
16,28.497348,-81.39694
16,40.206059,-77.156324
16,28.447456,-81.473962
16,43.128511,-77.483729
16,40.020638,-79.082817
16,30.243059,-97.762283
16,45.531731,-122.564731
16,34.134101,-117.957133
16,37.701034,-122.393189
16,32.675663,-97.023811
16,30.46092,-91.127754
16,35.152718,-80.876254
16,37.378651,-79.24823
16,41.084508,-73.832669
16,39.800579,-86.009415
16,36.435321,-82.561633
16,39.968899,-75.033073
16,36.153801,-86.794395
16,40.134796,-77.018188
16,27.981367,-82.326561
16,35.104304,-80.985603
16,34.688625,-82.98790699999998
16,26.62092,-81.749573
16,28.539091,-81.309969
16,38.220066,-78.986199
16,36.966476,-121.960952
16,25.760905,-80.45262199999998
16,27.85218,-82.34652700000002
16,40.04007,-76.231934
16,42.469856,-71.245094
16,38.958819,-77.23732
16,32.361508,-95.319057
16,38.740456,-77.189842
16,38.879045,-77.25391
16,28.568603000000003,-81.224012
16,37.993496,-122.329594
16,38.615691,-121.535017
16,47.644058,-122.325897
16,40.026799,-75.551823
16,38.651722,-77.297696
16,38.55177,-121.69917
16,34.56035971625061,-92.6133835311288
16,38.749302,-77.184998
16,29.972831,-90.053565
16,34.055240999999995,-118.450833
16,38.90102,-76.9247
16,40.56819,-75.52306999999998
16,35.194957,-80.793532
16,34.063038,-81.04613499999998
16,44.95174,-93.16707
16,29.989413,-90.369209
16,34.039364,-81.09362
16,33.443256,-84.69390899999998
16,32.742528,-96.641917
16,27.678196000000003,-80.888808
16,32.7945,-96.81459
16,37.4608,-77.654411
16,30.46217,-97.81604
16,35.187313,-80.852936
16,32.334147691572504,-90.15083670573162
16,40.924415,-73.808313
16,29.638319,-95.20932
16,34.136612,-117.533943
16,30.44384,-97.74226
16,40.07174000000001,-83.13436
16,38.80544,-77.21318000000002
16,27.952131,-82.510666
16,40.805153,-74.076874
16,38.631855,-121.345978
16,41.177113,-73.172874
16,37.660778,-77.628414
16,34.659633,-118.377253
16,44.760735,-121.228123
16,35.61517596,-82.57329583
16,43.05043,-83.794075
16,42.222538,-71.032257
16,35.064722,-80.835286
16,27.479392,-82.466737
16,33.786678,-84.390862
16,40.715289,-73.82854300000002
16,32.65113,-111.39829
16,30.449718,-89.031136
16,34.150307,-81.34722099999998
16,43.094183,-76.19903599999998
16,35.35274000000001,-119.02429
16,39.121362,-76.988968
16,33.788248,-118.096429
16,33.790543,-118.281929
16,30.06496,-81.498131
16,35.311928,-80.758347
16,33.75095,-84.44467900000002
16,34.033966,-117.303154
16,42.520695,-71.508926
16,33.444326000000004,-84.197315
16,32.782127,-96.811897
16,28.479462,-81.449936
16,41.537134,-72.763051
16,34.1677,-80.9677
16,30.57852,-91.127083
16,39.093527,-121.554667
16,28.393185,-81.417167
16,38.653284,-77.643732
16,41.87466,-88.204559
16,38.24771,-122.270054
16,40.50428,-111.891174
16,39.47592,-104.87261
16,30.202890000000004,-97.80687
16,41.10078,-73.957207
16,40.073626,-75.152188
16,42.971798,-85.737175
16,34.773819,-86.538795
16,37.4504,-77.44122
16,41.109661,-81.24205
16,26.667269,-81.888535
16,29.676028999999996,-95.380898
16,43.118031,-87.918053
16,40.58537000000001,-122.39128999999998
16,25.963083,-80.15353499999998
16,34.969669,-81.998489
16,36.612567,-78.560891
16,33.765076,-84.493866
16,41.624863,-87.692024
16,44.91309,-93.14418
16,36.229771,-95.993492
16,34.654121,-82.165604
16,32.922134,-96.899612
16,32.61869,-96.915245
16,35.151558,-80.95008100000003
16,35.110911,-80.79311
16,32.95122,-96.73415
16,34.867385999999996,-82.46461500000002
16,27.882773,-82.844584
16,42.65229,-123.37989
16,35.010490000000004,-81.64765899999998
16,43.4196,-85.499434
16,44.970783,-93.340942
16,34.06712,-117.488831
16,39.058987,-94.485245
16,34.101249,-80.91427900000002
16,30.215139,-97.66375
16,45.065987,-93.165115
16,37.813195,-121.897031
16,35.116268,-79.46545400000002
16,46.334019,-123.69693
16,30.38019,-91.141563
16,36.156859,-86.76916999999997
16,30.57847000000001,-91.127167
16,39.722286,-84.21204399999998
16,41.103519,-112.006882
16,28.346805,-81.651224
16,39.99088,-76.01309
16,35.260098,-80.89315
16,37.50447800000001,-121.963692
16,39.886425,-75.104355
16,42.714147,-73.81953100000001
16,37.58136,-77.469545
16,34.155514000000004,-118.401009
16,35.383358,-119.061193
16,37.917225,-122.317332
16,34.098082,-118.312307
16,31.56262000000001,-86.29615799999998
16,29.645786,-95.363434
16,47.600483,-114.105844
16,43.02676,-88.083641
16,38.426758,-121.396895
16,33.941074,-84.504333
16,33.933456,-86.193916
16,38.289846,-77.54905600000002
16,38.606232,-121.507774
16,29.946194,-95.422356
16,38.015457,-121.300742
16,34.029221,-118.012451
16,34.072853,-118.268356
16,25.770019,-80.314421
16,29.231213,-82.267974
16,44.975819,-93.287514
16,38.683975,-121.466148
16,34.14997,-80.95338000000002
16,33.589417,-80.35675
16,37.162491,-121.991081
16,35.116119,-80.95989200000002
16,32.358976,-111.047022
16,38.021137,-103.637125
16,34.755398,-92.428061
16,38.013741,-122.194161
16,38.980545,-121.451927
16,42.315108,-88.004925
16,32.553897,-80.721252
16,40.71407675723689,-74.29584860766269
16,38.886858,-77.434596
16,30.22245,-91.999374
16,40.41212,-111.92288
16,33.654629,-111.908119
16,36.155994,-86.82337199999998
16,34.897615,-82.15185
16,35.565601,-97.513748
16,43.013458,-71.479378
16,25.880906,-80.226609
16,37.405501,-121.910022
16,41.846298,-73.55827
16,30.429234,-90.085938
16,37.56253,-77.47022
16,38.840803,-77.374546
16,34.152924,-118.279831
16,30.412073,-81.747314
16,44.970352,-93.351013
16,39.114561,-121.634749
16,37.364319,-121.90184
16,40.10268330554913,-74.7870576378117
16,35.88623,-78.678162
16,34.136563,-117.458503
16,35.83965999999999,-78.676591
16,41.60747,-72.67616
16,42.672489,-73.810692
16,33.96728,-118.371086
16,39.455784,-75.042988
16,41.723468,-72.78805899999998
16,27.748356,-82.68175699999998
16,38.252989,-122.066788
16,42.310461,-87.896002
16,40.646935701176425,-74.58037733996113
16,34.44481500000001,-81.770426
16,28.536881,-81.475726
16,42.283718,-121.467293
16,28.6639,-81.374252
16,40.105315999999995,-75.144028
16,37.77030900000001,-121.173676
16,37.1185,-122.120628
16,38.836119,-77.43219
16,35.28725,-80.73062
16,33.942291,-86.48162099999998
16,41.46917224,-81.69265151
16,29.870659000000003,-95.365089
16,26.374111,-81.806459
16,33.839660882788465,-112.48842358535532
16,33.106194,-117.093476
16,33.741852,-84.391502
16,27.296794,-82.497506
16,34.724663,-86.59605400000002
16,35.050083,-81.98439
16,40.580668,-111.900314
16,37.637905,-121.12216399999998
16,40.278635,-75.260913
16,36.629871,-121.539894
16,33.681126,-84.398689
16,40.59297,-73.90811
16,43.168826,-77.701553
16,37.317935,-121.980482
16,29.71816,-95.313906
16,39.400269,-119.268593
16,33.85398,-117.902118
16,39.103346,-94.572131
16,44.404993,-122.754664
16,43.107132,-75.67996
16,33.810241999999995,-84.27301800000002
16,42.59167100000001,-85.267921
16,28.349731,-81.419776
16,34.686941,-84.46289
16,29.335913,-81.130966
16,42.356449,-71.061981
16,38.41041,-122.71595
16,35.107201,-106.703468
16,33.869919,-118.055221
16,38.851417,-94.820291
16,36.113682,-95.896523
16,47.009869,-122.906456
16,39.30486,-110.964217
16,35.478642,-97.567909
16,34.11593,-118.26887
16,30.46352000000001,-84.29979
16,36.169357,-86.670326
16,38.227406,-121.428347
16,42.730251,-71.203499
16,39.25416112,-76.68597579
16,32.779083,-117.100639
16,37.50273,-77.5174
16,36.628886,-80.27234200000002
16,38.845374,-77.062559
16,29.742395,-95.416678
16,39.94847,-77.10194399999997
16,41.86224,-87.918198
16,37.78699,-122.389859
16,34.154133,-118.467958
16,30.431596999999996,-91.080666
16,34.50714468939539,-82.95957684477348
16,36.254141,-86.68830200000002
16,37.304588,-77.408997
16,34.812519,-82.82643900000002
16,40.892583131595174,-74.67159390413917
16,41.000549,-73.65276300000002
16,40.73971,-74.069276
16,39.7934,-93.553658
16,40.746399,-74.227791
16,41.289722,-72.923126
16,41.713387,-71.472565
16,41.50147,-81.63351
16,34.953647,-79.4466
16,35.165056,-80.79366999999998
16,33.889488,-86.760361
16,33.647953,-117.747406
16,32.877713,-96.68667
16,32.705456,-96.932877
16,35.047551,-85.314306
16,38.151115,-122.448624
16,35.551117,-97.674026
16,36.959949,-120.063049
16,34.04587,-118.21521
16,38.92206072788753,-77.2164738174571
16,25.943921,-80.20533
16,38.10965,-122.23058
16,34.892540000000004,-82.160202
16,32.959019,-80.18328100000002
16,40.04805,-74.999611
16,38.80247712116813,-111.52014613098372
16,37.995407,-84.43943
16,40.038689,-76.509415
16,35.219311,-80.799217
16,38.494021,-121.516085
16,33.652161,-78.98024699999998
16,39.902985,-75.111638
16,35.369762,-118.396301
16,39.966438,-83.02131700000002
16,38.070457,-84.530624
16,41.74981,-72.71993
16,35.287903,-84.81525400000002
16,47.230721,-122.442825
16,39.204761,-120.199463
16,33.687519,-117.885656
16,44.104633,-123.04406000000002
16,38.741667,-77.189307
16,40.753339,-73.946507
16,26.360113,-80.120073
16,33.742832,-84.403595
16,44.05182,-123.20857
16,34.711971000000005,-82.424927
16,29.94051,-90.02253
16,27.801191,-82.646759
16,30.228774,-97.700998
16,30.194811,-97.766869
16,42.667244,-73.73311600000002
16,32.760275,-97.228382
16,35.097138,-120.607376
16,34.098995,-80.957748
16,32.401092999999996,-82.307381
16,34.161034,-118.469543
16,33.955847,-81.22805699999998
16,40.79994,-74.07557
16,41.80098,-85.3502
16,33.825253000000004,-84.489685
16,34.206286999999996,-80.026161
16,26.330959000000004,-81.781374
16,29.983042,-90.114441
16,38.880909,-77.221999
16,46.093708276528865,-123.12366127909124
16,30.36945900000001,-91.078194
16,30.533071999999997,-91.161263
16,37.652127,-77.616023
16,35.381004,-80.754501
16,41.65730300000001,-72.772675
16,37.47902,-120.06532
16,42.265236,-88.243011
16,44.992599,-93.400703
16,33.805954,-84.381935
16,41.115292,-74.108136
16,41.666798,-71.490311
16,45.065414,-93.201782
16,39.620554,-86.212585
16,41.920425,-72.26185600000002
16,25.9267,-80.24469
16,27.937765,-82.21958199999997
16,38.367875,-122.847012
16,35.724361,-78.820862
16,33.737194,-84.230675
16,29.966576,-90.05655300000002
16,34.941326000000004,-81.84066
16,30.632408,-86.116019
16,34.134633,-117.646557
16,43.045608,-83.675511
16,44.886912,-93.328883
16,43.157261,-77.626373
16,44.16688900000001,-93.949066
16,41.259651,-96.015411
16,28.333021,-81.488636
16,41.815113,-71.370491
16,39.38663,-76.73174
16,39.03044000000001,-76.94849
16,33.464977000000005,-82.089455
16,25.9637,-80.16639
16,33.94895,-117.5534
16,33.902453,-118.050935
16,32.78405070289238,-97.26843237830508
16,39.751423,-84.189743
16,40.19877076129819,-77.15881705247327
16,31.988482,-86.52808900000002
16,38.840081,-77.26288100000002
16,39.06966,-94.511429
16,47.50021,-122.274849
16,34.250744,-119.142616
16,37.302371,-79.329162
16,40.017465,-75.674425
16,31.894315999999996,-95.222519
16,40.87426,-73.90547
16,28.468769,-81.458549
16,35.477242,-97.52124
16,40.56329,-111.89898
16,34.067265,-117.801837
16,32.541278999999996,-86.312035
16,33.34972,-111.850395
16,33.8479,-117.81794
16,25.744763,-80.319716
16,26.5428,-81.87133
16,41.80275,-71.40383
16,38.89579000000001,-82.438171
16,35.15274,-80.826874
16,26.41679,-80.08977
16,28.388826,-81.40465999999998
16,36.135101,-86.745277
16,36.179141,-85.957031
16,44.24033,-96.383331
16,39.247871,-84.783066
16,45.0616,-123.572189
16,39.700074,-86.16993199999997
16,41.324402,-95.957062
16,41.101711,-73.992599
16,41.804409,-124.142999
16,28.551495000000006,-81.54384300000002
16,26.018422,-80.16730799999998
16,29.902523,-96.876015
16,37.976452,-122.313736
16,35.623562,-78.481949
16,32.7243,-117.15123
16,36.08894,-96.006554
16,30.19592,-97.76631
16,34.88291144354399,-120.41154026927752
16,35.568905,-121.103958
16,29.66099,-95.558044
16,36.692402,-119.758141
16,36.045572,-86.72268299999998
16,41.75817,-87.62536
16,36.11130900000001,-86.9226
16,35.2614,-78.62208000000003
16,37.553823,-77.693709
16,42.366472,-71.06085
16,32.881409999999995,-79.93477
16,37.863599,-122.209327
16,38.56245160084456,-121.12713217677532
16,43.288086,-72.317017
16,39.518974,-119.782806
16,34.024601000000004,-117.334991
16,34.023421,-81.27279
16,34.287974,-118.40371100000002
16,42.225978999999995,-88.422501
16,32.741318,-96.838008
16,36.92374,-120.128662
16,39.20374,-84.37301
16,35.20343,-85.30839499999998
16,32.470434000000004,-90.134341
16,35.381926,-119.065414
16,41.913719,-87.933578
16,42.39365,-73.824783
16,40.706142,-111.98021
16,35.197887,-80.915092
16,29.677811,-95.412407
16,40.675098,-74.001663
16,38.367199,-120.795876
16,28.534085,-81.31043000000003
16,33.864159,-84.479591
16,25.684604,-80.400559
16,39.928764,-86.26522800000002
16,36.76850200000001,-76.252286
16,41.638355,-72.90055799999998
16,34.104583,-80.829497
16,40.616158,-73.95458199999999
16,39.71468,-86.187004
16,38.887169,-77.21706400000002
16,40.755177,-74.11782099999998
16,25.98476,-80.17528
16,40.716665,-73.826172
16,45.091629,-93.446152
16,30.507357,-86.441103
16,36.104446,-95.830444
16,30.49296,-91.066354
16,32.792442,-96.685028
16,34.130049,-118.767595
16,35.50782,-97.590057
16,30.50845,-91.172012
16,41.76577800000001,-87.62595400000002
16,35.903862,-79.954193
16,30.3316,-97.683169
16,39.979351,-82.983917
16,34.154153,-118.344016
16,39.128054,-76.863151
16,26.708328,-81.728379
16,41.19305,-80.241005
16,32.934290000000004,-80.04735
16,40.078328847694024,-75.2499210830915
16,25.808533,-80.260597
16,38.273991,-77.39994
16,41.684132,-83.60128
16,25.890482,-80.274114
16,34.815159,-82.44136800000003
16,29.978859000000003,-90.155983
16,42.38591,-87.97740999999998
16,35.318531,-80.7789
16,44.954373,-93.271146
16,40.7506,-74.11613
16,43.125179,-83.734131
16,30.149561,-97.831551
16,32.939671999999995,-80.148723
16,39.034355,-94.305626
16,25.8094275,-80.32663465
16,34.347993,-83.314486
16,45.27936816193924,-107.34544873186424
16,40.84005,-73.92905999999998
16,37.506798,-77.46198299999998
16,34.813251,-82.338165
16,41.846458,-70.849861
16,42.79808,-86.07781999999997
16,45.418862,-122.743564
16,32.642488,-96.836983
16,41.14291,-74.17829300000002
16,35.43521900000001,-97.654037
16,40.722719,-111.938808
16,35.244652,-80.860008
16,44.18710827806383,-93.97631049111378
16,37.991231,-122.529724
16,25.8878,-80.32394000000002
16,29.81278,-95.563606
16,30.681804999999997,-88.042511
16,33.979317,-84.454821
16,34.011435999999996,-81.148201
16,25.85515379893372,-80.20936846694845
16,29.747106,-95.37402
16,27.964518,-82.42598000000002
16,35.123037,-90.06755
16,36.820228,-119.78554
16,40.147865,-75.05948599999998
16,30.44261,-91.098511
16,37.51736500000001,-77.35006
16,39.27541,-84.73829
16,40.637032,-75.27552
16,39.085602,-77.172966
16,37.511558,-77.22979699999998
16,35.712921,-78.657394
16,44.428286,-93.536311
16,40.860119,-73.974602
16,38.83684,-76.99266300000002
16,30.111769,-95.437073
16,33.715903000000004,-117.966843
16,42.35968,-87.855736
16,37.552303,-121.917709
16,29.65614,-82.422387
16,34.055563,-118.197539
16,36.158269,-86.625381
16,35.28418,-80.83551800000002
16,30.249446999999996,-97.587547
16,48.847017,-122.575794
16,33.378208,-111.952461
16,44.62357,-93.29804
16,38.983952,-119.942757
16,40.23516,-75.23999
16,41.22685074786555,-95.95919251396198
16,42.12788,-70.94994399999999
16,25.808244,-80.2671
16,38.891953,-77.073516
16,38.11386,-122.5644
16,27.269512,-82.448784
16,40.955341,-73.798865
16,45.229191,-123.870219
16,29.156088,-82.133647
16,40.57849,-79.78523
16,42.95157,-83.692352
16,39.81852,-84.292992
16,25.89933,-80.188858
16,43.060654,-83.762321
16,34.89011,-82.40586
16,29.702114,-95.36167
16,34.071467,-118.122988
16,34.752144,-86.596924
16,30.186441,-97.758858
16,36.837046,-76.156639
16,38.804398,-120.140877
16,37.549206,-77.433693
16,35.565739,-97.513802
16,34.195309,-82.161568
16,34.574213,-85.284389
16,30.074467,-95.411568
16,32.756071,-97.31917
16,29.690259,-95.587682
16,33.917103000000004,-118.104568
16,29.97457,-95.421191
16,35.874736999999996,-84.324394
16,39.072371999999994,-76.634117
16,30.450132,-91.160919
16,36.101601,-86.764809
16,39.807388,-86.166382
16,34.068189000000004,-118.035979
16,29.752459,-95.395886
16,41.658806,-88.124992
16,37.303233,-120.500536
16,26.11477,-80.16908000000002
16,25.96307,-80.162071
16,35.752725,-78.648949
16,43.125401,-83.519081
16,37.988321,-121.244466
16,40.714179,-74.294191
16,39.780361,-84.25370799999997
16,32.248135999999995,-110.973458
16,43.023556,-83.73226899999997
16,35.202477,-80.824852
16,42.331909,-71.069061
16,35.107599,-80.979333
16,28.50828,-81.397018
16,28.12982,-81.471184
16,34.16061,-79.87069
16,40.047899,-75.424139
16,37.315304,-93.584799
16,37.789684,-122.470833
16,30.42448,-91.153277
16,40.57400300000001,-111.89999
16,44.966137,-93.255608
16,33.505112,-86.81039399999996
16,26.119089,-80.348106
16,33.825424,-84.489326
16,39.119519,-77.582498
16,40.734471,-73.922451
16,35.420769,-97.441277
16,42.906784,-83.649857
16,38.964603,-94.776523
16,38.447189,-122.724564
16,37.850998,-122.299454
16,28.832712,-81.321655
16,43.17619000000001,-83.88112
16,33.884665999999996,-98.43132
16,32.329109,-90.119347
16,43.0482,-76.14272
16,27.286392,-82.518288
16,29.533009999999997,-98.389511
16,40.985576,-73.854973
16,42.372976,-87.85556
16,34.133563,-118.354382
16,34.056705,-117.298141
16,40.613511,-112.294734
16,35.74335900000001,-78.870361
16,28.529907,-81.284935
16,30.349833,-97.75547
16,45.341362,-122.768971
16,28.553022,-81.38198100000002
16,28.662039,-81.38846600000002
16,42.488495,-90.739014
16,33.722881,-81.566833
16,35.203416,-80.755535
16,34.792770000000004,-82.42456800000002
16,35.50122,-80.56265
16,38.064728,-122.166893
16,37.41955,-122.09033
16,38.574596,-90.233078
16,44.999039,-93.282684
16,25.924072,-80.15433900000002
16,30.230761,-97.879326
16,36.080662,-86.805397
16,42.297484999999995,-85.003578
16,41.20062947253608,-80.05148291549658
16,37.881916,-122.308259
16,38.957968,-77.192666
16,36.662572,-120.592016
16,41.119134,-73.379972
16,33.84846,-117.25347
16,39.94474,-82.94479
16,29.784777,-95.617798
16,33.91664,-117.43883999999998
16,34.923253,-120.360657
16,41.835937,-71.51841
16,37.62880300000001,-77.545082
16,40.906957,-74.101651
16,42.32692,-71.066971
16,34.976517,-82.227707
16,25.66214,-80.3886
16,37.45039000000001,-77.44121
16,35.075227000000005,-80.912849
16,33.877019,-118.142686
16,29.734240000000003,-95.410652
16,39.94354000000001,-75.19261
16,41.875507,-87.663269
16,35.849052,-78.601585
16,32.633461,-85.369286
16,32.773763,-96.915831
16,38.308086,-104.619793
16,30.395803000000004,-97.732574
16,33.712790999999996,-112.143692
16,29.48815,-98.49173
16,32.811527000000005,-96.850975
16,33.610110999999996,-117.118637
16,42.96325,-85.70786
16,29.949642,-97.795304
16,35.79846,-78.56295
16,43.08187,-75.29448000000002
16,27.395819,-82.398445
16,34.152467,-118.121278
16,41.391968,-72.875961
16,33.623399,-84.458208
16,35.1544,-80.79500999999998
16,34.892672999999995,-82.160774
16,29.112638,-82.218559
16,33.505589,-112.060631
16,40.175557,-75.106641
16,34.169818,-118.467734
16,43.045593,-88.036575
16,35.03363,-80.810013
16,38.91927,-76.932038
16,43.058649,-76.577528
16,29.73286,-95.37476
16,39.309429,-123.795834
16,38.11537,-121.459923
16,30.324303000000004,-81.527512
16,34.031602,-117.978025
16,34.971852,-85.421583
16,34.796448,-82.165337
16,33.7482,-117.84307
16,35.495323,-120.680336
16,38.604778,-90.585648
16,39.81075300000001,-82.713806
16,34.983459,-81.972702
16,40.66748,-73.774612
16,40.250376,-79.955846
16,42.398342,-71.26080300000002
16,29.81369,-95.37013
16,27.756308,-82.699738
16,38.697529,-121.007759
16,36.140663,-86.665421
16,41.47543787936461,-72.11654305423681
16,39.93600900000001,-77.04647299999998
16,43.804037,-70.170463
16,30.50853900000001,-88.3349
16,39.155813,-123.183471
16,36.33659,-86.870064
16,37.421525,-77.638527
16,33.616844,-84.438622
16,33.084145,-117.297981
16,37.3603,-121.84157
16,29.829361,-95.502914
16,30.420151,-91.043694
16,39.89145,-82.98697
16,40.245360999999995,-75.63951899999998
16,33.873721,-118.257686
16,38.211025,-85.671425
16,30.548349,-87.330292
16,30.466590000000004,-91.164728
16,45.52519,-122.66533
16,40.82368,-73.87745
16,38.23994,-121.553902
16,39.972347,-83.01992
16,35.807911,-78.693782
16,35.02898,-81.967049
16,28.640511,-81.356348
16,32.148811,-110.926292
16,34.996479,-81.977905
16,47.12426,-122.434833
16,34.007329,-118.396289
16,28.954004,-82.120644
16,40.463626,-76.517653
16,42.484119,-83.084846
16,35.223156,-80.724915
16,41.508415,-83.75412800000002
16,26.024607,-80.21302
16,34.690332,-92.334126
16,43.597383,-116.313998
16,46.445723,-94.301686
16,34.050288,-118.262802
16,36.13649,-86.78035
16,32.852734000000005,-79.98790699999998
16,38.287056,-77.43745
16,41.556862,-73.779556
16,39.970544,-79.028095
16,44.53558,-94.528099
16,40.58543801288325,-75.5993378158779
16,39.95516180973075,-121.64934754313636
16,30.64748,-91.147614
16,39.214736,-121.08314
16,41.688644,-88.04744699999998
16,30.534079,-87.08717299999998
16,29.586028999999996,-98.451202
16,34.148564,-118.062654
16,34.071484000000005,-118.123001
16,32.84551,-117.19582
16,42.370735,-71.269051
16,35.087658000000005,-80.856275
16,41.027374,-78.297485
16,29.93995,-95.42329
16,45.011631,-93.022827
16,34.377811,-118.493652
16,25.974893,-80.206265
16,27.879357,-82.326678
16,37.52552,-77.43692
16,40.09532,-75.193465
16,33.813602,-118.168243
16,36.764677,-119.844333
16,44.063447713641814,-123.05177807749244
16,33.906975,-84.431496
16,35.507668,-97.476677
16,30.218456,-97.690948
16,33.690899,-117.869003
16,25.714146,-80.42711800000002
16,37.76459098,-121.41146779
16,33.781532,-84.390869
16,47.695076,-117.049049
16,40.138762,-75.125289
16,39.695904,-86.18692
16,39.1197,-84.53553000000002
16,38.01797,-121.89414
16,38.578592,-77.319962
16,34.073772,-117.75221299999998
16,37.668957,-122.109386
16,35.184399,-106.560356
16,41.693192,-86.80690799999998
16,33.467182,-112.268623
16,35.477112,-97.465332
16,38.660851,-90.357643
16,35.527489,-97.574562
16,35.83733,-78.58114599999998
16,34.983738,-81.973099
16,34.083912,-80.939003
16,30.724813,-88.120163
16,39.153935,-77.221919
16,33.59386324866488,-86.80616497952076
16,30.196212529992124,-81.55613779982778
16,38.962484,-76.939387
16,41.306225,-73.96511600000002
16,37.779552,-121.314514
16,34.032062,-118.153565
16,26.675709,-80.055247
16,25.795687,-80.337069
16,25.807442,-80.291205
16,30.449545,-86.638474
16,40.33635,-74.63219000000002
16,29.657881,-95.272308
16,33.462092999999996,-112.049942
16,35.37237000000001,-118.939751
16,38.344569,-122.001482
16,42.2775,-71.17134899999998
16,27.9825,-82.302302
16,40.73021,-74.21136
16,44.6394,-123.06934
16,47.655066999999995,-117.327606
16,37.953718,-122.328476
16,35.757893,-78.612877
16,30.533914000000006,-87.09140699999998
16,33.10655,-117.31277
16,28.50783,-81.41785
16,34.084151,-117.692354
16,33.858968,-80.844121
16,34.239105,-118.473129
16,29.43628,-95.06616
16,33.117813,-97.031487
16,34.262659,-119.246428
16,35.391048,-97.547867
16,38.679828,-121.334125
16,32.874687,-96.683182
16,34.072247,-117.907463
16,38.163122,-77.641857
16,38.89313,-121.29282
16,38.94371,-94.38134
16,41.77888,-71.42545
16,37.849365,-122.028397
16,37.12686,-121.63099
16,38.94100200000001,-104.701103
16,37.543949,-77.389816
16,46.637972,-100.702856
16,33.872787,-118.275406
16,33.52254,-117.1628
16,41.509365,-82.91038499999998
16,33.990376,-117.359207
16,40.753687,-74.10996
16,41.903419,-88.063034
16,35.031490000000005,-80.8396
16,37.408736,-79.892578
16,42.385365,-83.250946
16,39.47887,-104.8724
16,41.871319,-87.91812900000002
16,41.666798,-71.490311
16,35.777691,-78.613998
16,32.82134,-111.69089
16,34.085484,-84.535706
16,39.2775,-76.55454
16,40.21397,-76.79399000000002
16,29.709873,-95.267845
16,41.605804,-72.70324699999998
16,40.894708,-73.79856600000002
16,39.29973,-76.74301
16,30.403999,-91.151184
16,32.551796,-86.177032
16,33.997040000000005,-117.931015
16,34.039093,-118.439758
16,37.095531,-121.976456
16,45.608778,-117.631271
16,38.02853,-120.229198
16,33.852746999999994,-117.79065
16,38.566139,-121.336296
16,37.71857,-121.66273
16,41.36021,-75.19655
16,25.891286,-80.3242
16,41.569027,-87.356064
16,34.481178,-82.64373
16,33.2868,-84.767738
16,34.043037,-118.217239
16,42.874695,-87.937294
16,26.598797,-81.798971
16,41.222725,-95.990639
16,40.263737,-74.510719
16,40.322482,-75.982747
16,35.927143,-78.570763
16,34.14238,-80.75073499999998
16,42.19542860964681,-73.91975998843229
16,34.106678,-117.837646
16,34.030155,-117.131165
16,38.926813,-77.007999
16,44.251751,-121.18443
16,38.74631,-90.33726
16,38.015518,-122.19078799999998
16,33.191608,-87.559578
16,37.25349,-121.9465
16,39.86867,-86.12224
16,28.552164,-81.344658
16,39.097672,-77.53298000000002
16,29.67786,-95.41142
16,38.365116,-121.964531
16,28.535683,-81.530477
16,35.324677,-77.501299
16,39.782856,-86.153374
16,38.251459,-122.040485
16,35.312,-80.820435
16,41.71592,-76.473764
16,45.37073,-122.74762
16,38.93371224384816,-94.75247740700364
16,47.42902,-122.27425
16,28.147234,-81.444839
16,25.62635,-80.41441
16,35.266212,-80.731526
16,45.803705,-119.441664
16,37.89127,-122.15068
16,34.598619,-82.257506
16,34.957045,-120.508471
16,35.137809999999995,-81.515511
16,32.852734000000005,-79.98790699999998
16,32.794537,-96.723038
16,35.613461,-97.549507
16,32.442684,-93.738708
16,33.81015,-81.00748399999998
16,42.582951,-71.29023000000002
16,37.69592,-122.10489
16,40.695653,-74.371517
16,37.99033,-122.06766
16,28.39532,-81.244233
16,38.96157,-77.224141
16,45.37306,-92.891588
16,34.975147,-81.95414
16,29.770025,-95.218346
16,37.364318,-121.901866
16,40.688213,-73.808391
16,41.673721,-87.932358
16,32.662994,-117.062569
16,47.657188,-117.392593
16,40.471453,-118.284792
16,32.852985,-79.98754100000002
16,37.124434,-119.736975
16,40.936841,-78.933164
16,36.327179,-119.395088
16,35.824193,-78.587315
16,43.104073,-83.733986
16,30.267731,-97.734337
16,41.117542,-73.38335500000002
16,34.632496,-82.599602
16,33.732815,-117.989278
16,47.677765,-122.365532
16,41.865379,-88.204628
16,40.68565,-74.097809
16,34.010017,-117.823373
16,38.195381,-85.707649
16,45.439879,-122.743199
16,39.741688,-86.143326
16,34.99823,-82.48921999999997
16,42.58395,-73.67804
16,33.469372,-112.220779
16,32.454494,-88.38906899999998
16,40.27564,-74.7056
16,45.09156,-93.188011
16,34.950975179505576,-85.3102219100699
16,44.811794,-93.291313
16,38.6477,-90.53588
16,43.3324,-112.59344
16,39.91016,-86.288383
16,25.909719,-80.29245
16,38.618687,-90.262596
16,40.817781,-73.80405999999998
16,42.876055,-78.793213
16,35.154111,-83.091359
16,33.476185,-81.96846
16,32.759586,-97.063332
16,36.025211,-86.664749
16,38.829576,-77.19013199999998
16,33.8764,-117.66024
16,25.78128,-80.329178
16,30.631961,-81.601098
16,37.159631,-93.278645
16,40.047092,-85.688489
16,34.024235,-117.550072
16,39.950317,-83.01724200000002
16,38.649673,-121.383036
16,37.695076,-122.114152
16,33.89952,-84.26938
16,35.75193400000001,-78.701759
16,39.595463,-104.8853
16,33.501829,-83.222505
16,45.067535,-93.247719
16,33.93759,-117.40198
16,30.465546000000003,-87.246635
16,41.839531,-71.613258
16,35.083938,-82.62556500000002
16,30.315102000000003,-81.769623
16,25.8394,-80.249678
16,37.878184999999995,-122.307175
16,37.436199,-77.43905600000002
16,38.99846,-77.680116
16,42.182683,-87.955458
16,41.78299000000001,-71.423927
16,34.055456,-118.452016
16,40.84322,-73.927193
16,42.972637,-82.487471
16,34.996157000000004,-120.435417
16,37.511544,-77.696908
16,32.8475,-117.236038
16,42.37075,-87.89621700000002
16,40.143641,-77.195799
16,39.85758,-84.18938
16,32.92831063254867,-80.04390835723855
16,32.365294,-95.296915
16,38.556806,-121.444551
16,39.354675,-84.374422
16,33.459804999999996,-86.946045
16,30.443527000000003,-91.178535
16,34.36128,-118.50558
16,42.809068,-83.724939
16,25.798431,-80.337148
16,41.352841,-76.58960400000002
16,32.25069000000001,-110.875359
16,29.75095,-95.523064
16,34.774677000000004,-82.462868
16,37.775826,-122.404999
16,32.662958,-96.783178
16,36.15139,-86.83377800000002
16,38.88211,-77.02883
16,42.309376,-71.082741
16,45.50221,-118.42226
16,42.351834,-83.216239
16,25.670988,-80.413044
16,32.80408,-97.42548
16,36.101601,-86.764809
16,40.577431,-75.798019
16,30.108122,-97.8088
16,40.558788,-111.853287
16,27.807323,-82.704143
16,41.893494,-87.654884
16,32.734169,-96.674286
16,33.688087,-117.87162
16,40.042177,-76.436833
16,35.208954,-80.822823
16,34.048565999999994,-117.94611299999998
16,38.894761,-77.303688
16,35.048445,-92.793076
16,34.065811,-117.200768
16,26.12789,-80.16954
16,35.842999,-78.680099
16,44.989469,-122.997679
16,37.51413,-77.433533
16,32.33732,-111.02942
16,37.867358,-122.039196
16,28.560017,-81.379769
16,42.991714,-83.68338
16,38.803616,-90.751434
16,25.747475,-80.339425
16,40.454062,-111.913976
16,34.136371999999994,-117.368431
16,40.022789,-75.03613299999998
16,33.876484000000005,-118.100624
16,38.928789,-77.038641
16,29.542444,-98.575546
16,38.62539,-121.517451
16,41.374757,-73.473118
16,30.41272,-91.145681
16,37.96340900000001,-122.293042
16,40.931436,-74.589958
16,33.854225,-117.79065
16,45.55733,-122.56712
16,34.15234,-118.09417
16,33.401282,-117.167982
16,36.665103,-119.785783
16,35.82032,-78.32826999999997
16,39.879823,-75.35133
16,25.869378,-80.20384399999998
16,34.984531,-81.971909
16,44.898990999999995,-93.401375
16,42.6824,-73.784927
16,47.86476500000001,-122.109879
16,32.950035,-117.104851
16,30.149790000000007,-97.69688
16,41.493054628174335,-94.65671181633635
16,39.791431,-84.256958
16,39.85347,-85.411485
16,39.40682,-78.024312
16,38.93063400000001,-76.854729
16,30.332655,-97.740073
16,37.332154,-122.056773
16,42.33628,-83.060367
16,33.765018,-84.493874
16,41.859257,-88.07637
16,34.831409,-82.299263
16,35.335289,-80.82510400000002
16,34.136835999999995,-80.957961
16,45.59554,-118.614243
16,40.075577,-76.323273
16,37.616286,-122.15706000000002
16,43.507829,-124.217754
16,40.712894,-111.822418
16,34.0722,-117.75606
16,33.765706,-117.920227
16,33.09878,-117.30738999999998
16,37.664245,-108.80831200000002
16,39.194774,-78.235505
16,29.722198,-95.376961
16,41.120358,-73.375702
16,39.40905,-76.416155
16,32.148888,-110.986839
16,32.849174,-113.268581
16,45.57185769059385,-122.5514066213486
16,36.832096,-76.294876
16,38.581805,-121.503098
16,41.078899,-78.90145600000002
16,30.07766,-95.54489
16,38.6477,-90.53588
16,35.32095,-80.952477
16,40.73454,-74.12526
16,47.70906,-122.18177
16,38.288826,-85.646011
16,35.155529,-80.89720200000002
16,33.88469,-117.52153
16,38.643562,-121.394272
16,37.560558,-122.041054
16,38.222775,-85.505814
16,32.75993,-97.17262
16,47.711632,-121.309395
16,32.98373,-96.933281
16,41.244308,-111.969933
16,35.06612,-81.981888
16,34.01685,-117.98548999999998
16,38.952937,-76.997224
16,38.661279,-77.439695
16,47.679237,-122.184692
16,40.180122,-75.526772
16,39.307828,-76.759274
16,33.914387,-118.226456
16,29.829769,-95.381676
16,44.399406,-93.220375
16,40.37592100000001,-74.149275
16,27.599242,-80.505899
16,40.158974,-74.420301
16,41.493506,-72.56921700000002
16,34.039265,-117.803865
16,44.861565,-93.298447
16,34.419312,-117.516441
16,32.666771000000004,-97.24073
16,48.043758,-122.181145
16,33.284874,-84.035453
16,45.588401,-122.744561
16,33.421253,-82.06452900000002
16,41.74807,-71.4379
16,32.843575,-79.980186
16,36.160835,-86.79319
16,42.507462,-89.037483
16,45.911897,-119.302343
16,41.025818,-81.502785
16,26.492747068278824,-81.82521700820051
16,33.94244313223866,-83.56305241544932
16,39.25686,-84.442027
16,36.874218,-76.196732
16,29.59371,-98.57742
16,36.417755,-121.322273
16,35.84288,-78.573631
16,41.617915,-83.541342
16,39.478245,-118.808319
16,35.295601,-82.498838
16,43.14194000000001,-78.93368000000002
16,39.9231,-83.012414
16,42.31733,-122.8572
16,28.218821999999996,-82.251488
16,29.745622,-95.557655
16,38.47945,-104.97011
16,42.905371,-72.065288
16,35.659463,-120.470157
16,41.868031,-87.64482
16,40.92548,-75.08916500000002
16,38.74287800000001,-90.385696
16,36.993851,-77.794957
16,35.843105,-78.68045
16,34.690033,-92.40476
16,36.843418,-76.21012900000002
16,36.152444,-95.851154
16,32.275945,-110.919805
16,42.30568,-87.98358
16,33.604099,-81.930283
16,28.53919,-81.2765
16,38.995278000000006,-76.391042
16,41.31031,-74.123077
16,43.54973,-121.60246
16,39.854931,-86.046555
16,33.958462,-81.295601
16,35.151588000000004,-80.84166
16,25.909736,-80.293307
16,33.778044,-84.241287
16,38.164703,-121.148224
16,30.220793,-81.57133499999998
16,34.17098,-118.57095
16,40.60611,-74.04593
16,32.81372,-96.79028
16,39.755459,-75.544617
16,40.782447999999995,-73.556984
16,37.84894108754229,-77.45381712876579
16,35.246155,-80.838563
16,36.753797,-119.844293
16,33.873090000000005,-118.28074
16,39.151272,-120.145821
16,29.574713,-95.10808
16,37.702911,-122.016792
16,35.33675,-80.840919
16,38.714554,-90.447495
16,38.24910300000001,-122.625797
16,27.049913,-82.397522
16,25.926592000000007,-80.29333299999998
16,33.941181,-118.096725
16,33.494960999999996,-112.168907
16,42.89713740328361,-82.50937342604394
16,35.478767,-97.601074
16,36.724432,-119.784968
16,32.20695300000001,-110.922333
16,32.954105,-96.81842
16,37.781792,-122.40455
16,44.978915,-92.959794
16,48.225879,-114.292658
16,43.051037,-83.635826
16,43.97992,-124.10124
16,38.221542,-85.650497
16,38.31456,-85.582474
16,32.92051,-97.31728
16,34.104237,-118.322479
16,34.833866,-78.978615
16,39.968136,-75.19068100000001
16,43.595105,-116.284206
16,39.174209999999995,-120.973831
16,30.359945,-90.986099
16,30.31940103,-81.68140769
16,34.212715,-84.550414
16,39.05223400000001,-76.627051
16,37.41151,-122.07736
16,40.060371,-76.277138
16,30.290751,-81.63000500000003
16,41.193047,-111.979218
16,29.72444,-95.47644
16,36.087637,-95.922154
16,38.250019,-85.619362
16,42.625358,-76.177471
16,45.383439,-123.14086
16,42.942672,-85.67956
16,34.027184000000005,-118.274597
16,44.81880200000001,-93.398346
16,39.75311,-84.15158000000002
16,42.906509,-74.56302600000002
16,33.875896000000004,-118.16858700000002
16,40.667679,-111.952759
16,28.50848,-81.154259
16,35.742149,-78.761824
16,33.870686,-117.744354
16,42.375435,-87.92905999999998
16,28.690703999999997,-81.388649
16,38.913348,-109.325909
16,38.065689,-84.523552
16,40.64434,-74.71304
16,34.04008,-118.01702
16,28.542714,-81.281053
16,42.322811,-71.100594
16,28.049486,-82.780304
16,35.26842100000001,-80.882706
16,37.782956,-122.464427
16,29.520090000000003,-98.491745
16,44.854626,-93.298195
16,43.03014,-86.21822399999998
16,35.56282,-97.64962
16,34.03661,-118.3764
16,33.897915000000005,-80.213844
16,37.76722,-121.334106
16,34.006518,-117.171012
16,40.7726,-73.67385
16,45.849731,-118.654547
16,34.905952,-81.94725
16,33.509417,-112.113805
16,34.071940000000005,-118.08458
16,37.987128495988905,-79.1802799697915
16,33.872712,-118.284802
16,33.090061,-79.931732
16,28.084056,-82.451301
16,42.006451,-71.58448800000002
16,30.480103999999997,-87.234802
16,35.165079,-80.911613
16,40.311337,-76.89924599999998
16,35.317787,-78.573753
16,35.96827800000001,-78.334285
16,44.773632,-93.217202
16,33.842040999999995,-118.290024
16,37.845762,-122.245341
16,35.065018,-80.84581
16,36.021099,-95.850967
16,40.732928,-95.385332
16,29.73213,-95.38419
16,45.512402,-122.687546
16,39.16053,-94.59121
16,37.77702,-121.182472
16,27.9814,-82.453499
16,32.803222999999996,-96.833641
16,44.864872,-93.429535
16,34.18326258643063,-118.31564068737828
16,45.174123,-93.526853
16,42.62134194353761,-73.77781748736486
16,37.668953,-122.10939
16,29.633253000000003,-95.132599
16,40.5279099939321,-74.35608029330083
16,33.108658,-117.312447
16,34.506069000000004,-82.96376
16,39.193663,-74.832379
16,47.358137,-122.614558
16,32.684810999999996,-96.619904
16,26.657108,-81.722778
16,47.46206,-122.251028
16,38.56348,-121.341286
16,33.443895578224925,-84.19695496518993
16,33.961544,-118.36953
16,34.061440000000005,-117.17714
16,39.642102,-84.344053
16,35.016345,-81.759119
16,45.14549,-122.88658999999998
16,42.312149,-87.90460999999998
16,33.961239,-118.281982
16,37.48968,-76.98168000000003
16,40.877029,-90.0821
16,34.521149,-117.973297
16,33.836942,-117.321443
16,37.88263,-122.05207
16,37.915211,-122.065819
16,38.57172,-121.50885
16,35.11568,-89.869559
16,37.645329,-121.01516
16,33.258652000000005,-87.60582
16,33.879898,-117.605419
16,37.512005,-122.349594
16,32.605068,-85.42819200000002
16,42.197812,-87.93113199999998
16,29.126109999999997,-82.051208
16,39.769279,-104.794327
16,30.24503,-93.12582
16,44.462818,-93.203079
16,44.966185,-93.256123
16,40.78435063342674,-73.94199013674763
16,40.158501,-83.091499
16,41.414013,-81.64053299999998
16,37.620701,-122.425949
16,33.989658,-118.291481
16,32.806626,-96.921338
16,36.918847,-119.793809
16,38.550553,-121.474073
16,36.959812,-120.063191
16,38.561069,-121.482918
16,37.74657,-122.2015
16,37.590971,-121.935513
16,25.769404,-80.340056
16,32.939941,-96.746048
16,27.196278000000003,-82.465564
16,39.706601,-122.00333700000002
16,34.135426,-117.98629
16,40.74744000000001,-73.96864000000002
16,48.554547,-109.774838
16,34.780331,-82.275047
16,36.11338,-95.851097
16,25.688682,-80.47697099999998
16,43.226131,-73.583423
16,42.6163,-113.142445
16,34.696609,-82.881805
16,41.277297999999995,-96.234581
16,33.378132,-111.970995
16,34.735039,-86.63031
16,40.438988,-79.995605
16,32.980098999999996,-86.68809499999998
16,34.864293,-118.168842
16,35.841729,-78.67896999999998
16,34.149857,-118.225327
16,30.381090000000004,-87.110641
16,32.780567,-96.772217
16,42.59957100000001,-71.282425
16,34.030965,-118.030988
16,44.37305,-71.27306
16,38.40847134571835,-121.48388743342645
16,30.436759999999996,-91.057419
16,40.28801,-74.78520999999998
16,34.136441999999995,-117.411771
16,41.065278,-73.92338199999998
16,30.22086,-92.007347
16,33.886309999999995,-84.26677
16,26.665507,-81.88810699999998
16,33.497271000000005,-117.14866200000002
16,33.24491,-84.80131
16,38.550308,-121.473824
16,35.703916,-82.56836
16,39.874171999999994,-75.05896
16,42.6719,-88.54355
16,37.929364442644456,-122.05994009913417
16,32.456486,-93.786758
16,34.143421000000004,-81.268578
16,34.028866,-117.128487
16,37.866993,-122.577293
16,34.15443,-118.31416000000002
16,35.023001,-85.296589
16,33.930997999999995,-118.279608
16,32.807949,-96.794838
16,33.46071,-117.66024
16,40.053082,-75.348955
16,40.005333,-75.242622
16,29.43791,-98.46096
16,29.870525,-95.412636
16,37.613529,-77.50145
16,37.192694,-93.27624
16,41.424549,-73.35569
16,35.926008,-78.800917
16,39.638914,-77.76466500000002
16,33.766376,-84.527321
16,39.041389,-94.362129
16,36.039357,-86.785636
16,25.889555,-80.167928
16,34.013189000000004,-118.130478
16,40.476241,-104.991973
16,31.752499,-106.345238
16,27.85779,-97.604584
16,34.16800618155399,-118.4968507284236
16,39.025605,-76.980655
16,38.93989205,-77.38444447
16,25.687265,-80.359222
16,33.78986,-118.15829
16,34.514311551883154,-111.34138226456
16,37.42564,-122.098442
16,34.782639,-82.703812
16,28.540840000000006,-81.449465
16,27.438523999999997,-82.451332
16,32.388157,-86.322884
16,33.87277,-118.273862
16,33.892471,-118.192047
16,28.426086,-81.40479300000001
16,35.807117,-78.812012
16,30.44787,-91.165916
16,29.952749,-95.673714
16,40.075726,-83.135971
16,30.451497999999997,-91.112076
16,38.55794,-121.38579
16,30.591961,-91.204048
16,41.603451,-71.657616
16,30.69482,-91.255791
16,30.42329,-91.07465
16,29.858521000000003,-95.422375
16,39.772938,-86.030167
16,33.859390999999995,-117.258175
16,35.117374,-80.957647
16,34.044521,-81.11747700000002
16,26.9331,-82.263605
16,35.894558,-78.858566
16,44.965678999999994,-93.247261
16,34.025467,-117.334206
16,29.672298,-95.281456
16,27.846133,-82.381675
16,29.854496,-95.333444
16,41.931911,-87.98867
16,35.769264,-78.640785
16,34.719269,-82.217812
16,42.37675,-87.88322
16,33.546265000000005,-84.576561
16,37.952867,-122.327994
16,30.35984,-91.171653
16,42.750861,-73.927392
16,25.854035,-80.32259499999998
16,42.276913,-88.15457099999998
16,33.75338,-78.86770600000001
16,33.649311,-117.750739
16,38.592333,-92.174286
16,46.847137,-96.768234
16,41.20184,-75.794282
16,36.727533,-119.795244
16,34.823738,-82.431488
16,32.359745000000004,-86.21516899999997
16,39.966576,-76.713403
16,30.4711,-91.108856
16,40.433936,-75.429272
16,26.172836,-80.879448
16,33.63752,-112.06542
16,39.598087,-84.51080300000002
16,34.741015000000004,-82.757102
16,28.605940000000004,-81.38604000000002
16,42.42843,-87.87656
16,34.07078146918263,-118.09945464077902
16,34.071661,-117.545031
16,43.033348,-83.676804
16,40.09594,-75.296028
16,35.420746,-97.487602
16,36.218491,-86.837059
16,36.154943,-86.763702
16,34.126408000000005,-117.91603899999998
16,41.580890999999994,-71.50302099999998
16,38.45537,-90.53374
16,42.939587,-85.667296
16,33.13533,-97.044731
16,40.713974,-74.297386
16,41.63694977740461,-91.03957056955797
16,32.8643,-96.783051
16,34.323009000000006,-84.850525
16,28.640347,-81.429568
16,40.76915,-74.024722
16,37.752049,-121.467835
16,37.619347,-77.365845
16,34.99955,-82.419197
16,29.90542,-90.076164
16,33.86087,-118.286201
16,39.770081,-74.73909
16,37.740952,-121.583405
16,35.021961,-80.849159
16,35.122904,-80.912103
16,33.70056,-117.70256
16,33.695358037787926,-85.08815646130996
16,33.8578,-98.530937
16,35.278751,-80.79231999999998
16,39.089439,-77.518745
16,25.990566,-80.165848
16,26.68876290308624,-81.79860949477293
16,42.308155,-87.857794
16,42.505405,-83.757912
16,27.85705,-82.333401
16,42.118958,-72.583771
16,36.768127,-121.754082
16,28.145952,-82.758713
16,32.789535,-117.148921
16,35.03086,-91.962098
16,38.55471,-121.33625
16,34.066483000000005,-117.990845
16,29.724918,-95.476501
16,38.612496,-121.38306
16,42.82732100000001,-71.49429
16,33.555138,-83.47425799999998
16,34.544182,-82.699463
16,32.06225,-81.13646999999997
16,38.023777,-84.49700899999998
16,35.598632097074514,-83.00395131071565
16,30.457127000000003,-97.674332
16,44.17357,-93.94883
16,37.586899,-77.442711
16,25.827129,-80.321671
16,41.288696,-95.956558
16,34.227875,-80.68383
16,33.82152,-118.081302
16,38.872988,-77.042354
16,40.060459,-77.479225
16,40.863186,-73.82629
16,34.054704,-118.186977
16,42.368682,-88.14094399999998
16,39.724339,-121.80777
16,33.964283,-118.120224
16,28.693340000000006,-81.38875999999998
16,26.933867,-80.149239
16,45.50181,-122.67358
16,38.85129000000001,-77.37289
16,34.591487,-118.147532
16,33.738918,-117.076256
16,41.625427,-73.774445
16,34.708321000000005,-82.310692
16,45.070854,-93.307121
16,42.364616,-83.066788
16,42.964409,-83.81133299999998
16,39.77552,-84.366783
16,34.146904,-119.10416399999998
16,33.386951,-111.581551
16,42.69385,-73.71025
16,42.309982,-71.060059
16,28.067419,-82.738762
16,39.044968,-94.391197
16,34.378840999999994,-118.565804
16,36.14674,-86.743752
16,42.18283,-88.05793
16,25.727052,-80.383021
16,42.385929,-87.995483
16,33.81649,-117.513184
16,35.175934000000005,-80.79827900000002
16,34.070910999999995,-117.956055
16,41.735943,-87.624985
16,40.73456,-73.74417
16,42.488924,-96.380419
16,45.510357,-92.993141
16,30.408979,-91.032173
16,39.91525,-75.11635
16,25.898438,-80.25908199999998
16,35.148007,-80.896654
16,28.005404,-82.307179
16,40.250953,-80.190659
16,39.526344,-119.70108799999998
16,37.729664,-122.138891
16,35.81411400000001,-78.605705
16,41.929178,-73.912873
16,37.546774148762005,-77.30311989747379
16,41.727151,-72.77192600000002
16,33.878399,-81.071838
16,39.012343,-94.69356
16,35.823296,-78.82547
16,37.685108,-122.130046
16,33.968231,-118.167885
16,40.667076,-73.995758
16,43.252959,-77.687671
16,34.00367,-118.337387
16,40.80567,-73.92144
16,33.681339,-84.411484
16,30.450640000000003,-91.180931
16,33.385551,-117.252428
16,32.750465000000005,-96.802475
16,39.274840999999995,-84.68364
16,42.963187,-85.707875
16,29.729678999999997,-95.46344
16,33.487728000000004,-112.11055
16,33.45364,-111.890511
16,42.627651,-71.271835
16,40.762917,-74.009659
16,40.69914,-74.2532
16,33.97958,-118.135384
16,25.781258,-80.34243000000002
16,33.868647,-117.758062
16,38.234097,-122.105446
16,38.840819,-76.94225
16,35.841758,-78.610855
16,40.71783,-111.95363
16,42.283859,-71.043953
16,48.23877,-122.240784
16,39.712692,-105.000298
16,32.507690000000004,-86.38308
16,34.21373,-78.02278000000003
16,38.061592,-121.374031
16,42.733212,-73.698502
16,38.379837,-77.454697
16,36.202419,-86.739159
16,33.729851000000004,-85.439934
16,32.691318,-96.86344
16,34.778999,-82.41529799999998
16,40.91424,-111.89121000000002
16,41.22419,-95.97816
16,33.989433,-80.947822
16,27.529881,-82.507935
16,34.141884999999995,-118.37396499999998
16,35.105277299713585,-112.42784857696329
16,35.526298284361246,-120.70426583232543
16,36.039547,-86.78235600000002
16,47.862008,-114.033765
16,40.57639,-74.57126
16,38.001534,-121.352783
16,33.902225,-118.370544
16,39.814243,-84.861435
16,43.248612,-85.81051
16,35.80575,-78.71786
16,42.273209,-87.95129399999998
16,35.207749,-80.75783
16,33.825382,-117.876301
16,35.149002,-80.89641800000003
16,38.630356,-90.342567
16,34.017509999999994,-117.47097
16,25.68608900000001,-80.395911
16,40.581128,-122.33872
16,40.35211500000001,-75.95607
16,40.067425,-76.315605
16,33.476040000000005,-117.13888
16,33.687612,-117.878746
16,39.571087,-76.13761099999998
16,42.376774,-87.88324
16,35.149351,-80.83364399999998
16,40.09903,-83.15899999999998
16,39.243443,-119.588722
16,31.226721,-85.408997
16,27.155939,-80.388153
16,30.167313,-81.55585500000002
16,32.545853,-93.632534
16,45.03607,-92.82069
16,33.799671999999994,-84.39115600000002
16,40.710853,-73.981536
16,32.749769,-117.155487
16,33.448433,-111.969101
16,37.421959,-122.103345
16,37.380498,-77.41195
16,27.960518,-82.729927
16,37.90665,-122.062935
16,40.79694628696061,-73.4105265137033
16,28.605989,-81.386375
16,44.86195,-93.308762
16,29.774269,-95.31517
16,40.85951686,-73.87229562
16,32.9255211351732,-96.39649987174796
16,28.493498,-81.508604
16,35.106312,-106.629547
16,40.150608,-82.997566
16,34.00436997397421,-117.40396857205673
16,30.39908,-97.673279
16,39.75898400000001,-84.17750500000002
16,37.601134,-77.62173299999998
16,30.063656,-81.872302
16,37.850994,-122.299484
16,39.692287,-84.220177
16,42.3158,-71.232178
16,40.869156,-74.07083100000001
16,34.08117,-114.78415
16,32.719827,-117.146219
16,33.462151,-112.065254
16,41.750063,-72.715063
16,48.243149,-114.27624099999998
16,33.194796999999994,-117.250128
16,26.50967,-81.94371
16,34.117228999999995,-83.763763
16,43.01466,-83.51753199999997
16,28.017925,-82.236455
16,32.665718,-97.293716
16,33.294273,-117.221949
16,39.895508,-83.85368299999998
16,30.386746,-91.094178
16,36.865141,-76.30149300000002
16,40.84507,-73.91626
16,36.161011,-86.777191
16,40.931938,-73.879143
16,33.949703,-118.170532
16,37.68672,-121.05769
16,25.926317,-80.246849
16,25.927999,-80.309641
16,40.69129,-74.26723
16,33.912239,-84.207817
16,47.04112887360076,-123.0683863157126
16,36.122358,-86.845206
16,38.848927,-77.41996800000003
16,33.858421,-118.096298
16,35.250134,-118.914403
16,39.957007,-75.15544200000002
16,30.533996999999996,-87.087601
16,25.76972300000001,-80.33341300000002
16,29.740953,-95.458351
16,45.540877,-94.254732
16,35.092194,-80.933662
16,29.958073,-90.078811
16,40.043411,-78.52668
16,25.790081,-80.203621
16,33.460969,-112.37942
16,38.876098,-94.526176
16,38.849013,-76.965663
16,40.32889,-75.332504
16,35.848411,-78.580247
16,25.821168,-80.369741
16,33.987599,-118.365295
16,34.136721,-117.550008
16,25.919294,-80.155266
16,47.54469,-122.37644
16,41.513805,-88.004646
16,47.98542,-122.13538
16,34.238937,-81.46032
16,39.53817100000001,-110.446277
16,42.981213,-83.69294000000002
16,34.089151,-117.301958
16,38.963762,-76.935896
16,38.865805,-77.06702
16,37.334423,-122.069115
16,33.02994,-80.16760500000002
16,38.64310800000001,-90.189514
16,34.018809999999995,-118.19951
16,41.772568,-88.045937
16,29.77645,-95.39705
16,38.909747,-76.98371
16,30.421222,-87.327838
16,37.980553,-84.543304
16,34.033615000000005,-118.220016
16,33.74702811,-118.29177976
16,40.683752,-76.827876
16,33.639010999999996,-112.169098
16,38.188786,-85.50898000000002
16,34.755035,-86.569221
16,30.137439966058068,-95.29692292168
16,42.941948,-85.677788
16,33.876457,-118.188338
16,32.915142,-117.143837
16,34.0204,-118.157291
16,44.952202,-93.069771
16,29.673767,-95.587209
16,35.485199,-97.61898
16,34.850194,-114.622835
16,34.622997,-79.052132
16,33.354057,-86.779701
16,40.48517800000001,-78.72499
16,37.182472,-93.315155
16,29.86344,-95.458817
16,40.0816,-76.32766
16,44.969486,-93.304506
16,30.184466,-81.739308
16,34.072151,-117.893978
16,40.708412,-73.957909
16,39.073509,-76.95578
16,28.565422,-81.175217
16,33.871843,-98.549674
16,42.183248,-87.926726
16,34.064201000000004,-117.805008
16,38.516293,-121.522133
16,41.737751,-72.662849
16,34.068153,-117.98082
16,27.857023,-82.329216
16,38.592718,-90.501292
16,26.062849,-80.164162
16,36.072151,-83.381989
16,33.991474,-118.278297
16,34.05484000000001,-81.199921
16,41.804562,-71.51094499999998
16,34.072021,-80.915421
16,31.736086,-83.651833
16,28.450256,-81.46566899999998
16,33.041088,-80.097298
16,32.456306,-93.84465
16,36.051804,-86.670387
16,37.57258773,-121.8884933
16,39.78928,-84.184525
16,32.644934,-96.850835
16,36.739106,-118.964075
16,25.770481,-80.305925
16,33.938702,-80.95172099999998
16,43.01045,-89.82003900000002
16,40.51230200000001,-80.13549
16,32.454975,-88.387917
16,41.850139,-87.91881
16,35.270939,-80.794128
16,33.7139,-84.23567
16,39.104422,-84.504633
16,45.07444,-93.32008
16,32.88224101,-79.93561149
16,45.50632595994231,-122.68182635248812
16,39.198616,-78.24896
16,32.94062,-80.050674
16,44.964645,-93.28351
16,34.012156,-118.059499
16,40.026104,-74.820442
16,33.564637899238754,-86.72977566677699
16,28.565379,-81.207373
16,25.990566,-80.165848
16,35.34666400000001,-80.841476
16,38.543032,-90.46062
16,32.720531,-96.534584
16,41.59248,-93.690399
16,26.13521,-80.137672
16,32.206882,-110.956192
16,33.97278,-117.33217
16,42.97228,-85.91434
16,39.934748,-75.588314
16,45.041245,-93.061409
16,33.974111,-118.224101
16,34.18626,-80.21149399999999
16,29.044575,-81.007042
16,38.573787,-77.315841
16,34.700485,-82.271996
16,40.807133,-73.906219
16,39.00631,-84.16082800000002
16,37.39187121373467,-77.5054442878842
16,34.629951,-82.600822
16,34.078651,-118.288116
16,40.20407080631159,-75.1396071907275
16,46.93628,-94.96493
16,28.939833,-80.945299
16,30.441359999999996,-97.666115
16,42.36544,-83.1334
16,37.209724,-121.723335
16,44.861732,-93.274753
16,29.694855,-95.265045
16,25.766393,-80.320198
16,35.460133,-97.575142
16,38.525002,-121.953079
16,41.324728,-73.701274
16,34.640297,-83.13458299999998
16,43.00214,-83.749329
16,38.56012,-121.473686
16,39.992006,-74.20933000000002
16,36.99895977956295,-121.55628561915609
16,40.827083,-73.831863
16,33.92791,-118.25427
16,41.88382,-70.92469799999998
16,44.949959,-93.100616
16,41.942816,-71.475679
16,35.259136,-109.277908
16,33.894165,-86.854966
16,25.875784,-80.323471
16,26.556978000000004,-81.910439
16,41.508816,-73.68158000000003
16,40.051434,-77.959808
16,32.924426000000004,-96.780664
16,35.880712,-86.471731
16,29.153755,-82.080605
16,30.42396500000001,-91.074987
16,38.801232,-90.647869
16,42.252078999999995,-71.093498
16,43.61522100000001,-116.294138
16,34.086846,-117.685669
16,29.704896,-95.476208
16,41.40253,-73.464225
16,40.29636025409557,-75.13332009279662
16,36.092892,-86.87673199999998
16,33.85987401,-117.71647811
16,44.970959,-93.460556
16,33.505657,-112.040943
16,30.462299,-91.035187
16,33.980836,-117.155682
16,32.802605,-79.94524399999997
16,25.929231,-80.34935300000002
16,30.389507,-97.744904
16,32.65395,-96.087807
16,44.778089,-93.367553
16,30.392958,-97.935481
16,25.994582,-80.25223100000002
16,30.20586,-97.806389
16,38.858082,-104.896027
16,39.36921,-84.36612
16,41.37544512728989,-71.95865750278492
16,39.65595,-104.848473
16,37.33423,-122.03636000000002
16,30.381994,-97.686348
16,44.876521,-93.030198
16,29.87088,-95.429741
16,25.931677,-80.27703199999998
16,37.650467,-77.607033
16,45.022202,-93.19001
16,36.789572,-119.786019
16,36.191513,-86.777618
16,41.36527,-81.51599
16,34.031649,-118.129362
16,25.630294,-80.41471800000002
16,34.033039,-118.130028
16,34.113731,-80.891098
16,34.790344,-82.180031
16,40.250919,-74.08149
16,35.208897,-118.861272
16,40.666992,-73.799049
16,37.012051,-76.39444
16,41.19067,-96.196663
16,41.51410300000001,-73.787621
16,36.07336,-80.39003000000002
16,30.244397999999997,-93.129173
16,40.625609999999995,-75.48561099999998
16,40.141422,-75.117142
16,37.3514,-121.91473
16,34.086375,-83.846122
16,37.808498,-122.366852
16,39.221184,-77.68409
16,38.06975,-122.53879
16,36.291939,-86.883774
16,33.81422,-118.17906
16,34.807559999999995,-82.428917
16,32.905396,-117.22451
16,28.535351,-81.41405300000002
16,26.164843,-80.227007
16,33.987576000000004,-118.362671
16,26.677444,-80.103806
16,30.575422,-91.15474
16,41.162079,-112.023224
16,38.670448,-77.252945
16,33.290139,-84.00066899999999
16,34.135220000000004,-117.961723
16,41.32365,-72.380652
16,33.999649,-84.561676
16,38.935139,-94.704758
16,42.35689,-83.07951
16,33.644729999999996,-112.357964
16,33.667699,-84.415887
16,29.694896999999997,-95.319473
16,36.888451,-81.371155
16,37.953785,-122.328735
16,44.766006,-92.858261
16,45.238991,-93.654465
16,41.05696500000001,-75.316424
16,36.02783200000001,-95.886589
16,37.304727,-76.684462
16,41.777119,-96.221161
16,40.700965999999994,-89.59365799999998
16,38.544674,-121.473991
16,34.716728,-86.956329
16,29.674629,-95.577278
16,40.81245,-73.931076
16,30.44779,-91.179955
16,34.005409,-81.349548
16,30.43001,-91.05687
16,34.26879,-118.955816
16,33.110209999999995,-80.259064
16,41.917632,-74.04432299999998
16,38.591481,-121.382926
16,40.085361,-111.683441
16,39.899204,-75.175499
16,38.747625,-120.6214
16,27.447751,-82.573305
16,40.066622,-74.161673
16,39.77561,-104.86548
16,40.804325,-73.280594
16,29.84042,-95.33345
16,39.03885,-94.34113
16,36.735924,-77.901871
16,35.068501,-85.289405
16,40.139924,-75.309956
16,30.34002000000001,-83.09628000000002
16,35.130164,-80.85391899999998
16,38.341403,-81.667249
16,35.767902,-78.574097
17,36.07192,-86.63622
17,32.32674,-86.28242
17,25.926016,-80.156913
17,34.166076000000004,-118.618193
17,34.066719,-117.234942
17,41.649544,-72.672073
17,41.81928,-71.38756
17,40.64397454242399,-124.2083036893644
17,42.942001,-85.677399
17,44.57129000000001,-88.04835899999998
17,37.317062,-121.974922
17,44.221931,-93.276304
17,39.766937,-86.144226
17,38.87835,-121.1218
17,42.884735,-85.724152
17,28.671284000000004,-81.46825600000003
17,42.388314,-83.47253
17,35.068359,-85.19613000000003
17,34.06673,-117.23857
17,33.877041,-118.142685
17,30.211498,-92.011337
17,33.881091999999995,-81.042419
17,33.700404999999996,-117.94622
17,34.47109580023541,-93.09184670403914
17,35.500217,-119.535057
17,37.690117,-122.135658
17,33.69151711447863,-117.33813643399556
17,38.69603,-121.244347
17,32.651534999999996,-117.104507
17,34.06473,-117.99986
17,38.755909,-104.764609
17,35.144312,-80.92813199999998
17,34.321232,-78.394605
17,43.31431746462195,-123.34765791834188
17,35.793594,-78.68454
17,47.628208,-117.368614
17,35.350356,-119.035608
17,37.61425,-77.490494
17,45.06935,-93.401
17,30.314753000000003,-81.77016400000002
17,35.038055,-107.365891
17,33.495422,-82.617363
17,37.449173,-76.86438299999998
17,25.807451,-80.2922
17,25.810261,-80.33999399999998
17,41.233222999999995,-95.877937
17,43.126629,-77.65750899999998
17,32.898563,-96.769188
17,34.210869,-80.71779599999998
17,30.421062,-91.152944
17,41.666036,-74.720333
17,32.203232,-111.021125
17,33.81265,-118.16388
17,37.869522,-122.304764
17,29.232861,-82.150589
17,28.195190000000004,-82.7398
17,33.96761,-118.08327
17,29.731519,-95.502037
17,33.999161,-118.334793
17,40.143425,-75.120529
17,34.825696,-82.609898
17,26.200453,-80.13255
17,47.799381,-122.314163
17,30.36112,-97.698143
17,36.07527,-80.113839
17,35.460201,-97.600975
17,35.803047,-78.419304
17,38.465544,-77.408119
17,38.697632,-77.225825
17,32.76755,-96.87303
17,44.128788,-122.380832
17,28.552238,-81.376856
17,36.172699,-86.799873
17,33.552727000000004,-112.065224
17,37.932475,-122.403327
17,41.34422421435669,-74.92305636370219
17,40.087227,-75.164711
17,34.426308,-119.724129
17,30.264272,-81.528126
17,32.271572,-81.22665400000002
17,38.912876,-94.771248
17,37.089843,-81.127409
17,37.750683,-122.403397
17,34.065961,-117.481483
17,34.577717,-87.079094
17,32.653890000000004,-96.75623
17,34.589915999999995,-86.56298100000002
17,33.760464,-84.493477
17,42.060001,-71.065857
17,32.894534,-96.711828
17,30.482759,-91.092868
17,40.007506,-79.07540999999998
17,39.831089,-75.089073
17,33.902493,-118.045528
17,37.681698,-77.520645
17,33.934095,-117.407842
17,39.05952,-84.42492
17,41.697102,-71.484749
17,41.25865200000001,-95.937195
17,47.55118,-122.27768
17,35.092643,-106.497796
17,35.52832,-97.52476
17,35.15432,-80.970085
17,38.85521,-76.96995
17,41.99111,-87.75125
17,35.200322,-111.755546
17,28.634718,-81.541946
17,33.973099,-84.53109
17,34.025078,-118.372154
17,40.266384,-82.927559
17,41.624748,-87.692017
17,38.952882,-94.529719
17,32.67617,-97.023361
17,43.008678,-83.68375400000002
17,43.060654,-83.762321
17,34.061696999999995,-117.183584
17,33.365734,-79.25344100000002
17,38.352528,-81.625311
17,30.419891,-91.141016
17,38.94468,-94.37161
17,37.63077,-77.57764
17,36.88126,-76.21146
17,39.167751,-123.211311
17,33.876163,-118.124878
17,34.791794,-82.493156
17,42.20651,-121.739013
17,33.927319,-118.257096
17,44.889603,-93.350197
17,43.080463,-89.310692
17,43.125995,-123.36411
17,47.092121,-122.625481
17,39.783821,-84.2164
17,41.094499,-73.802729
17,29.784704,-95.609978
17,44.969177,-93.287827
17,43.67927,-92.96212
17,25.75544,-80.20135400000002
17,34.73452,-92.26562
17,33.928146000000005,-118.239166
17,30.449598,-86.63967099999998
17,33.892721,-84.537864
17,43.03318400000001,-83.677391
17,33.499771,-82.08560200000002
17,36.11935,-111.22925
17,31.32371,-89.360561
17,26.130734681958533,-80.21790862045181
17,33.76978,-84.390067
17,32.237879,-80.860392
17,25.747537,-80.337062
17,43.12207,-75.230763
17,37.35598,-121.86834
17,27.863621,-82.326522
17,40.718748,-74.236174
17,42.893767,-78.893194
17,32.83752,-83.64864
17,36.143134,-95.976469
17,45.066319,-93.166199
17,33.994228,-117.888541
17,38.545251,-76.589186
17,25.942657,-80.204219
17,40.804398,-73.918015
17,36.16874,-86.766253
17,36.07192,-86.63622
17,37.34826922398878,-77.40549445115374
17,41.264549,-96.091019
17,35.20248,-80.72904799999998
17,38.89748,-104.81825
17,39.678067,-77.734288
17,26.541111,-81.916327
17,35.343071,-119.023369
17,26.88932776,-80.13177752
17,33.652657,-112.220367
17,32.909601,-96.889004
17,34.85825657827922,-82.33595251997785
17,32.28083400000001,-110.83696
17,33.853223,-117.811504
17,41.248787,-76.92031999999998
17,32.206933,-110.910842
17,41.75214,-87.95443
17,39.935994,-75.050556
17,35.41162100000001,-97.601158
17,34.791656,-87.054955
17,35.91645,-78.86296999999998
17,37.7935,-122.26399
17,27.267015,-82.546772
17,36.10056996328305,-81.8556225295932
17,35.605,-97.567177
17,33.14905,-117.33447
17,40.871747731967595,-73.9999902244854
17,45.73649,-120.64379
17,35.321396,-80.734062
17,36.277264,-86.800247
17,41.75016,-88.052193
17,43.61953,-116.351918
17,36.14581,-115.10135
17,36.15258,-86.773491
17,40.6402623651474,-77.83095717393002
17,39.588756,-77.645298
17,34.09369,-118.25607
17,29.78408,-95.55943
17,38.931564,-77.210945
17,42.87100196,-78.79000783
17,32.749071,-117.20508
17,33.478561,-82.027023
17,36.78709,-76.22845500000003
17,42.04145,-87.86950999999998
17,34.661751,-86.78698
17,42.328819,-71.06012
17,34.033115,-118.418103
17,33.579366,-86.710553
17,33.130623,-117.092827
17,43.043129,-89.369606
17,26.460565999999996,-80.09365799999998
17,28.54616,-81.382116
17,42.0546,-87.83816
17,38.019176,-84.513847
17,37.13822,-93.305992
17,40.142853,-76.045288
17,36.089012,-96.029564
17,33.51957,-117.16081
17,39.867908,-86.14609499999996
17,32.112576000000004,-81.237976
17,25.685034,-80.428354
17,39.00040900000001,-94.356927
17,30.218456,-97.690948
17,40.234247,-76.917486
17,34.073746,-80.99947399999998
17,34.031665999999994,-118.426659
17,38.229722,-122.116944
17,36.843616,-76.133844
17,35.807533,-78.723496
17,39.759201,-105.001305
17,34.247377,-84.30461600000002
17,33.61789,-117.71116
17,25.786728,-80.212209
17,38.524874,-121.474085
17,40.85567,-73.872348
17,29.6078,-98.462315
17,42.34016,-71.068573
17,41.122223,-73.331772
17,32.863789000000004,-117.111015
17,34.861062,-118.171653
17,34.061852,-118.247986
17,32.487010999999995,-85.63630699999999
17,33.389266,-80.726301
17,40.358419,-111.782413
17,36.83849931,-76.15944743
17,42.12413,-70.903442
17,33.99556,-86.43895699999999
17,34.933009999999996,-82.32871999999998
17,40.530263,-81.918904
17,36.067585,-79.497787
17,42.224445,-83.66551199999998
17,45.304798,-92.96077
17,40.812271,-73.125114
17,37.05031,-121.590732
17,37.499748,-122.467392
17,39.69377100000001,-86.082535
17,38.579581,-77.324007
17,41.828777,-88.105316
17,37.235956,-80.23497900000002
17,38.513077,-90.371429
17,42.63707041720087,-73.75670313799974
17,32.955760999999995,-96.354466
17,33.174229,-87.475052
17,33.978617,-118.127727
17,35.212922,-80.892477
17,34.50581,-82.96416500000002
17,36.16481,-86.818733
17,34.033148,-118.028128
17,28.265554,-81.333241
17,26.194038,-80.209023
17,35.798757,-78.56670600000002
17,42.275269,-83.676201
17,33.729955,-117.98523
17,29.442053,-98.478607
17,35.21895,-80.65101
17,35.213821,-80.755753
17,44.98461,-93.34901
17,30.38529,-97.696312
17,25.941223,-80.205048
17,34.131386,-117.380096
17,35.637341,-78.56485699999998
17,40.629313,-74.301947
17,39.732396,-84.196119
17,40.417318,-75.522635
17,42.624737,-83.051285
17,43.044321,-89.331239
17,33.524597,-80.42873399999998
17,42.571533,-71.277237
17,40.774322999999995,-89.753136
17,33.960141,-118.231589
17,37.813098,-122.36171000000002
17,35.374896,-118.967569
17,38.294159,-77.480613
17,33.824273,-118.206679
17,35.771023,-78.721733
17,33.60331,-86.648354
17,25.926042,-80.149909
17,36.21669,-86.692665
17,45.13118400000001,-121.600687
17,35.58342000000001,-97.549278
17,42.261892,-84.67823100000003
17,33.98844838126189,-118.39951872769164
17,42.819126,-73.76715899999998
17,33.754925,-84.494789
17,35.843656,-78.682802
17,29.46405,-98.62101
17,38.848675489240414,-77.41907715760506
17,29.787149,-95.562607
17,41.350101,-95.982353
17,47.068005,-122.714127
17,47.508286,-121.883736
17,35.809877,-78.69364200000003
17,43.154129,-77.579155
17,37.966309,-122.322306
17,37.53395,-77.429366
17,38.725109,-121.364594
17,40.837132,-111.934349
17,43.00054192522526,-83.70115399320744
17,27.462465,-82.57288100000002
17,42.0546,-87.83815799999998
17,33.306187,-111.843987
17,30.455077000000006,-91.081316
17,28.609615,-81.42702299999998
17,39.588064,-77.644063
17,35.763609,-78.55705
17,34.036910999999996,-81.090591
17,30.451376,-91.154796
17,36.50686500000001,-119.548102
17,25.9345901011184,-80.21516203842059
17,38.81562,-94.50693
17,25.835288,-80.313907
17,42.245944,-88.12648399999998
17,41.286602,-73.752235
17,45.196438,-93.025642
17,40.25182,-76.87281
17,33.397357,-81.748977
17,25.747537,-80.337062
17,25.781242,-80.336578
17,41.734794,-87.721471
17,42.669529,-73.74906899999998
17,33.46638321860568,-117.1298038953918
17,35.611862,-82.319466
17,33.509985,-86.82017900000002
17,35.14334321005277,-81.50313734969376
17,28.512195,-81.396908
17,40.217247,-76.787697
17,39.24158900000001,-74.670753
17,36.204281,-86.761353
17,38.222775,-85.505814
17,39.723221,-84.134033
17,42.97851,-78.78341
17,35.811352,-78.565781
17,34.035394000000004,-118.268618
17,34.970306,-81.99894
17,39.787997999999995,-86.200882
17,34.024355,-117.559986
17,42.390159999999995,-71.029556
17,42.15163350085185,-83.68368744810255
17,30.46633,-91.105469
17,33.648402000000004,-117.577522
17,35.27375,-80.96961999999998
17,38.555218,-121.402176
17,37.89092,-122.516719
17,32.750816,-117.10898600000002
17,41.56129,-73.05748299999998
17,38.673035,-90.204185
17,45.412523,-94.05976
17,32.779293,-117.112473
17,40.83155,-73.95071999999998
17,38.029907,-84.528915
17,38.24541,-122.0796
17,38.553612,-121.474251
17,37.537453,-77.562332
17,41.074249,-76.965515
17,32.845891713939444,-117.23599791470892
17,30.163921,-97.830299
17,35.17902,-80.883392
17,47.65049000000001,-117.44034
17,47.530054,-95.205272
17,39.878864,-121.673894
17,36.118922999999995,-95.86866
17,35.151192,-80.840057
17,40.201614,-74.758934
17,27.461871,-82.664658
17,43.0182,-85.75714
17,29.55159,-98.512611
17,25.883619,-80.323803
17,35.377117,-118.970592
17,32.967541,-80.20134
17,41.789243,-107.199221
17,33.677566999999996,-84.499359
17,42.711967,-71.13717700000002
17,32.9261,-96.83029
17,36.752937,-119.827103
17,33.354057,-86.779701
17,36.031826,-95.886337
17,38.4930574892116,-77.93434023819955
17,28.148927,-82.407883
17,37.576332,-122.400978
17,34.022186,-117.337189
17,37.722115,-121.538467
17,39.395794,-76.687912
17,43.668229,-88.655264
17,34.502014,-118.118782
17,34.24232,-118.41962
17,35.3811,-118.972941
17,30.290939,-81.631157
17,30.38723,-91.093773
17,33.461323,-112.392738
17,35.13769984228545,-119.08455491009197
17,27.91421,-82.348391
17,40.84479689578607,-73.90551209414527
17,45.904032,-92.966935
17,38.767433,-90.203232
17,33.941788,-118.370134
17,28.135837,-80.671594
17,41.314816,-72.90969799999998
17,47.19091,-122.28287
17,30.167145,-97.786842
17,32.63936,-97.32159
17,39.4207,-76.64480999999998
17,38.656452,-77.279663
17,33.033925,-80.193212
17,34.67535,-80.32238000000002
17,34.310842,-118.486395
17,42.384879999999995,-83.149467
17,34.0637,-117.814925
17,32.235603000000005,-111.004158
17,35.162521000000005,-80.969818
17,35.105148,-106.60405
17,29.78543,-95.73804
17,35.068157,-120.513032
17,42.45805,-123.32072
17,33.67696,-117.84341
17,38.761235475355335,-120.57118534984316
17,26.010397,-80.212997
17,33.901737,-117.560051
17,34.798573,-82.372467
17,35.194866,-106.63694
17,37.597841,-121.946908
17,35.037289,-85.26230699999998
17,37.33948400000001,-77.99503299999998
17,33.8769,-118.18724
17,41.296631,-76.692459
17,40.698277,-73.518547
17,33.962159,-118.282702
17,30.691509000000003,-88.088173
17,42.345661,-71.072746
17,34.003772999999995,-118.281029
17,37.700768,-121.846542
17,36.845508,-76.25623399999998
17,37.985958,-122.040894
17,33.466815999999994,-111.888493
17,39.367423,-77.19626600000002
17,38.668324,-121.363193
17,33.880082,-83.84816500000002
17,28.230118,-80.718513
17,33.885040999999994,-112.147423
17,33.832043,-118.256374
17,37.701714,-121.888268
17,32.826015000000005,-96.624748
17,25.76088,-80.41691
17,34.873959,-82.22065
17,39.20498013,-84.37217832
17,39.492794,-119.784584
17,37.638046,-122.404915
17,34.751348,-86.635868
17,41.827724,-88.02813
17,45.63388,-121.21182
17,35.391028999999996,-97.477173
17,33.955758,-118.280587
17,32.357269,-86.216713
17,36.188863,-86.792777
17,33.67326,-117.887657
17,43.586081,-70.391049
17,35.792138,-78.581695
17,38.894791,-77.009499
17,34.857498,-82.281487
17,35.258339,-80.794792
17,36.04937,-86.651764
17,30.252466,-92.269554
17,36.64329,-120.612309
17,41.91402,-83.399687
17,34.067322999999995,-117.554317
17,32.664244000000004,-96.780436
17,30.312966999999997,-81.524162
17,36.835983,-76.065842
17,38.62968,-90.33392
17,36.0425,-86.712936
17,33.884083000000004,-117.637878
17,37.842747,-122.225571
17,33.797826,-118.291769
17,37.069702,-77.340549
17,40.829053,-73.87252099999998
17,39.797517,-75.547452
17,40.92856,-73.87881999999998
17,35.798757,-78.56670600000002
17,35.825378,-78.621483
17,35.19552,-80.88391
17,40.556678999999995,-112.297241
17,33.378529,-111.893234
17,28.066791,-82.505336
17,40.610614,-74.100828
17,29.703325,-95.276909
17,38.77064,-90.24231
17,40.201972999999995,-75.303101
17,41.248421,-96.215477
17,35.196739,-80.79129
17,37.58525,-121.87261
17,37.242259999999995,-77.391541
17,30.517804,-85.92543
17,41.871464,-87.83530400000002
17,35.325118,-80.730245
17,38.62877,-121.40553
17,35.77883900000001,-78.71985600000002
17,35.094765,-81.02993000000002
17,38.413667,-82.347833
17,33.677097,-117.88183
17,40.88168263,-74.12639737
17,28.81145,-81.32276999999998
17,31.665460999999997,-106.299927
17,28.606104,-81.386398
17,41.629391,-93.70742
17,35.333098,-80.790737
17,34.07978,-118.22052
17,41.11913300000001,-73.483124
17,34.052261,-117.30098
17,38.555443,-121.40226
17,33.111249,-117.096456
17,28.6639,-81.374252
17,44.874519,-93.064636
17,36.133465,-95.868469
17,41.047165,-73.80351999999998
17,33.954726,-117.305097
17,36.843628,-76.13480600000003
17,38.559506,-121.454376
17,33.376542,-117.227773
17,36.951775,-120.05365
17,30.432039000000003,-91.080879
17,34.829613,-82.30229200000002
17,38.532217,-121.464697
17,40.13855,-79.01149699999998
17,35.111839,-80.91020300000002
17,37.701424,-121.894394
17,39.50946,-119.780312
17,33.850147,-117.875916
17,33.864609,-84.287933
17,44.45678,-93.18747
17,34.033809999999995,-118.22115
17,40.718136,-111.891983
17,40.008221,-75.071793
17,36.30212,-86.692787
17,29.864447,-95.384773
17,35.028156,-80.965508
17,36.21537,-86.58856999999998
17,48.046894,-114.073618
17,37.704239,-122.127129
17,40.640399,-77.80590699999998
17,35.033588,-82.058662
17,40.076599,-75.159172
17,29.524249,-82.523269
17,30.165218,-81.74767299999998
17,35.547502,-120.793208
17,38.717424,-77.46320300000002
17,30.276165,-97.685646
17,35.90399199999999,-78.769417
17,29.811467,-95.390736
17,33.92795,-118.27541
17,41.252697,-75.863128
17,34.047885,-118.266682
17,38.258347,-122.062263
17,37.69592,-122.10489
17,32.34278,-88.79356
17,34.714496999999994,-81.967354
17,44.961765,-92.773308
17,42.42202,-123.20674
17,43.05505,-76.0668
17,45.65908312775774,-111.33037447876296
17,35.193062,-80.795059
17,37.50597,-77.73236999999997
17,36.111578,-119.323831
17,42.24016,-87.90572
17,26.230321999999997,-80.13633
17,40.117748,-75.347875
17,37.771231,-122.222371
17,35.784,-78.700424
17,25.686548,-80.376251
17,37.419301,-121.94413
17,42.364909999999995,-71.032944
17,41.574355,-87.48610500000002
17,34.107822,-118.258064
17,33.842239,-117.905052
17,39.72625136356484,-86.04662775952316
17,29.591741,-98.590248
17,35.86020900000001,-78.68160400000002
17,29.722089,-95.493111
17,34.907379,-82.329102
17,34.455971000000005,-118.616142
17,38.752958,-104.745918
17,38.971194,-94.718643
17,25.840594,-80.225301
17,30.39908,-97.673279
17,33.65225,-117.74096000000002
17,37.36408,-122.1243
17,26.783161,-80.09902199999998
17,30.444559,-91.138519
17,34.418983000000004,-79.41242199999998
17,37.33768,-121.88746
17,32.999107,-96.822487
17,33.507332,-86.793587
17,39.694697,-75.577125
17,39.24549,-84.44774
17,30.224287,-97.763123
17,44.573906,-121.98851299999998
17,33.857098,-117.97501499999998
17,39.319649934581186,-77.71351933442251
17,37.529328,-121.177017
17,39.0483,-77.383895
17,40.039198,-75.548843
17,33.720261,-117.97203799999998
17,40.256844,-76.855774
17,41.78335,-87.63083
17,47.820965,-122.279564
17,36.111243,-79.56127099999998
17,40.74328,-73.77561999999998
17,35.137199,-81.851608
17,33.888858,-117.270409
17,32.797707,-97.211983
17,40.590286,-75.554245
17,33.759689,-84.387589
17,38.56775800000001,-121.511391
17,42.741603999999995,-71.140938
17,40.704785,-111.90353
17,35.740429,-78.630478
17,41.130348,-73.814636
17,39.87428784,-105.06250262
17,37.764469,-121.414482
17,33.974734999999995,-118.231522
17,28.369778394563816,-81.39747977217962
17,38.405796,-121.386724
17,38.004424,-121.781072
17,36.29823,-119.384569
17,36.15792800000001,-86.829483
17,29.672798,-95.287743
17,34.08166050894699,-83.99694800336837
17,37.44237,-77.47268000000003
17,32.675545,-86.50956
17,33.98561,-117.3457
17,35.142284000000004,-85.229649
17,30.433883,-97.495959
17,37.250504,-121.836075
17,34.92308,-82.307182
17,38.684624,-121.011918
17,34.535431,-82.68289200000002
17,34.211007,-118.225789
17,28.393729,-81.357178
17,32.812244,-79.952438
17,28.02535,-82.48425
17,37.640076,-121.885231
17,25.716975,-80.332503
17,41.553722,-74.080782
17,30.42782,-89.03119699999998
17,39.909693,-105.240683
17,39.301075,-121.671089
17,38.662001,-121.358772
17,37.748583,-121.476323
17,42.51300000000001,-71.041306
17,33.662519,-117.874879
17,29.453097999999997,-98.62989
17,30.452971999999995,-91.095947
17,41.590527,-93.626839
17,29.877791,-82.543006
17,33.487621000000004,-111.926147
17,35.798497,-78.482579
17,40.81030300000001,-74.100998
17,32.699622999999995,-96.500984
17,27.908949,-80.51535799999998
17,32.519725,-93.708146
17,42.502148,-71.243126
17,37.555273,-122.029811
17,40.779229,-74.098766
17,30.216305,-93.325401
17,34.81310964,-92.35357404
17,41.748184,-71.443031
17,39.25615,-76.67687
17,30.293041,-97.720889
17,39.750507,-105.016624
17,29.750137,-95.606071
17,35.790687,-78.826373
17,32.771763,-117.20723
17,39.886928999999995,-75.06102800000002
17,35.98243,-78.890198
17,30.419399,-97.660919
17,42.191897,-88.13542
17,27.07632000000001,-82.38898
17,40.084347,-75.253095
17,36.8045,-119.78506000000002
17,35.868828,-78.720748
17,41.231487,-96.127426
17,33.177046999999995,-117.351307
17,35.381132,-119.01507
17,30.518299,-97.904762
17,35.273182,-80.842834
17,33.991157,-118.06283
17,37.189724,-121.992638
17,32.379919,-95.334837
17,40.064831,-76.336838
17,40.69669,-73.2883
17,37.576012,-120.938757
17,33.336742,-86.779625
17,28.99941500000001,-81.26144599999998
17,28.100544,-82.739645
17,33.740536,-117.833809
17,28.450186,-81.402132
17,30.39643,-91.157389
17,33.553604,-111.879341
17,40.933128,-91.443062
17,46.099239,-123.067935
17,26.368498,-80.118378
17,36.95438400000001,-121.76494
17,25.7832,-80.35545
17,33.791492,-84.39196
17,45.780331,-122.579262
17,37.905033,-121.147307
17,42.94975161531949,-78.61746668778125
17,34.021732,-118.426171
17,36.623199,-121.844063
17,34.166611,-80.96731700000002
17,33.986153,-118.252103
17,39.516418,-119.886253
17,25.724136,-80.383911
17,35.7263,-78.81394
17,42.640427,-71.357155
17,33.520920000000004,-86.84934200000002
17,40.722919,-74.176567
17,48.72585,-122.47363
17,33.469671000000005,-86.82791
17,29.744663,-95.362267
17,41.32636,-73.686138
17,47.16974,-122.22934
17,40.03047,-122.307118
17,42.37662,-83.21712
17,27.84931,-82.77167299999998
17,40.426235,-80.02080500000002
17,40.794178,-111.91729
17,34.073761,-117.75222
17,33.82065,-84.361
17,28.4806,-81.310112
17,40.326324,-111.731575
17,37.84894108754229,-77.45381712876579
17,42.76727557161919,-73.73962283099299
17,36.149101,-95.86055
17,34.375677,-117.421049
17,26.782475,-81.76056899999998
17,26.188438,-80.151825
17,30.62842,-81.556511
17,34.032009,-81.198143
17,40.765128999999995,-73.17415600000002
17,32.236151,-110.941838
17,34.222916999999995,-119.148056
17,32.206418,-110.84386
17,36.670006,-82.052475
17,36.0648644,-79.38103795
17,43.126362,-77.565758
17,35.021132,-85.338074
17,39.255035,-78.101936
17,28.66208300000001,-81.388733
17,36.138641,-86.800629
17,34.366131,-118.92038
17,43.05217,-76.13258
17,41.222389,-112.009918
17,39.715755,-86.120514
17,37.327957,-79.98981500000002
17,37.495049,-77.02359799999998
17,32.675301,-97.193436
17,39.106805,-94.584929
17,33.891113,-98.518837
17,45.077354,-120.67829
17,40.048275,-82.902138
17,41.24022,-77.04989
17,33.55934,-117.67286
17,27.49991,-81.79779599999998
17,33.68742,-117.871923
17,35.651895,-117.776412
17,38.944313,-94.378395
17,37.974358,-120.653589
17,32.206993,-110.900871
17,44.861248,-93.167221
17,47.273805,-122.313788
17,25.687184,-80.384491
17,40.081692,-82.896805
17,36.094449,-95.886609
17,43.60526,-124.18036
17,31.886271,-106.417419
17,25.930706,-80.12302
17,37.688045,-122.10560900000002
17,39.981876,-76.694847
17,40.907639,-74.163719
17,45.52501,-122.6873
17,43.489874,-123.48486
17,30.358781,-84.301573
17,39.629372,-84.192978
17,38.28432100000001,-85.828026
17,41.095683,-73.80194200000003
17,34.067989000000004,-117.979096
17,34.15166,-118.13772
17,37.525143,-77.435303
17,29.694896999999997,-95.319473
17,36.793847,-119.817503
17,39.112728,-121.082397
17,30.45896,-91.166267
17,33.319901,-111.894058
17,25.860138,-80.314687
17,42.912811,-85.647079
17,45.700115,-111.169792
17,39.7229,-75.536858
17,35.846558,-78.522675
17,35.147956609558356,-118.99655699673175
17,37.035096,-122.041638
17,40.765401,-111.9507
17,36.802988,-76.187214
17,39.929893,-86.268211
17,37.67087,-77.579397
17,41.485538,-87.32124300000002
17,25.898176,-80.186746
17,32.945245,-117.24286
17,29.995015999999996,-90.11467
17,30.469364,-90.482231
17,30.022515999999996,-95.428947
17,41.197891,-111.979408
17,36.089779,-95.957962
17,33.998112,-81.124657
17,29.78538,-95.7534
17,41.350275277894255,-73.66346955264251
17,33.876728,-118.15633400000002
17,40.498584,-79.864745
17,33.730725,-117.986721
17,47.663576,-122.343182
17,34.700951,-86.586433
17,35.151253000000004,-80.839989
17,47.798343,-122.220774
17,43.102926,-75.233029
17,36.753438,-119.781959
17,38.95011,-94.5393
17,40.052175,-79.387843
17,29.787340000000004,-95.56344
17,35.014252,-80.746974
17,28.449921000000003,-81.479337
17,44.869548,-93.434075
17,38.81655,-76.73764
17,35.161396,-80.848988
17,41.154065,-73.40234699999998
17,37.663979,-121.02828999999998
17,36.319549,-119.600915
17,43.05407881716226,-76.15434050523683
17,34.080265000000004,-80.957169
17,37.77478337,-122.4010098
17,39.163445,-84.510468
17,36.306246,-83.438546
17,36.842194,-76.040611
17,40.075973,-75.354035
17,40.413979,-74.650017
17,39.148895,-77.216576
17,30.453115000000004,-91.167278
17,35.858873,-78.639615
17,38.528679,-121.756897
17,32.883540999999994,-80.019669
17,29.8606,-95.537323
17,37.312046,-121.885109
17,41.736427,-87.943748
17,28.66075,-81.34198
17,44.954899,-93.188461
17,29.825373,-81.379211
17,25.685494,-80.350941
17,25.761068,-80.47718
17,42.240503,-87.979775
17,41.855796999999995,-87.644615
17,35.79475700000001,-78.69505600000002
17,40.561896999999995,-111.977074
17,40.876106,-73.90471600000002
17,38.020767,-121.356155
17,37.31673,-121.922066
17,37.643967,-77.568787
17,40.161396,-75.47995
17,33.67505,-117.83893
17,34.083347,-118.474629
17,38.549191,-90.425346
17,38.93989600000001,-77.384323
17,38.750847,-90.538506
17,39.051386,-76.929348
17,32.221610999999996,-110.868668
17,29.37779,-98.462044
17,30.439346,-91.194878
17,25.990541,-80.165848
17,37.563992,-120.92079
17,35.33271,-80.79908
17,29.454632,-98.411751
17,29.689276,-95.562775
17,30.214933,-97.733383
17,34.254771000000005,-119.21507
17,41.095577,-73.936325
17,40.926854,-73.857469
17,41.252109999999995,-96.081543
17,39.202681,-120.809444
17,38.484635,-122.740167
17,25.864546,-80.336304
17,41.040382,-73.838066
17,34.15006,-118.46844
17,38.88652,-77.22052
17,39.44202,-76.349358
17,37.592236,-122.364754
17,34.133792,-118.275485
17,33.90447,-117.459951
17,42.353745,-71.103622
17,41.66835,-71.48738900000002
17,28.56612,-81.286082
17,39.72542,-105.136327
17,35.719158,-78.519264
17,38.013123,-84.458107
17,38.21172,-122.144836
17,43.14184069612912,-76.11241221391623
17,40.588183,-79.750026
17,40.806473,-73.90808
17,36.628759,-82.125169
17,36.172740999999995,-86.825233
17,35.08954,-106.26109
17,33.520920000000004,-86.849358
17,39.51283,-119.74371
17,41.990627,-91.550156
17,33.129822999999995,-97.032946
17,42.22007,-83.484039
17,30.228998,-93.299825
17,41.013851,-78.438148
17,35.31188200000001,-120.836594
17,36.76303267461413,-76.03207468950256
17,30.48442,-84.30136999999998
17,30.618099,-81.649263
17,41.648506,-122.540269
17,40.99609,-75.26384
17,35.39167,-97.578102
17,45.308424,-122.99354
17,36.122715,-86.80684699999998
17,37.78838,-122.25092
17,47.522858,-122.364548
17,37.40563,-122.05676
17,39.013597,-77.05278
17,47.610233,-122.336655
17,38.854507,-121.143578
17,34.055908,-118.451912
17,33.38715,-117.174477
17,39.096244,-94.566021
17,37.63928,-121.0068
17,37.701321,-121.844867
17,42.312149,-87.90460999999998
17,35.726494,-82.55545
17,35.80838084203811,-78.41861844025411
17,34.832668,-82.349327
17,29.156088,-82.133647
17,45.533847,-122.580483
17,37.53118900000001,-121.941177
17,28.440103000000004,-81.403767
17,32.923931,-96.764664
17,28.010769,-82.453926
17,33.859778999999996,-117.258644
17,40.83982,-73.92867
17,40.113739,-75.342361
17,38.249599,-85.619484
17,42.086792,-80.01570799999998
17,37.99567,-122.28894
17,34.05108,-118.26127
17,44.97344,-93.38682
17,25.87963,-80.167271
17,30.426076,-91.166209
17,39.81224,-84.267676
17,42.400654,-83.21820799999998
17,36.701118,-79.93244200000002
17,34.802792,-87.182587
17,33.192101,-87.466827
17,33.010483,-80.132133
17,39.022198,-94.691902
17,32.914844,-117.115921
17,39.805144,-84.001233
17,33.9392,-117.13679
17,28.442533,-81.403085
17,30.647990000000004,-88.12071999999998
17,34.087155,-117.677911
17,34.423031,-118.583374
17,32.81002,-96.841103
17,33.704975,-80.244591
17,25.81151,-80.19982900000002
17,44.86163300000001,-93.278282
17,34.014732,-117.975911
17,33.959523,-117.310058
17,33.860764,-117.877174
17,35.35861,-79.89365
17,33.688686,-117.914718
17,25.639823,-80.451746
17,33.008209,-80.236386
17,36.773468,-121.603378
17,25.880397,-80.2994
17,42.054878,-88.378571
17,39.639709,-84.18723299999998
17,40.909546,-72.635796
17,35.828334999999996,-78.569283
17,43.65606,-116.29898
17,42.88813,-78.767708
17,39.850644,-77.04135600000002
17,35.124154,-81.992273
17,37.333759,-122.064629
17,40.352131,-74.307098
17,47.61228,-122.35023
17,41.035675,-73.816696
17,28.11669,-82.46172
17,34.0059,-118.176328
17,37.522305,-77.453648
17,38.312782,-85.844933
17,41.633381,-72.752312
17,42.381359,-71.04032099999998
17,38.012996,-121.871768
17,34.36128,-118.50558
17,37.26173,-121.80026200000002
17,35.98254,-79.974266
17,34.710938,-118.797279
17,34.75563,-86.73188
17,33.386837,-111.64828500000002
17,40.699821,-111.888298
17,38.757995,-90.527631
17,34.028508,-118.335098
17,34.030429999999996,-118.217148
17,42.602497,-71.356262
17,33.551662,-112.266258
17,34.468134,-118.197171
17,32.396427,-86.21183
17,33.491634000000005,-86.78697199999998
17,38.258163,-85.72303000000002
17,33.660778,-117.748207
17,35.020905,-85.26386600000002
17,41.051609,-73.80860600000003
17,34.826316999999996,-82.56633000000002
17,34.10952,-83.87428
17,32.723595,-117.157784
17,34.018142,-117.529216
17,31.334642,-85.85717
17,38.134989,-111.328109
17,40.103676,-76.030304
17,48.763742,-102.061115
17,35.946682,-84.128662
17,34.311085,-81.574554
17,38.72349143009794,-77.4964320655942
17,27.43008,-82.395386
17,38.883701,-94.791405
17,37.53656,-121.232918
17,41.234035,-96.1007
17,41.962581,-121.921214
17,30.418523,-91.141832
17,37.41938,-79.13787099999998
17,25.899192000000006,-80.258714
17,26.282212,-80.125037
17,45.636192,-122.863032
17,47.396526,-121.39724
17,29.726540000000004,-95.46599
17,34.10808,-118.18562
17,38.883671,-94.676102
17,33.993481,-117.357094
17,38.26101422291631,-122.05996155680629
17,33.751442,-118.257027
17,35.254277,-80.888885
17,35.044327,-85.314212
17,34.03705,-118.309067
17,33.532413,-86.798775
17,40.75347100000001,-111.57206
17,33.941002000000005,-117.27021
17,28.564733,-81.286062
17,38.35309,-81.62777
17,40.98729729632861,-73.85302662814209
17,30.20565,-81.617104
17,38.521807,-121.986699
17,41.080166,-73.718109
17,32.842971999999996,-81.125099
17,34.134796,-117.617577
17,39.098896,-94.608307
17,35.104561,-80.857483
17,38.560513,-121.458061
17,27.960518,-82.729927
17,30.227315,-97.773403
17,35.431021,-118.932845
17,25.883562,-80.213193
17,40.828106,-73.933823
17,33.438404,-86.723877
17,34.029102,-118.218796
17,29.313105,-82.794567
17,33.91364,-118.115435
17,34.964642,-82.032372
17,37.097012,-121.648323
17,33.676636,-117.843507
17,28.136537,-82.149348
17,44.887287,-93.369003
17,35.892029,-78.72028399999998
17,33.465961,-112.12796000000002
17,25.807454,-80.290467
17,41.26889,-112.026138
17,34.806561,-82.232483
17,35.667662,-78.933104
17,40.247719,-75.24424
17,39.704319,-86.104202
17,29.916765,-82.554282
17,37.316316,-121.96376
17,42.528091,-71.226646
17,34.499555,-117.338851
17,27.894913,-82.645401
17,47.620865,-122.361176
17,29.703463,-95.557175
17,41.205597,-95.949348
17,34.067692,-117.52388
17,32.809132,-96.850708
17,34.138709999999996,-118.364395
17,35.204987,-78.667793
17,38.65748,-120.99398
17,38.120224,-122.230263
17,30.153015000000003,-91.959396
17,29.813915,-95.382599
17,27.406443,-82.415892
17,39.882939,-75.4323
17,33.122032,-117.321846
17,33.880646,-117.546562
17,39.84795,-84.189713
17,34.724109999999996,-82.293312
17,42.749611,-73.771828
17,35.44960800000001,-97.689217
17,29.335913,-81.130966
17,38.869926,-121.131966
17,34.101661,-118.320759
17,34.555321,-82.68379200000003
17,44.943534,-93.274837
17,33.957240999999996,-117.307076
17,36.862469,-121.578896
17,41.565361,-87.743607
17,41.045109,-73.564278
17,47.669613,-122.186859
17,30.423187,-91.138741
17,40.61571478824322,-74.25323367083429
17,42.323017,-88.164642
17,39.71832,-77.73655
17,28.19994,-82.46391
17,40.75574,-74.19971
17,34.316704,-81.99168399999998
17,35.19675,-80.79128
17,34.072277,-118.084407
17,32.45422,-93.845581
17,35.23986400000001,-80.88580300000002
17,42.888783,-85.49385799999997
17,36.031876,-95.904213
17,35.47182100000001,-97.512009
17,25.810867,-80.204932
17,32.733026,-97.36431
17,38.08655200000001,-121.310471
17,40.857483,-73.971672
17,34.689968,-82.139359
17,40.00842,-76.68714
17,38.868401,-77.311806
17,41.228882,-111.959129
17,29.770090000000003,-95.606285
17,25.990566,-80.165848
17,26.457298993938178,-80.08963465652424
17,39.121252,-94.56498
17,43.428894,-123.399175
17,35.918568,-84.088432
17,40.934951,-74.353438
17,35.406181,-97.547943
17,38.822054,-77.127135
17,39.22617,-84.371822
17,38.25972,-85.767351
17,29.736165999999997,-95.605843
17,40.301498,-76.871137
17,35.49765,-97.476723
17,32.734759999999994,-97.419
17,38.655914,-121.533349
17,37.141294,-76.522293
17,34.03344,-78.92424
17,25.797134,-80.317589
17,35.860039,-78.817589
17,34.177177,-81.322777
17,33.87419000000001,-118.06189
17,48.08213,-106.220091
17,45.60178,-122.68333
17,44.950979,-93.11457
17,38.56093,-121.46335
17,43.092476,-75.747101
17,38.18551,-85.81971
17,33.88641,-84.26699
17,39.738921999999995,-75.662468
17,41.29958,-95.957687
17,28.640418,-80.831765
17,35.55934,-82.63806
17,36.07922,-77.47285
17,30.281784,-97.581314
17,33.676575,-117.658969
17,36.24342,-86.756691
17,45.136456,-92.75827
17,25.64166,-80.335241
17,33.946242,-118.370044
17,35.844561,-78.68037699999998
17,37.69812,-121.93979
17,27.384646000000004,-82.433042
17,32.838245,-97.051414
17,34.84278559668139,-117.50012040082215
17,47.061839,-122.777618
17,42.15416,-71.06848000000002
17,34.120556,-117.736328
17,38.498692,-121.448634
17,34.037890000000004,-118.27435
17,39.71468,-86.186989
17,29.77803,-95.618179
17,38.051634,-78.52317099999998
17,34.92968,-81.87886
17,33.009739,-80.236977
17,39.2541,-84.42266
17,33.462348999999996,-86.87610600000002
17,40.644114,-73.974323
17,36.104754209346275,-95.8785116667944
17,37.53099,-77.39211999999998
17,33.953259,-118.243027
17,29.927983,-90.029021
17,34.149475,-118.469101
17,34.027473,-81.10296600000002
17,41.85656905154296,-72.66332745517414
17,34.676411,-92.364464
17,41.199753,-95.967369
17,35.203011,-80.738777
17,47.468349,-122.156548
17,38.670409,-77.253964
17,34.528351,-82.734688
17,35.192165,-80.85278100000002
17,33.147339,-80.032837
17,26.552234,-81.898063
17,42.34026,-71.262215
17,36.11393,-86.772598
17,38.01495,-122.247566
17,41.631752,-79.68814499999998
17,38.55913,-121.376953
17,34.786697,-82.445755
17,34.087662,-80.959549
17,29.761337,-95.421585
17,35.51617800000001,-97.565666
17,38.99155800000001,-76.885971
17,37.733594,-122.17548899999998
17,37.32493,-122.00317
17,39.215866,-78.141251
17,35.457364,-86.503754
17,42.990288,-83.737328
17,29.07302,-82.26364000000002
17,42.858753,-70.895752
17,33.577962,-81.595562
17,35.27695,-80.81219399999998
17,41.56469,-72.50873
17,34.387932,-82.693779
17,26.496652,-80.17265400000002
17,34.230522,-79.798828
17,33.418812,-82.078934
17,42.325148,-83.084471
17,35.859562,-78.680679
17,35.201008,-80.762405
17,43.0247,-78.97669
17,36.142769,-95.855766
17,38.634047,-77.291206
17,41.848598,-87.927071
17,33.908054,-117.45368
17,42.265171,-85.237656
17,39.00322,-76.895248
17,43.600169,-116.284617
17,38.467144,-77.406952
17,44.66696619966189,-117.61835217419808
17,32.759949,-117.198929
17,33.847833,-117.855511
17,40.811787,-93.827057
17,35.297077,-80.91974599999998
17,40.845142,-73.92654399999998
17,33.855656,-118.283264
17,26.527973,-80.172661
17,25.6803,-80.316576
17,39.699188,-86.148636
17,34.998492999999996,-80.97605899999998
17,41.42181,-81.734482
17,41.089223,-112.033677
17,33.889915,-84.26211500000002
17,47.726875,-122.345001
17,34.17362,-86.549963
17,36.30898300000001,-86.716812
17,25.81251,-80.240578
17,27.69851803766394,-82.6792967315546
17,32.44200900000001,-93.744171
17,40.716183,-73.803116
17,45.40526,-122.7441
17,34.724827000000005,-82.34169
17,34.263314,-118.994661
17,40.097926,-75.339651
17,32.766399,-96.732979
17,33.523872,-111.887276
17,39.19577,-104.85322
17,32.711933,-117.101324
17,33.960155,-118.247437
17,35.262089,-80.890282
17,25.900453,-80.29215400000002
17,28.172932,-82.758672
17,30.394705,-91.04513
17,34.092579,-117.898987
17,35.001663,-80.855728
17,39.75475,-86.14495
17,39.799381,-76.829201
17,38.221443,-85.65100100000002
17,34.856396000000004,-82.233299
17,25.9287107,-80.18718123
17,30.321917,-97.756065
17,33.623057,-79.039916
17,31.158819,-89.420441
17,39.670461,-86.364737
17,26.921721,-82.25760799999998
17,30.195583000000006,-97.78508
17,42.661926,-84.532608
17,35.499616,-119.117026
17,40.229984,-75.215988
17,37.686721,-122.130109
17,34.001296999999994,-117.351891
17,37.56469,-122.27213
17,32.048758,-81.258949
17,33.92819,-118.29621000000002
17,41.987549,-87.862112
17,43.05126,-76.1488
17,27.936367,-82.310249
17,38.67705,-90.44958
17,32.911555,-96.878314
17,28.305807,-82.69165799999998
17,39.296322,-76.82551600000002
17,37.824447,-122.269276
17,42.945187,-78.766335
17,42.667244,-73.73311600000002
17,32.673913,-117.083141
17,32.77897,-97.3203
17,35.384445,-97.212959
17,35.077385,-89.968079
17,42.714516,-92.337425
17,41.897008,-122.50786399999998
17,38.639507,-122.599655
17,36.873911,-76.19669
17,42.042208,-91.347982
17,35.824273,-86.410102
17,39.79465,-86.12195
17,38.017097,-84.483284
17,45.14279000000001,-93.279409
17,35.229029,-80.84734399999998
17,36.114925,-86.86129
17,37.552776,-77.443588
17,42.83533,-73.74
17,32.909489,-96.818436
17,33.928228000000004,-118.297594
17,39.022947,-77.393888
17,28.147234,-81.444839
17,37.241032,-77.395321
17,39.47295,-76.83578
17,33.771088,-84.349007
17,33.71713,-117.96864
17,32.276559000000006,-110.815241
17,41.540932,-90.517662
17,31.823044,-86.664177
17,28.120673,-80.703266
17,40.696999,-74.218239
17,36.067681,-115.209019
17,42.705372,-83.307159
17,29.771502,-95.154381
17,42.34993,-71.092857
17,34.16086,-118.381022
17,33.933723,-84.35749100000002
17,37.651267,-77.420822
17,33.84515,-81.312988
17,35.075996999999994,-85.189032
17,44.69802,-123.0519
17,30.6847,-88.12695
17,37.528976,-77.358086
17,39.00436,-94.356865
17,28.04076,-82.738373
17,40.114281,-75.05119300000001
17,38.629734,-121.32827
17,38.505142,-90.586075
17,35.26165800000001,-80.819084
17,37.90123,-122.311126
17,27.900398,-82.638931
17,30.4611,-87.300911
17,29.747583,-95.538422
17,38.89998078327703,-77.40487217866226
17,38.3401286600192,-81.69818758925581
17,45.205575,-106.200263
17,29.381840000000004,-98.51274
17,34.256667,-84.09148
17,39.473248,-76.836372
17,33.928558,-118.293282
17,35.163731,-80.96862800000002
17,33.764751000000004,-84.49290500000002
17,33.716136999999996,-84.24205
17,28.49308,-81.433099
17,42.34106,-87.96363000000002
17,46.810238,-95.099007
17,33.190234999999994,-117.362052
17,34.892540000000004,-82.160202
17,35.441344,-119.085495
17,37.505127,-77.50456199999998
17,43.003357,-87.892494
17,36.135799,-85.502411
17,32.945696000000005,-117.209806
17,46.30891,-123.478897
17,40.75574,-74.19971
17,35.43535,-97.30032
17,33.82222,-84.49294300000003
17,39.75513,-84.16627
17,27.980312,-82.78363
17,29.572423,-97.146485
17,35.427822,-97.565498
17,40.424482,-120.67551
17,30.001097917413706,-90.04005074458101
17,37.788123,-122.250204
17,33.759169,-84.4779
17,45.009206,-93.201617
17,33.774418,-118.045021
17,42.592846,-82.85726899999997
17,42.514221,-71.027939
17,30.436592,-91.20895
17,38.568867,-121.469002
17,25.698872,-80.366125
17,42.209199,-120.355264
17,33.100456,-97.224373
17,39.229485,-121.38858799999998
17,41.358166,-75.05551899999998
17,37.907164,-122.314949
17,39.057451,-94.486714
17,40.994373,-111.914108
17,41.22296,-96.07405
17,28.912224,-81.27123
17,28.825434,-81.329526
17,27.447751,-82.573305
17,44.949898,-93.101555
17,33.088889,-117.140549
17,29.784798,-95.562965
17,28.442505,-81.365963
17,26.705763,-80.075211
17,33.945492,-118.300278
17,35.88371,-78.569389
17,38.880997,-77.004568
17,32.351799,-110.995705
17,41.05666,-73.8121
17,40.107114,-75.41971600000002
17,33.91847,-118.28485
17,40.887901,-76.939903
17,38.82835,-77.185532
17,33.685043,-79.123053
17,39.274317,-77.638114
17,43.055117,-76.161705
17,35.714747,-85.854311
17,30.388926,-97.734627
17,43.576602,-116.31416000000002
17,38.941787,-94.788033
17,35.196195,-80.79033100000002
17,40.619641542241,-74.16476368868749
17,35.990142999999996,-78.903053
17,42.96947,-123.33693
17,40.250221,-74.690147
17,39.04000900000001,-119.948021
17,39.408441,-76.783586
17,40.77471613864529,-73.04021000827294
17,39.653091,-105.181374
17,39.783756,-86.142166
17,40.00869870166774,-75.21035313570398
17,28.537779,-81.475732
17,47.003535,-114.489372
17,39.699123,-86.14872
17,33.384918,-112.625375
17,34.024871999999995,-118.240143
17,33.42905,-112.106316
17,32.885884999999995,-96.497871
17,45.504918,-122.67766
17,39.940548,-75.009796
17,33.736149,-117.819685
17,40.827179,-73.84993100000001
17,38.115547,-121.334084
17,42.704929,-123.371982
17,35.014683000000005,-85.274559
17,44.596156,-121.145549
17,25.843462,-80.24982
17,35.219032,-80.851967
17,38.51866500000001,-78.717985
17,35.848411,-78.580247
17,38.945,-76.858902
17,32.327861999999996,-86.265038
17,34.082488,-117.872571
17,34.136540999999994,-117.526989
17,30.441956,-91.0575
17,42.018589,-88.313942
17,42.944626,-83.650566
17,37.485354,-121.938866
17,36.18698,-86.76799999999999
17,28.252816,-82.650115
17,34.039394,-81.09461999999998
17,29.401396,-98.536797
17,28.54669,-81.20475
17,32.83657,-96.764455
17,39.699188,-86.148636
17,33.86533,-118.04874
17,35.032315999999994,-80.970588
17,33.66920113547483,-112.05738186782808
17,48.75401,-122.46205
17,39.858826,-75.12516
17,33.825389,-117.875989
17,32.971506,-80.015362
17,42.490555,-83.116127
17,46.654638,-122.97526
17,34.146259,-118.076454
17,25.926456,-80.24453000000003
17,43.035525,-87.93494100000002
17,35.756924,-78.665741
17,42.288457,-123.612645
17,35.98008513433466,-77.90131688080834
17,27.262769,-82.524873
17,37.492748,-120.940407
17,37.342106,-84.307602
17,34.921745,-81.988892
17,28.209629,-82.739464
17,36.2492,-86.73446
17,37.852394,-122.029083
17,29.60997,-98.48119
17,36.788822,-84.17038000000002
17,44.127814,-122.474653
17,34.13467,-117.64173
17,34.933338,-82.340233
17,40.522309,-111.8913
17,37.543823,-77.541214
17,35.166264,-82.470619
17,36.841206,-76.112802
17,39.822529,-104.96241
17,41.259651,-96.026871
17,33.27158,-80.117561
17,34.17667,-118.4683
17,33.68148,-84.31313
17,37.55439000000001,-77.446265
17,33.501668,-111.986828
17,43.010542,-83.670469
17,33.446955,-112.108129
17,32.943124,-86.737595
17,32.988445,-80.098793
17,30.391357,-91.060524
17,25.889368,-80.206795
17,35.880707,-84.231949
17,45.574772,-122.564003
17,41.139385,-95.967598
17,32.84046,-117.13828999999998
17,39.089186,-77.174994
17,33.980827000000005,-81.106888
17,41.000858,-111.907631
17,39.9322,-82.93122
17,38.67850900000001,-121.332525
17,31.78091,-106.323075
17,32.802822,-86.580803
17,37.60502,-77.51028000000002
17,34.244774,-81.594736
17,35.651790999999996,-117.723068
17,45.805935,-119.242887
17,41.975399,-88.233231
17,33.945170000000005,-84.1442
17,25.765911340590637,-80.33637642822104
17,35.848992,-78.614779
17,36.00924699999999,-80.010037
17,41.773937,-83.749415
17,32.69437909110692,-117.12489008847652
17,27.048646999999995,-82.247875
17,37.503963,-77.435448
17,43.164467,-77.732421
17,40.022221,-75.276772
17,35.476185,-97.524323
17,41.596124,-93.598974
17,25.899251,-80.190506
17,34.228082,-117.306634
17,36.176546,-115.16078
17,38.212029,-122.549248
17,36.544422,-119.592957
17,37.725784,-122.446205
17,43.118111,-83.813705
17,27.821051,-82.68115999999998
17,40.062046,-75.323097
17,42.41774,-83.21894
17,34.15233,-118.33343
17,37.561617,-122.276377
17,38.826384,-77.49348499999998
17,40.54493,-77.368149
17,33.535332000000004,-80.863052
17,25.91579318034212,-80.37972092590152
17,40.350243,-111.769371
17,34.43692,-117.22513
17,26.06264,-80.163788
17,37.540981,-77.467239
17,36.698009000000006,-121.66246
17,48.106361,-123.399248
17,36.155174,-95.98922
17,34.821621,-82.284828
17,32.185084,-111.011711
17,36.982826,-121.964107
17,33.429120000000005,-112.63311000000002
17,29.793699,-82.494293
17,37.507488,-121.967377
17,32.230321999999994,-110.970982
17,36.754844,-119.766148
17,29.727442,-95.467964
17,38.461323,-77.409379
17,38.6003,-121.341377
17,33.967983000000004,-118.371528
17,29.735044,-95.307039
17,25.732991,-80.337641
17,34.99675,-82.47528100000002
17,30.300671,-91.984291
17,37.74141,-121.58025
17,28.087507,-82.44739
17,30.365026,-81.668648
17,35.823051,-86.837585
17,39.87221,-75.074127
17,28.607038,-81.28484300000002
17,35.100006,-80.778748
17,33.757664,-116.293694
17,30.63764,-88.371101
17,35.29262199999999,-80.750877
17,41.386311,-77.055092
17,39.700073,-74.894818
17,37.358452,-121.843468
17,33.145032,-117.16253
17,39.452896,-123.799145
17,42.865841,-85.664101
17,41.809891,-88.074875
17,34.83604788763601,-78.97641062698851
17,29.730482,-95.501126
17,33.407101000000004,-112.00827
17,42.700996,-73.707771
17,38.77235054951299,-90.303400754498
17,47.630803,-122.149774
17,48.99333,-122.48514
17,32.917713,-96.856789
17,40.84609,-111.91459
17,35.642448,-97.541451
17,30.187759000000003,-97.762802
17,45.320781,-92.990139
17,35.82480200000001,-78.374741
17,27.751997,-82.677123
17,41.172562837404385,-74.0333569046305
17,39.964298,-82.982849
17,44.948822,-92.934334
17,38.638015,-121.405089
17,40.131221999999994,-74.96734599999998
17,42.8395,-78.75406600000002
17,38.584048,-121.415325
17,36.152084,-86.79160300000002
17,25.7783782480918,-80.32028317413179
17,41.806751,-88.03850600000001
17,28.513893,-81.459091
17,37.78354,-87.10989000000002
17,43.02879,-76.20241999999998
17,33.825409,-118.207817
17,45.638599,-122.662041
17,41.212311,-96.101433
17,40.75207,-73.746708
17,32.84619,-96.77307
17,25.808052,-80.274389
17,36.790015999999994,-121.667419
17,45.63272,-93.98556
17,34.789829,-82.486458
17,33.848469,-87.28984100000002
17,36.78807000000001,-121.67882
17,35.24682199999999,-120.647316
17,33.701347,-84.116447
17,34.890459,-82.406059
17,30.52265,-87.31614
17,35.522312,-97.542107
17,33.97437214835179,-84.00501608808514
17,34.074055,-117.40953799999998
17,35.20607800000001,-80.922157
17,37.148239,-122.34446
17,42.254211,-71.03922299999998
17,39.003063,-76.895552
17,33.823372,-84.357681
17,33.91782,-80.320557
17,32.83849,-97.060013
17,41.248112,-95.933289
17,32.797459,-96.814995
17,38.868732,-77.308899
17,36.86055800000001,-121.62262
17,42.743382,-73.761864
17,34.807680845094644,-78.98784756622797
17,35.337351,-80.961477
17,27.957278,-82.456397
17,43.030575,-87.987251
17,33.446696,-112.71121399999998
17,28.450668,-81.463471
17,37.668965,-122.109403
17,42.97596,-85.602646
17,36.142971,-95.96701
17,38.342213,-122.741257
17,32.811478,-96.627731
17,39.74032,-105.505405
17,35.215481,-80.68985
17,37.727558,-113.053535
17,28.16292,-81.44017
17,35.347351,-80.843613
17,34.765259,-82.49653599999998
17,28.194075,-82.383972
17,30.250174,-81.536064
17,37.301674,-121.876542
17,41.251896,-73.810036
17,39.795025,-86.164658
17,33.76513,-84.52126
17,35.071715999999995,-90.027985
17,28.020322,-82.746913
17,47.669613,-122.186859
17,33.480231,-112.042916
17,42.782551,-85.668648
17,34.067703,-117.593521
17,35.10731,-80.77870899999998
17,37.756012,-122.409447
17,25.848295,-80.207268
17,25.883753,-80.208977
17,36.07711672765695,-79.9490439888003
17,25.811823,-80.386292
17,34.00490300000001,-117.930245
17,31.717649,-106.351883
17,34.214065999999995,-80.983437
17,33.984651,-118.13362
17,41.299587,-95.975815
17,42.941657,-85.67760600000003
17,29.719640999999996,-95.352577
17,35.163818,-81.452248
17,39.947292,-86.353981
17,25.925121,-80.30821999999998
17,34.077187,-118.282005
17,28.535095,-81.392127
17,34.730323999999996,-86.93596600000002
17,41.85329,-87.9331
17,34.147331,-119.164586
17,40.753915,-111.622225
17,40.114269,-75.267616
17,33.736889,-84.392166
17,25.906387,-80.292294
17,42.992283,-83.73288000000002
17,34.835171,-82.274261
17,37.652149,-77.611586
17,34.128132,-80.94471
17,38.720666,-90.305759
17,35.024544,-82.32515500000002
17,34.082741,-117.907761
17,47.664284,-122.347321
17,37.880096,-122.516106
17,34.082366,-117.54495
17,24.864351,-80.712463
17,34.553932,-82.78684200000002
17,36.833813,-76.137268
17,41.108776,-73.405991
17,30.27032100000001,-97.754578
17,33.91272,-118.28639
17,34.072628,-118.058409
17,38.551683,-121.699518
17,37.91406,-122.06648
17,33.766037,-117.954612
17,35.71046099999999,-78.61165600000002
17,41.1203,-112.01931
17,35.071463,-84.055094
17,35.136433000000004,-80.977837
17,33.011909,-80.23777
17,35.044823,-85.30944000000002
17,35.248604,-82.209114
17,44.257635,-75.811486
17,43.065613,-83.740967
17,42.384613,-83.75993299999998
17,39.009328,-76.900651
17,30.649986,-88.074837
17,42.694,-73.82976
17,33.7034,-84.175158
17,36.841078,-76.196449
17,34.372888,-117.423436
17,36.205029,-86.73761
17,33.392052,-112.146584
17,30.09436,-95.50683
17,29.661889,-83.363663
17,33.916428,-118.285736
17,43.024222,-83.730774
17,39.7644,-86.23665600000002
17,33.801771,-79.0024
17,40.820972,-73.95881700000002
17,34.072266,-118.072479
17,43.07119,-87.91834300000002
17,42.485426,-83.456298
17,40.83247,-76.06486
17,35.908066,-78.728386
17,38.572748,-121.414315
17,38.20928,-90.40502
17,37.364048,-121.90155
17,44.818859,-93.398132
17,29.695606,-95.297859
17,37.809905,-122.477358
17,31.204459999999997,-85.420502
17,31.70396,-106.28682
17,45.212043,-93.62904
17,27.69851803766394,-82.6792967315546
17,29.467638,-95.09213
17,44.0613,-123.084234
17,25.960087,-80.161203
17,38.125877,-79.074753
17,38.875784,-77.441877
17,41.787254,-72.65790600000003
17,40.313332,-83.386032
17,37.633808,-77.543083
17,33.803188,-118.081596
17,36.31908,-86.70255
17,39.795361,-75.57798000000003
17,40.4538,-111.91392
17,26.731159,-80.06111899999998
17,43.033501,-88.167351
17,28.030232,-82.544478
17,35.561889,-120.668379
17,40.87155,-73.87210400000002
17,38.01873,-121.943787
17,36.153999,-86.779381
17,39.04416,-84.46656
17,37.783794,-122.178375
17,39.780678,-86.20620699999998
17,38.81908,-76.91456
17,34.924389,-82.268333
17,34.023602000000004,-117.752777
17,29.673459,-95.587385
17,30.252266,-92.036903
17,27.972608,-82.795948
17,39.832329,-86.035637
17,33.854774,-84.246589
17,47.6633,-122.34375
17,36.93267700000001,-120.843569
17,39.807060956765135,-75.18207192385108
17,38.462669,-77.406853
17,34.08719,-117.665876
17,38.685226,-121.500366
17,43.033289,-76.059894
17,42.706612,-71.138962
17,34.181137,-118.313896
17,33.722843,-84.235812
17,36.025898,-95.950048
17,35.072026,-85.156265
17,29.619243,-95.478108
17,40.055017,-75.12563399999998
17,42.32787,-88.19673
17,37.12307,-76.428146
17,40.667076,-73.995758
17,41.640119,-73.87563399999998
17,28.192604,-80.70744300000001
17,36.46859,-77.61122900000002
17,40.01609000000001,-75.17565
17,37.34826922398878,-77.40549445115374
17,33.70348,-84.170181
17,40.180865999999995,-74.723343
17,25.760891,-80.398643
17,30.252142,-85.9363
17,35.010811,-81.956367
17,34.674519000000004,-86.74929
17,42.47065,-71.242882
17,42.35964,-87.89237
17,37.464329,-122.147294
17,32.423702,-93.857178
17,41.138569,-95.946747
17,33.069858,-81.424109
17,34.29282,-79.88868000000002
17,33.335121,-111.847183
17,38.69357700000001,-120.675728
17,38.027775,-122.115257
17,25.782827,-80.336761
17,39.269009,-76.631773
17,34.938686,-81.99846099999998
17,32.323738,-86.238197
17,37.149112,-119.30137
17,35.13644,-80.977837
17,30.277702,-97.768646
17,36.133362,-95.859947
17,37.297421,-84.276268
17,47.72951,-122.32416
17,34.147960999999995,-118.08313
17,41.012623,-73.850014
17,35.892769,-78.559616
17,35.289249,-80.731522
17,45.50442,-122.56546000000002
17,43.973186,-121.346171
17,25.74753,-80.337365
17,27.95623,-82.482864
17,33.520477,-86.82584399999998
17,37.776155,-77.462117
17,25.946874,-80.205431
17,34.056515999999995,-81.130787
17,39.147133,-84.538772
17,43.06639000000001,-76.14333
17,39.626954,-123.580098
17,37.66361,-122.10584
17,34.06525,-80.956772
17,35.254246,-80.982529
17,41.240101,-96.176888
17,28.546833000000003,-81.549649
17,38.815695,-77.138324
17,44.916286,-122.988945
17,30.16842,-81.593549
17,29.937588,-95.356142
17,27.841038,-82.69796
17,37.497871,-77.559586
17,33.891702,-84.25890600000002
17,44.303136,-117.240609
17,34.443268,-118.200917
17,31.760698,-106.267761
17,34.378931,-117.69069
17,39.74002,-104.62886
17,38.051224,-122.22936599999998
17,39.271053,-76.721825
17,35.27824000000001,-80.834518
17,38.552421,-121.376444
17,33.965752,-87.444687
17,41.943769,-88.17786
17,37.85272,-122.29991
17,35.777091999999996,-84.334877
17,47.723881,-122.344969
17,26.575308000000003,-80.069801
17,40.132483,-76.333182
17,36.156658,-86.805809
17,26.708982,-81.600975
17,29.74744,-95.586594
17,34.61869,-82.079849
17,44.65505,-121.11173
17,37.75148400000001,-121.470055
17,42.89233,-83.631737
17,27.694855,-80.892838
17,33.690956,-117.923286
17,44.051651,-92.492642
17,36.159724,-86.78023
17,39.970419,-75.14654
17,34.077939,-117.169331
17,42.092979,-71.22485400000002
17,41.879917,-124.136974
17,36.47434115392458,-119.69039082470088
17,32.939391,-96.747328
17,38.535168,-121.474327
17,34.08234,-118.22083
17,30.388990000000003,-95.696564
17,30.248421,-97.769997
17,27.83951,-82.78696
17,25.601559,-80.352902
17,37.319382,-79.42598000000002
17,33.381809000000004,-82.082268
17,32.690059999999995,-97.024879
17,40.58783,-111.90794
17,40.567978,-78.06501800000002
17,29.564831,-98.586128
17,32.958112,-96.729934
17,39.465709,-121.551693
17,33.939203000000006,-118.095398
17,32.569518,-97.318957
17,33.932209,-84.222321
17,31.590390000000006,-106.271621
17,45.056898,-93.134195
17,29.386562,-98.446663
17,30.329999,-97.744263
17,39.960903,-76.681374
17,40.081623,-82.897293
17,41.296822,-72.754695
17,33.064547999999995,-97.243622
17,40.681622,-74.002663
17,33.810654,-118.287254
17,37.479144,-122.208876
17,34.068657,-118.042221
17,35.382832288573354,-85.98171830136307
17,42.302509,-71.28609499999997
17,35.38549000000001,-118.98813
17,33.951012,-117.866401
17,36.132968,-85.530693
17,40.196525,-75.33910999999998
17,34.0215,-80.946251
17,38.150384,-122.88709
17,30.212714,-97.830968
17,34.039364,-81.09362
17,39.31059000000001,-76.62798000000002
17,34.834911,-82.440788
17,39.740082,-86.120956
17,37.61783,-122.15327
17,40.544547,-111.98431
17,39.89523300000001,-83.853157
17,33.7456,-84.3425
17,40.531027,-80.18995100000002
17,30.263519,-97.730911
17,36.060875,-95.955027
17,33.071483,-117.069959
17,34.06607,-117.32598
17,43.607917,-116.193291
17,36.109604,-86.671494
17,39.872424,-75.0756
17,39.24105048160915,-76.59040331803995
17,32.857982,-96.74832
17,33.470238,-86.760132
17,34.046510999999995,-118.448441
17,25.94017,-80.306747
17,36.09825900000001,-95.859642
17,39.919779,-104.987954
17,29.54895,-98.662247
17,34.10105,-118.24878
17,44.952309,-93.067139
17,42.47715,-83.202026
17,41.766289,-72.68647
17,32.909088,-96.700508
17,27.903481,-82.787079
17,29.78511,-95.4521
17,38.87343,-77.22048000000002
17,34.114745,-80.888674
17,30.440723,-97.687157
17,25.882227,-80.209389
17,43.117249,-83.69442
17,36.055375,-86.674786
17,35.09956,-120.547519
17,34.296690000000005,-118.47341000000002
17,42.884102,-85.68061800000002
17,29.845549,-95.384483
17,38.134167,-122.476424
17,42.651173,-73.776054
17,35.890282,-84.676594
17,34.445479999999996,-81.948669
17,35.037186,-89.795761
17,42.389149,-122.816498
17,39.1273,-94.49773
17,31.324679999999997,-89.329018
17,25.691238,-80.348336
17,44.862255,-93.258003
17,35.49314099999999,-97.4767
17,40.75293,-74.11869
17,37.94844031315829,-122.51263260782947
17,40.732079,-73.32079300000002
17,33.667196999999994,-117.881074
17,40.701424,-73.490227
17,41.647647,-108.641153
17,34.611767,-86.97466999999996
17,41.011928999999995,-73.702141
17,37.362747,-121.887878
17,37.572556,-77.476807
17,30.62837,-88.11820999999998
17,35.42792100000001,-97.55986
17,41.994431,-87.670079
17,30.176631,-93.587172
17,36.00365,-80.18338
17,39.204678,-76.62335999999998
17,32.19911,-83.17652
17,39.955339,-75.27444200000002
17,39.460564,-77.400825
17,42.37983,-117.85013
17,35.798581,-78.564424
17,42.782222999999995,-83.534935
17,28.398495,-81.526661
17,39.789829,-104.989227
17,37.961568,-121.74728799999998
17,32.32634,-86.325218
17,35.411945,-119.054718
17,30.291293,-97.794534
17,37.641502,-121.640355
17,40.71068,-74.00272
17,33.998259999999995,-117.369414
17,38.225463,-122.021605
17,30.171587,-97.627586
17,40.32582100000001,-75.449448
17,28.179769,-82.64594100000002
17,39.905771,-74.985877
17,39.134163,-85.95787
17,39.0475,-77.2289
17,42.206909,-78.99778
17,34.832281,-117.082733
17,35.493149,-97.462311
17,41.770432,-72.669891
17,34.034346,-117.395675
17,34.0531,-118.2284
17,29.949205,-90.103838
17,25.883822,-80.226768
17,30.408619,-97.716049
17,35.22378900000001,-80.749107
17,33.169369,-87.503906
17,33.989014000000005,-117.549454
17,40.399077,-111.5377
17,38.824718,-77.122153
17,43.044321,-89.331239
17,47.137039,-122.525253
17,37.42534600000001,-121.918022
17,40.182693,-74.72341899999998
17,34.788414,-82.377136
17,47.62463,-122.335846
17,28.480377,-82.54355600000002
17,35.161906,-80.718007
17,42.65995,-124.41125
17,40.569164,-78.323111
17,35.257381,-80.885313
17,28.567106,-81.293266
17,30.181282,-81.628235
17,34.424999,-119.720192
17,34.120436,-118.271244
17,39.780014,-84.16291
17,37.946581,-120.334054
17,34.907379,-82.329102
17,40.000221,-75.287903
17,41.326534,-73.65790600000003
17,33.927898,-118.239983
17,26.350828000000003,-80.117874
17,42.153593,-87.984922
17,44.261978000000006,-88.466248
17,30.222567,-97.683277
17,40.023376,-75.034836
17,32.948215000000005,-117.105927
17,30.35083,-91.132736
17,37.861076,-104.828751
17,40.019051,-75.3134
17,41.75009,-72.71555
17,32.875285999999996,-117.229019
17,35.182173,-85.24499499999997
17,47.809063,-122.207733
17,29.7756,-95.642357
17,38.751572,-77.468389
17,34.113152,-80.947716
17,32.763393,-96.665482
17,44.890877008224045,-122.99409985483648
17,36.05365,-115.13769
17,44.86655,-93.420029
17,33.909872,-84.35850500000002
17,37.99258,-84.523003
17,39.782726,-86.143433
17,34.919078999999996,-82.212372
17,34.809464,-82.232681
17,42.180863,-87.98971999999998
17,32.772579,-96.884354
17,28.18612700000001,-82.42996099999998
17,32.765215999999995,-117.10996000000002
17,34.026478999999995,-118.429629
17,30.26295,-97.75785
17,40.290672,-74.052769
17,37.95129,-122.510498
17,34.88015,-82.20626999999998
17,44.858906,-93.35038
17,29.670982,-95.5608
17,27.068,-82.321862
17,40.62882000000001,-74.3025
17,33.518402,-86.82584399999998
17,46.710394,-92.273697
17,42.95534,-85.58955
17,41.176262,-96.061996
17,41.592953,-93.736168
17,40.726035,-73.903086
17,35.7528,-78.667587
17,30.292324,-97.663628
17,34.211704,-118.466207
17,35.014519,-81.959373
17,30.354032,-91.001773
17,42.516785,-71.089539
17,47.621932,-122.302472
17,30.506885,-87.286439
17,35.851028,-78.64337900000002
17,30.292324,-97.663628
17,33.699799,-79.95809200000002
17,42.349499,-71.059822
17,38.580035,-121.505529
17,38.479713,-122.733742
17,28.486795,-81.419402
17,32.922264,-96.752876
17,28.450712,-81.395895
17,39.769445657540466,-79.0543878074691
17,35.20215,-80.75936800000002
17,46.17869,-112.346112
17,33.786709,-84.391312
17,28.477597999999997,-81.239639
17,43.03414463976367,-83.67508292158281
17,40.26278,-112.23411000000002
17,29.544503999999996,-98.578766
17,39.799252,-86.03478199999998
17,25.826303,-80.321793
17,37.549912,-122.025433
17,40.452038,-80.17270699999997
17,34.14032,-118.016769
17,36.77193760854353,-76.25667214357253
17,35.80765128118607,-78.59918475113582
17,34.311887,-82.19759599999998
17,25.757801,-80.297722
17,33.934328,-118.17691299999998
17,28.545027,-81.602524
17,36.178188,-86.45695500000002
17,30.408855,-91.06752
17,40.883068,-111.92997
17,34.052422,-118.253563
17,39.61319,-84.223114
17,34.07274,-117.78324
17,28.539219,-81.26634399999998
17,33.19656,-97.139359
17,37.619122,-121.03041100000002
17,36.797192,-76.149199
17,40.8725631235081,-77.75890231095427
17,29.708404,-95.521394
17,41.10693,-73.419075
17,33.806020000000004,-78.791
17,41.555584,-72.77838100000002
17,32.909092,-96.713867
17,34.06384,-117.2861
17,42.29229,-71.07176199999998
17,32.840171999999995,-97.312782
17,33.818893,-118.187183
17,28.378228999999997,-81.24455999999998
17,40.018635,-83.034279
17,30.344162,-81.668091
17,43.158453,-77.732398
17,38.28212857228144,-85.75267910916446
17,34.61013,-82.571281
17,33.912908,-118.140823
17,33.974723,-118.23834
17,35.195946,-80.79219
17,35.798717,-78.566188
17,38.993057,-94.698051
17,35.015319,-85.251278
17,41.882565,-70.921013
17,35.83845,-78.6742
17,34.034837,-118.236215
17,39.31506,-76.53327
17,40.165378999999994,-75.08802
17,42.644596,-71.722488
17,38.477566,-121.408711
17,25.94014,-80.293785
17,30.422884000000003,-91.141396
17,38.646278,-121.376869
17,45.624538,-94.568384
17,39.318999,-78.073136
17,39.943588,-76.697067
17,33.916431,-118.268695
17,42.895272,-71.359341
17,32.250834999999995,-110.892906
17,28.111804,-81.454014
17,29.57629600000001,-98.478157
17,36.791122,-119.70041
17,25.788321,-80.201637
17,44.95181679704212,-93.347793817075
17,45.08505200000001,-123.41294
17,40.9307,-74.07061
17,41.534893,-72.765614
17,41.72351002673281,-72.62399554217994
17,44.966019,-93.267235
17,35.027195,-85.190724
17,35.210781,-80.824608
17,29.972771,-90.06572
17,25.789557,-80.189086
17,35.449298999999996,-97.574341
17,35.662289,-78.802681
17,33.50368,-117.15294
17,31.768065999999997,-106.44651
17,36.739117,-119.77774
17,25.850362,-80.322286
17,45.130367,-93.422585
17,38.652017,-122.599961
17,38.522782,-122.78714
17,39.27915930729256,-76.82165265046682
17,37.062786,-122.147623
17,25.823117,-80.206385
17,44.119711,-122.639047
17,30.189513,-81.557395
17,43.326965,-73.68261700000002
17,36.175835,-86.74601
17,34.978413,-82.011887
17,34.04068,-117.998613
17,33.91448378546755,-118.10492634716935
17,40.667431,-73.84201800000002
17,45.470116,-122.68418
17,37.33649000000001,-79.220907
17,38.947508,-86.863796
17,34.401024,-81.93650799999998
17,33.685162,-117.171333
17,34.031634000000004,-118.187841
17,42.149139,-71.197998
17,33.98828,-78.99585
17,40.76023220996494,-73.85721087420531
17,27.387184,-82.398286
17,25.89843,-80.20723000000002
17,38.050591,-84.509811
17,42.011909,-87.791519
17,26.676741,-81.883107
17,41.13865300000001,-95.946373
17,37.683304,-122.127095
17,30.461796000000003,-97.79412
17,34.373098611667764,-84.90756869275614
17,42.316723,-71.208908
17,35.423435,-97.618668
17,37.552074,-77.4505
17,33.214531,-80.448082
17,39.053207,-94.679214
17,34.702498999999996,-83.001007
17,40.779308,-73.571701
17,41.238571,-73.760574
17,37.45882,-122.137894
17,32.362663,-86.21401999999998
17,33.182353000000006,-117.300428
17,42.353966,-88.09335300000002
17,34.379317,-117.418091
17,32.822205,-96.629646
17,36.158488,-86.640221
17,39.345128,-76.647328
17,30.28485,-97.72594
17,40.845654,-73.931679
17,36.707457,-78.116236
17,28.551979,-81.47738100000002
17,34.48946,-118.13741
17,25.925505,-80.265977
17,41.095577,-73.936325
17,34.072643,-80.98009499999998
17,33.978249,-81.195084
17,38.016566999999995,-121.99115
17,26.679218,-80.166565
17,36.939892,-113.823164
17,41.684361,-73.86601999999998
17,33.754749,-117.850891
17,41.039482,-78.398155
17,38.29763,-85.548363
17,37.6996,-121.070808
17,32.47432,-84.98754
17,35.180859000000005,-80.89394399999998
17,26.461716,-80.088387
17,33.769969,-84.519786
17,29.701851,-95.375214
17,36.234821,-95.98455
17,40.808796,-73.903778
17,26.098701,-80.25059
17,34.360966999999995,-118.505707
17,30.491927,-86.12104699999998
17,45.09539,-93.18808
17,31.769335,-106.303513
17,32.627657,-80.883646
17,29.694828,-95.319313
17,41.64957800000001,-93.619904
17,32.151196,-81.424622
17,45.508319,-122.777943
17,40.57977318744383,-75.70424437486791
17,34.065997,-117.804502
17,47.706837,-122.329681
17,40.731036,-74.04995600000002
17,29.92235100000001,-95.394268
17,40.842608,-74.017542
17,28.01270127,-82.54537940000002
17,34.171248999999996,-118.518524
17,34.929390000000005,-82.452438
17,30.31725,-81.67769
17,35.45491,-97.547958
17,32.33732,-111.02942
17,40.047825,-80.735046
17,33.884048,-118.028969
17,32.85528,-97.01432
17,40.001743,-75.27505500000002
17,38.045565,-103.701611
17,30.440794,-91.179077
17,34.155172,-118.443758
17,40.198788,-75.256813
17,43.660085,-94.111129
17,33.83065,-118.254906
17,35.734417,-120.284392
17,36.08989,-95.904381
17,39.539983,-77.313956
17,39.051247,-94.497818
17,39.01708,-77.10181999999998
17,41.132542,-96.139084
17,40.69980200000001,-111.902306
17,37.66896,-122.1094
17,34.94305,-82.253883
17,37.63629,-122.4037
17,32.301972,-110.948329
17,33.168407,-87.516914
17,32.758945000000004,-96.99704
17,28.546290999999997,-81.504143
17,35.522278,-97.587341
17,33.567539000000004,-112.164757
17,30.222859999999997,-97.763962
17,39.32158,-76.5737
17,39.786491,-86.135377
17,41.093012,-78.849924
17,40.686584,-111.797691
17,46.616521,-112.020734
17,39.972504,-75.04029799999998
17,36.151602,-86.80163399999998
17,36.699016,-121.667832
17,32.702412,-97.234741
17,35.864281,-78.620102
17,34.029872999999995,-118.392464
17,36.834946,-76.28791
17,38.207457,-85.751148
17,35.501903999999996,-80.847351
17,35.309986,-80.838875
17,30.691941999999997,-88.028114
17,32.939739,-96.768906
17,35.22691,-80.83672299999998
17,33.86293,-80.867439
17,39.7409713266385,-104.66141581485432
17,41.162383,-111.950141
17,33.875331,-118.193156
17,42.572656,-70.969716
17,37.826946,-122.286156
17,42.45768,-83.099068
17,36.041391,-86.70374
17,28.551979,-81.47738100000002
17,40.707405,-74.059952
17,35.809891,-78.70549799999998
17,39.658073,-104.84304
17,40.581563,-74.330811
17,32.923908000000004,-96.764305
17,46.702632,-92.306678
17,34.735039,-86.627296
17,35.23986400000001,-80.88580300000002
17,35.040539,-80.86158
17,42.108199,-75.845809
17,35.472469,-119.498632
17,33.897822,-117.275129
17,39.09426,-76.87513
17,32.442364000000005,-85.826824
17,25.598595,-80.354202
17,44.440779,-117.324464
17,29.726364,-95.41861
17,41.799038,-87.703717
17,37.625623,-77.452025
17,37.264448,-80.15733
17,36.141890999999994,-86.641373
17,26.790056,-80.131843
17,35.125147,-90.072718
17,33.909714,-117.281723
17,25.631113,-80.414558
17,32.843952,-96.634621
17,34.77467,-82.462868
17,28.09367,-82.73971
17,40.86762785892073,-74.44626688921716
17,41.718777,-87.806725
17,38.86898,-76.84461999999998
17,34.645111,-118.21842
17,38.343358,-75.219718
17,35.274109,-80.79351
17,32.82204,-96.878352
17,42.43837237337857,-73.55485081637595
17,32.443837,-83.754926
17,38.405547,-78.903675
17,44.815369,-93.602326
17,38.63853,-90.47714
17,38.204781,-121.170959
17,39.766861,-86.145638
17,37.96494000000001,-122.32491
17,38.5802,-121.50501
17,40.496449,-82.718262
17,30.19351,-97.753608
17,38.881938,-77.118433
17,26.155928,-81.345016
17,37.607331,-77.59045400000002
17,44.89064000000001,-93.26783
17,32.181419,-110.969627
17,33.744957,-84.349197
17,33.485061,-112.040827
17,33.837082,-117.300743
17,41.959048,-78.65879100000002
17,41.808636,-74.05275
17,38.099869,-85.82450899999998
17,35.493282,-97.521034
17,33.854183,-86.565208
17,38.61736178379717,-121.42017960490509
17,35.23614699999999,-80.839399
17,29.987721,-90.080693
17,25.955054,-80.243183
17,36.96706,-76.29364
17,29.721027000000007,-95.468195
17,28.1416,-81.89408
17,26.368399,-80.118271
17,39.798805,-86.040695
17,32.263252,-111.005745
17,34.093877,-80.85576
17,37.180897,-112.004867
17,33.756211995917525,-117.8315126890286
17,42.321091,-83.215202
17,43.602705,-116.244603
17,38.956061,-77.012964
17,45.139054,-122.842086
17,41.26312,-96.13279
17,35.075024,-89.861343
17,34.861088,-82.253925
17,33.94202,-81.61637900000002
17,37.050375,-80.714268
17,36.326869,-119.30835
17,25.903321,-80.210128
17,32.968693,-96.821411
17,33.777,-117.831192
17,34.06375,-117.27386
17,31.137763,-81.574752
17,39.032993,-77.624273
17,33.81013,-117.8321
17,42.198051,-83.239677
17,39.787785,-86.19098699999998
17,47.104926,-96.957539
17,33.916428,-118.285736
17,41.493045,-94.667229
17,25.882663,-80.248667
17,41.246148,-73.094915
17,38.656738,-121.071823
17,36.104439,-95.85569
17,38.490482,-85.771599
17,40.458771,-78.40943100000001
17,47.66127,-122.31311
17,40.260929,-76.114136
17,25.892153,-80.184525
17,39.64415,-75.672234
17,44.951744,-93.167511
17,33.49487,-111.89171
17,35.877436,-119.25928799999998
17,36.906737,-76.893345
17,34.021473,-80.946327
17,46.965213,-114.14505
17,35.046783685517084,-80.78402638396842
17,36.996821,-122.028858
17,32.834523,-117.194877
17,30.642749,-85.013277
17,42.449127,-93.569244
17,33.014551000000004,-96.708432
17,38.88689,-77.22015400000002
17,46.972843,-123.703644
17,29.742062,-95.336723
17,39.70037341098928,-86.15383028942988
17,30.413565,-90.041092
17,41.438461,-81.807365
17,28.378534,-81.400581
17,30.6525,-88.145981
17,42.13274000000001,-72.60857
17,47.668526,-122.299553
17,32.78221,-117.00528
17,41.97857737521181,-87.86973595577301
17,39.967821836280976,-74.22982335055242
17,33.856827,-118.028671
17,41.28899000000001,-96.087563
17,30.3682,-81.76082
17,33.988406,-117.904394
17,34.004534,-118.063792
17,43.64954,-70.28904
17,32.605540000000005,-97.32037
17,44.85928300000001,-93.394936
17,29.870203000000004,-95.548264
17,41.24652800000001,-87.29565
17,42.903782,-85.780579
17,37.770278999999995,-122.222084
17,40.65987,-77.620475
17,35.184757,-80.887941
17,30.39,-87.065075
17,35.211013,-119.164658
17,33.2001,-87.572144
17,36.84602,-76.179443
17,32.856438,-80.022621
17,43.252583741935474,-73.64175438845804
17,35.920792,-78.46611
17,41.52307,-73.89501
17,38.779283,-77.326994
17,38.713499,-121.765149
17,35.147797,-80.896446
17,25.761489,-80.353933
17,42.33756,-88.02409
17,28.03298,-82.45500899999998
17,34.11842,-80.880089
17,41.980801,-74.009353
17,37.401657,-77.424706
17,34.256908,-119.187775
17,33.168053,-87.52325400000002
17,34.132544,-118.07331
17,32.903764,-117.116557
17,34.966029999999996,-82.02388
17,33.781009999999995,-117.489648
17,41.12027,-80.293037
17,34.083534,-117.693756
17,37.500978,-122.35708
17,30.36825,-91.074501
17,39.062745,-94.679176
17,35.829147,-78.26944300000002
17,30.526217,-91.127045
17,33.38715,-117.174477
17,35.220126,-85.114589
17,33.839852,-117.133426
17,30.443742,-84.26169
17,42.23482,-72.1423
17,28.472456,-81.406474
17,35.742981,-78.680328
17,38.538242,-121.473648
17,29.657965,-82.41905200000002
17,34.921440000000004,-81.991341
17,38.636486,-121.385834
17,28.087939,-82.449168
17,32.932621000000005,-96.77285
17,28.590379,-81.755539
17,30.508921,-87.25524300000002
17,37.43487800000001,-79.870789
17,32.836914,-96.914864
17,39.333565,-85.97168
17,35.014297,-85.231442
17,41.13805,-111.87288
17,34.208247,-118.448767
17,43.040623,-89.378304
17,41.75296,-71.43896
17,40.752468,-73.746063
17,29.486851,-98.576973
17,47.898911,-122.109337
17,40.427436,-79.921752
17,30.379928999999997,-97.526505
17,34.840542,-81.969177
17,30.391363,-91.01857
17,34.083553,-118.298805
17,42.17010300000001,-121.698082
17,29.83151,-95.33453
17,39.286041,-76.738197
17,40.643311,-75.43195300000002
17,42.218506,-88.057816
17,35.16507,-80.911629
17,42.455887,-71.379173
17,32.19361,-110.858023
17,28.53912,-81.475815
17,40.33199000000001,-83.07358
17,30.219118,-92.075867
17,40.490044,-78.413483
17,30.32213,-97.689041
17,30.275951,-97.736038
17,42.36776,-71.116341
17,34.10625,-117.5339
17,37.262292,-121.951075
17,38.788189,-90.533051
17,35.60974500000001,-97.602814
17,35.82045,-78.325811
17,31.749069,-106.301743
17,34.845161,-82.402039
17,42.74107,-73.69189
17,40.335251,-75.939583
17,35.771984,-78.61724
17,41.78185300000001,-71.423447
17,48.771051,-122.463359
17,33.848392,-86.82624799999998
17,42.956486,-85.58998100000002
17,30.411131,-91.051544
17,34.00490300000001,-117.930245
17,38.62888,-121.4056
17,38.540779,-121.510918
17,41.36578400000001,-72.108467
17,28.407494,-81.47731800000003
17,38.609767,-76.962671
17,36.262917,-86.680962
17,33.174854,-117.195493
17,34.23085,-118.39868
17,33.462551,-112.477516
17,26.431476,-80.172814
17,28.196197,-82.464894
17,28.520722,-81.31026700000002
17,43.049484,-87.925804
17,35.102642,-81.626846
17,34.085322999999995,-117.690279
17,41.318146,-72.90347299999998
17,35.204861,-80.835892
17,35.821129,-78.664116
17,45.326431,-121.908279
17,43.877147,-93.394674
17,42.336582,-83.059425
17,32.19221,-86.11706
17,35.774769,-78.475761
17,42.08100200000001,-87.979893
17,40.649506,-75.41301700000002
17,26.188128,-80.151657
17,32.839127000000005,-79.965897
17,42.422855,-71.248047
17,42.266037,-84.620377
17,41.045124,-73.77005799999998
17,36.11599802953665,-86.70445561367653
17,36.08379,-86.764229
17,32.178041,-110.926322
17,37.489168,-121.943776
17,43.819923,-93.019518
17,33.392959999999995,-111.926338
17,27.36698,-82.446791
17,41.229735,-122.1347
17,32.7184546,-96.7590487
17,35.177345,-80.817513
17,38.896461,-77.193055
17,34.135574,-118.000885
17,30.224701,-92.009918
17,27.86539,-82.79525
17,36.843476,-76.138834
17,37.676479,-122.103569
17,37.948442,-122.512649
17,32.443748,-93.771576
17,25.897036,-80.249724
17,36.10447,-95.85108
17,39.57386,-107.451172
17,37.8878,-122.30926
17,38.77844,-77.508302
17,35.192695,-80.779974
17,40.84744600000001,-73.934563
17,37.75024000000001,-121.13897
17,41.960899,-87.957237
17,39.096206,-94.563952
17,40.46531796436088,-76.34552836381745
17,37.67302,-77.61555
17,42.36484,-122.91002
17,37.668953,-122.10939
17,41.78417,-72.660566
17,40.853786,-73.963249
17,37.845871,-122.247887
17,41.76435,-72.6314
17,40.0043,-105.258565
17,39.909447,-86.076645
17,41.546242,-72.109062
17,34.223042,-119.148033
17,41.820113,-78.286941
17,39.952479,-83.125739
17,38.646744,-90.530266
17,36.041484999999994,-95.88607
17,28.04585800000001,-82.684731
17,25.925512,-80.276774
17,37.612599,-77.607202
17,27.811629,-82.74188000000002
17,43.847536,-75.941183
17,33.814036,-118.180685
17,34.174521,-79.813407
17,38.519602,-122.470493
17,30.181343,-92.075035
17,36.14497100000001,-86.709941
17,42.97099,-78.91389000000002
17,39.988026,-74.209885
17,28.59828,-81.71853
17,35.179851,-120.734182
17,34.133068,-118.352493
17,25.820546,-80.280355
17,33.411053,-111.995293
17,42.323101,-88.163225
17,33.994228,-117.905077
17,34.903853999999995,-118.16496399999998
17,43.087431,-75.200164
17,38.561962,-121.646255
17,41.01214,-76.223446
17,47.652557,-117.411217
17,36.47728085500489,-80.7533633705103
17,30.011762,-95.427879
17,36.84616,-76.18072
17,35.81327800000001,-78.65825699999998
17,38.413616,-122.71641499999998
17,42.944214,-83.692116
17,38.005692,-121.835381
17,32.315191,-110.976852
17,40.75414,-73.89872
17,41.176196999999995,-96.158318
17,39.099583,-84.504173
17,36.591526,-121.880188
17,32.601531,-117.089727
17,34.208153,-84.759834
17,34.413764,-117.23215
17,40.08549,-75.125
17,39.584158658792575,-104.87888932178078
17,34.241192,-117.868729
17,38.977866,-121.135746
17,44.97105,-93.252518
17,29.67445,-95.269447
17,36.96,-76.261275
17,38.957305,-121.101533
17,35.782,-80.25496
17,34.896931,-82.478943
17,33.987904,-117.896515
17,36.06445,-80.26389
17,40.251606,-76.87152900000002
17,38.75167,-90.7561
17,30.336691,-97.718307
17,25.581467,-80.366943
17,30.46964,-84.23091
17,28.61508,-81.207578
17,30.219765,-97.692795
17,43.024624,-88.112934
17,40.103245,-82.937721
17,34.153069,-118.37023899999998
17,33.942409999999995,-79.20652
17,29.689306,-95.554917
17,30.265802,-97.734673
17,37.083864,-121.1016
17,37.38055,-121.95846
17,38.923061,-75.952235
17,27.461334,-82.62908399999998
17,28.106667,-81.62361899999998
17,37.471425,-77.581008
17,28.004399,-82.598614
17,45.218813,-93.236477
17,36.772671,-121.669113
17,29.67781,-95.42791
17,32.759979,-96.794403
17,46.176121,-123.52708
17,34.185849,-118.12323
17,34.755774,-82.358263
17,39.967312,-74.91128499999998
17,32.680706,-116.296082
17,28.534556,-81.47570999999998
17,38.598332,-121.401428
17,25.733249,-80.33381899999998
17,26.433781,-80.089763
17,38.19275,-85.71254
17,32.749702,-96.918518
17,34.789829,-82.486458
17,40.75507,-73.74562
17,37.927086,-79.236184
17,40.436363,-104.992416
17,42.351326,-71.15094
17,39.268929,-76.631401
17,38.995396,-119.949692
17,44.955292,-93.076171
17,33.236558,-80.455877
17,35.18665,-90.0171
17,33.447959999999995,-82.006729
17,43.086357,-71.47375500000003
17,44.293456,-124.11101399999998
17,41.813931,-71.439766
17,42.360237,-122.855629
17,35.811352,-78.565781
17,44.890656,-93.318886
17,38.942675,-77.025715
17,40.07122800000001,-76.325035
17,30.221874,-91.999985
17,35.092911,-118.914719
17,34.023506,-118.172073
17,28.959935,-81.26518100000001
17,38.752253,-89.90728100000003
17,39.01381,-77.053752
17,30.235411,-97.727348
17,38.781549,-76.893001
17,47.46964000000001,-122.33008999999998
17,34.842467,-82.39860999999998
17,25.927404,-80.208067
17,35.594406,-97.585037
17,35.493248,-97.536774
17,34.03913,-118.212688
17,33.159218,-87.549019
17,39.736061,-84.093002
17,33.451359000000004,-112.091316
17,39.20483,-120.199402
17,37.419785,-79.88266800000002
17,34.040577,-118.171365
17,39.65331673603223,-76.65986180268926
17,30.392751,-91.160784
17,27.719679,-97.399844
17,37.17026,-121.9898
17,41.810738,-87.947052
17,33.780003,-84.390877
17,40.98864,-73.8405
17,39.412128,-74.554474
17,37.126087,-122.122543
17,40.690312,-111.93892
17,33.740811,-117.833808
17,46.53981327988368,-112.83129572814543
17,40.65935969333334,-73.77346157992471
17,32.220069,-110.98846100000002
17,28.676372,-81.38829799999998
17,25.928634,-80.18888000000003
17,34.051069,-118.213899
17,33.975387,-117.843248
17,38.98586,-76.987998
17,35.376431,-80.785347
17,36.051856,-95.886318
17,27.489012,-82.4648
17,35.11962,-80.88122
17,32.716808,-96.820534
17,35.77141,-78.72095
17,41.346058,-120.92179
17,35.774151,-78.63681
17,33.743233000000004,-81.867912
17,35.225504,-80.843106
17,31.795759000000004,-106.40361
17,40.207957,-75.51425
17,42.956118,-83.724531
17,35.586126,-80.05495
17,39.268406,-84.441071
17,39.850227,-77.27924499999997
17,29.438219,-98.380753
17,29.78433,-95.48716
17,40.343674,-75.951698
17,40.640919,-74.645752
17,32.421337,-86.229889
17,32.288624,-90.242126
17,40.419036,-111.876494
17,32.742215,-96.682816
17,45.127998,-93.356186
17,45.417845,-122.317887
17,38.036716,-78.503311
17,43.211589,-77.534125
17,41.994411,-88.024178
17,38.498049,-121.203751
17,39.448002,-76.68541
17,38.971164,-77.179063
17,36.042858,-86.606445
17,40.643311,-75.43195300000002
17,34.07266,-118.0565
17,32.679352,-97.240669
17,27.93767,-82.21959
17,46.27654910065518,-112.74709582275034
17,41.20573,-73.19084000000002
17,28.547353,-81.253005
17,32.773635999999996,-97.061768
17,35.03392,-82.42569
17,36.086128,-86.729393
17,33.692108000000005,-84.490196
17,40.138996,-75.244232
17,25.884154,-80.35106999999998
17,32.668175,-97.35598
17,28.02314,-82.244713
17,39.189462,-81.658665
17,41.75427,-87.9213
17,39.21819,-76.66141
17,30.35425,-91.11026
17,39.492536,-123.363774
17,30.152265000000003,-82.032741
17,29.039661,-82.485988
17,40.751879,-73.942849
17,45.293487,-93.55387
17,28.386273,-81.244334
17,25.824383,-80.3237
17,36.11026,-95.88636
17,27.26458,-82.526507
17,38.932091,-84.560013
17,42.73682713488228,-84.5102369781279
17,37.560959,-121.906715
17,32.777323,-96.780175
17,42.95723,-83.83075
17,34.287568330601275,-119.15997862759036
17,40.77832,-73.242165
17,33.90858293,-84.22896981
17,32.16335,-110.95569
17,33.996961,-117.930567
17,27.74465,-82.677299
17,41.716866,-88.007217
17,41.803559,-71.403885
17,35.311690999999996,-80.83712
17,47.667095,-122.126808
17,37.392653,-77.506989
17,42.965716,-123.817366
17,40.677868,-75.34030899999998
17,34.093838,-117.934181
17,35.78393900000001,-78.699577
17,40.033085,-83.124001
17,40.751316,-74.19628900000002
17,32.66292,-97.28763
17,26.139532,-80.343436
17,33.941813,-118.353781
17,30.220793,-81.57133499999998
17,39.74668,-84.251736
17,33.459511,-112.306107
17,33.714756,-84.24092900000002
17,38.317234,-88.89909399999998
17,38.154846,-122.422081
17,41.259934,-74.914242
17,36.118969,-95.85112
17,37.74496,-122.40522
17,38.608906,-121.270538
17,34.024969,-117.735532
17,25.732124,-80.384361
17,38.596647,-78.805696
17,38.792026,-77.08472900000002
17,39.800655,-76.985954
17,41.55132800000001,-73.037915
17,40.732468,-74.124313
17,42.932564,-78.76619000000002
17,38.351089,-77.457893
17,35.075077,-80.530603
17,34.00354,-117.93046499999998
17,37.39989,-122.03164
17,27.44243,-82.46374
17,37.43664,-121.91969
17,33.48868,-112.126811
17,33.803259999999995,-79.008092
17,34.5597,-82.627769
17,42.368061,-71.297371
17,30.31913,-81.77059200000002
17,33.988571,-117.909684
17,35.90853,-78.641625
17,38.58461,-121.503044
17,30.420137,-89.720177
17,29.733256,-95.460665
17,41.64394,-93.698051
17,39.782169,-85.99575
17,34.986759,-81.94635799999998
17,39.80283,-104.9365
17,40.84520300000001,-73.916702
17,33.685520000000004,-117.8637
17,41.042454,-73.787994
17,40.177449,-75.21315899999998
17,30.005047,-90.208946
17,34.399651,-82.63752
17,27.94475,-82.50154
17,25.629258,-80.382456
17,34.039101,-118.701889
17,36.789803000000006,-76.181287
17,34.027786,-118.453442
17,33.811209000000005,-118.293154
17,40.11675,-75.120641
17,42.607235,-71.325478
17,33.99414,-117.90955
17,38.903072,-94.371536
17,30.509745,-97.686188
17,25.888161,-80.25147199999998
17,46.072648,-123.916919
17,42.292010999999995,-71.095848
17,26.622107,-81.738508
18,33.57388,-83.850965
18,39.374594,-76.454284
18,35.797852,-78.556587
18,29.967218,-90.102352
18,32.780623999999996,-117.087975
18,37.903398,-122.069808
18,37.766258,-121.16687
18,33.920883,-79.153885
18,33.62839,-117.72043
18,41.122542,-73.353615
18,32.139381,-110.840698
18,32.762489,-96.775543
18,41.53851,-72.81609399999998
18,32.846298,-117.171432
18,42.520538,-71.133377
18,42.697549,-74.05327199999998
18,34.167912,-82.14292900000002
18,38.201824,-85.688988
18,37.510857,-77.424977
18,35.241774,-80.985046
18,27.922914,-82.33796
18,37.509215999999995,-77.48479499999998
18,33.848896,-82.25415799999998
18,40.082397,-82.906921
18,32.69138,-96.891357
18,30.17091,-97.690987
18,30.489921999999996,-84.425629
18,34.833256,-82.445984
18,27.269240000000003,-82.498888
18,33.701244,-79.015404
18,32.676679,-96.695161
18,39.53212,-107.70645
18,40.333698,-111.711029
18,40.11093,-82.9924
18,36.375944,-77.66383499999998
18,30.819572,-83.00354399999998
18,33.768028,-117.284195
18,27.760895,-82.671112
18,38.891539,-77.424193
18,38.761639,-121.2591
18,28.616569,-81.27046999999997
18,40.689796,-73.633018
18,36.203178,-86.987239
18,35.188905,-80.77294300000001
18,25.869213,-80.208313
18,33.901070000000004,-84.244003
18,33.943311,-80.687825
18,25.80052,-80.320839
18,35.609039,-97.300484
18,30.004986,-95.29158
18,35.380833,-119.044167
18,39.921474,-86.11245
18,35.460289,-97.654091
18,28.5445,-81.277565
18,25.91134,-80.236165
18,35.46643800000001,-97.509804
18,35.048229,-81.984756
18,40.056431,-111.730751
18,41.27726,-111.982979
18,33.767693,-117.919937
18,42.97525,-83.613686
18,42.026421,-87.793747
18,35.87355,-78.83040600000002
18,33.569309000000004,-81.815735
18,36.198248,-86.784099
18,32.235935999999995,-110.947461
18,42.42756,-82.9265
18,41.74437,-87.849411
18,35.662329,-78.802653
18,41.889664,-88.30461899999996
18,43.035189,-89.41779
18,43.60114,-116.577585
18,40.877022,-73.923299
18,31.626049,-84.176941
18,29.786793,-95.372124
18,34.212032,-118.348595
18,36.845512,-76.252434
18,27.956660999999997,-82.46093
18,33.97757,-80.931252
18,38.940171,-94.578498
18,42.902747999999995,-83.646111
18,35.81094,-78.536926
18,40.215714,-75.54548
18,41.011725,-73.70180500000002
18,48.470737,-122.342125
18,40.625832,-89.464424
18,38.95199418049359,-78.17861437760267
18,40.109134999999995,-83.111221
18,35.978633,-119.956958
18,42.44136,-83.346312
18,40.732533,-74.118463
18,33.686464,-111.986935
18,42.978516,-77.232529
18,43.021640999999995,-73.79160300000002
18,29.702346999999996,-95.440178
18,35.014519,-81.959373
18,38.896647,-77.068218
18,33.919196,-118.255785
18,37.448879,-122.12313799999998
18,34.939388,-82.055161
18,42.287399,-71.042358
18,35.095307,-81.64429200000002
18,40.128062,-75.427673
18,40.929466,-73.848267
18,31.651704,-106.267501
18,40.309839,-78.301367
18,41.42688,-72.6356
18,37.972859,-121.24693
18,33.472038,-79.104698
18,32.412109,-80.646843
18,34.440453999999995,-119.756222
18,41.301373,-95.958961
18,40.56249,-74.32234
18,36.996302,-120.102358
18,42.788902,-83.78621700000002
18,36.027552,-86.784134
18,33.813004,-118.29819
18,37.690893,-79.810905
18,35.16291260702532,-92.6366007323616
18,36.961287,-121.536864
18,28.376026,-82.203994
18,35.483051,-97.486069
18,32.975494,-96.715935
18,39.779591,-104.98822
18,42.230705,-71.123215
18,32.837339,-117.137091
18,38.964832,-76.93953499999998
18,42.35926,-88.09079
18,39.29373,-76.55286
18,39.868066,-75.102098
18,42.47606,-88.15262
18,38.94090056400804,-76.88375115357931
18,28.4211,-81.42886
18,36.844571828666474,-76.4343631263903
18,40.31586,-111.72587
18,36.03595,-86.61113
18,40.38107,-80.09485
18,40.550196,-74.32189100000002
18,36.728214,-119.796242
18,40.658604,-95.887081
18,25.937175,-80.27730799999998
18,33.913158,-79.856323
18,34.736568,-80.132217
18,38.91056500000001,-77.218071
18,27.89438,-82.76231999999997
18,37.80811,-122.36719
18,40.759136,-73.736183
18,26.581751,-81.713821
18,28.365501,-81.38359799999998
18,29.512334999999997,-95.387642
18,42.152956,-87.86374
18,41.764126,-87.905968
18,25.933097,-80.121872
18,34.293745,-118.470697
18,37.739334,-121.59082
18,34.20887800000001,-86.87889100000002
18,25.715997,-80.353001
18,29.844501,-95.537415
18,40.74465900000001,-73.971039
18,25.670941,-80.414505
18,34.152894,-118.279931
18,45.829608,-95.140052
18,36.859731,-79.47851800000002
18,32.752229,-96.856826
18,38.2556,-121.440079
18,35.789066,-78.642761
18,32.757834,-96.879688
18,40.870521999999994,-73.308006
18,40.961731,-74.598253
18,30.261003,-97.758369
18,30.478546,-91.149574
18,39.69485878925469,-78.14672827683378
18,37.10453,-76.48969
18,35.493271,-97.614548
18,36.122714,-86.717457
18,39.91368,-83.01722
18,29.612005,-82.382287
18,40.023228,-76.27939599999998
18,26.011003,-80.166901
18,37.76134,-97.320581
18,39.644787,-78.787926
18,33.940616999999996,-117.396576
18,47.675999,-122.358459
18,43.92116,-121.35061
18,30.448338,-97.792007
18,43.10804,-88.45371999999998
18,36.121887,-95.940292
18,39.51725,-75.57925
18,41.84164000000001,-87.99424
18,31.19046,-85.40155
18,33.497662,-80.84174300000002
18,38.558484,-121.382929
18,33.758179,-84.34921999999997
18,25.961437,-80.246441
18,41.21255900000001,-95.986015
18,30.443907,-91.165238
18,37.88478900000001,-78.032028
18,33.989792,-117.35006
18,38.43817,-90.911438
18,35.22199600000001,-80.65061999999998
18,37.05249,-122.07322
18,30.16906,-81.60231
18,43.151740999999994,-83.520111
18,39.0976274,-94.59813237
18,38.86210300000001,-77.345795
18,37.424278,-77.63237
18,41.958354,-76.992526
18,39.56778,-76.14063
18,29.990822,-90.07029200000002
18,33.788354,-117.987475
18,26.26943,-80.1258
18,38.481587,-121.334751
18,33.992343,-118.067671
18,37.137367,-93.24881
18,33.732151,-112.121422
18,33.587216,-112.244627
18,34.820221000000004,-82.26200899999998
18,38.55817,-121.38584
18,43.638279,-123.553883
18,40.75064,-77.17725300000002
18,33.518607,-111.88792
18,38.553612,-121.474251
18,25.974489,-80.165747
18,45.20096182801628,-123.16653370798508
18,33.862499,-84.380264
18,29.70165,-95.29513
18,33.696762,-84.40499100000002
18,27.893654,-82.276871
18,41.847542,-87.926216
18,44.960304,-123.284945
18,30.368481,-91.10321
18,40.735831,-74.088624
18,45.074574,-93.286888
18,41.264042,-77.597672
18,33.768978000000004,-84.390587
18,39.411735,-75.13498100000002
18,29.767464,-95.455879
18,40.27376,-104.13131
18,37.85560200000001,-121.255454
18,30.227746000000003,-97.781243
18,30.448193,-97.792488
18,35.99079099999999,-83.951279
18,29.733997,-95.329501
18,47.654648,-122.342476
18,42.007679,-88.226303
18,44.875278,-93.075874
18,39.041759000000006,-94.362434
18,33.889003,-117.512395
18,34.940787,-120.417323
18,34.037108,-117.209419
18,29.813297,-95.399406
18,38.647565,-76.954596
18,42.003525,-88.183762
18,37.368201,-79.251772
18,41.65345,-93.573537
18,37.746059,-122.149368
18,30.479692,-84.363014
18,26.116587,-80.322014
18,46.915068,-112.119393
18,25.925516,-80.171996
18,40.977651,-111.896183
18,30.21708,-97.75111
18,29.71616,-95.494965
18,45.52711,-122.66537
18,37.361247,-79.680628
18,37.366046,-120.705432
18,35.74646,-78.695786
18,32.86533,-96.780373
18,33.961225,-118.070761
18,30.411345,-91.015678
18,37.34102,-121.92787
18,42.487232,-83.475662
18,33.855497,-117.959259
18,40.519386,-78.870901
18,35.843719,-78.3293
18,35.274189,-80.835983
18,36.844871999999995,-76.26765400000002
18,30.434312,-91.057491
18,41.014351,-73.639462
18,35.125007000000004,-81.5625
18,35.775593519040214,-78.5547673698494
18,37.513943,-77.455093
18,33.740497999999995,-117.833717
18,39.600903,-84.22884499999998
18,30.190622,-97.770279
18,35.841263,-78.684494
18,40.103405,-75.147672
18,38.554733,-121.40433
18,33.792896,-117.879372
18,42.725525,-87.953827
18,40.834731,-74.149361
18,35.195722,-80.792539
18,40.733154,-73.307498
18,40.733887,-73.86506700000002
18,43.911653,-121.351586
18,40.028098,-75.628095
18,35.010381,-80.970658
18,34.830884999999995,-82.446365
18,35.724838,-78.573212
18,45.55876,-123.92528
18,37.741337,-121.580818
18,40.782681,-73.943413
18,33.99953,-117.8497
18,38.954758,-76.07989
18,34.961040000000004,-81.958748
18,42.970295,-73.801781
18,39.982746,-82.81427
18,40.733364,-77.635719
18,34.844971,-82.30972299999998
18,41.648261,-87.014312
18,35.174521999999996,-80.708138
18,30.174205,-97.638968
18,39.620945,-119.890833
18,39.798061,-86.11685200000002
18,40.808821,-73.164419
18,47.653584,-117.395218
18,34.313514,-118.488349
18,37.87551,-122.04573
18,36.544769,-119.289253
18,25.847122,-80.207489
18,32.349108,-111.098643
18,35.325668,-80.945213
18,33.915453,-84.41854000000002
18,39.910618,-75.15815
18,33.46196,-112.13976
18,34.948242,-82.224731
18,34.068695,-117.839516
18,40.6824,-76.190742
18,33.790413,-118.099365
18,39.161896,-84.555962
18,29.717746999999996,-95.519997
18,35.22607,-80.835732
18,34.822659,-82.291275
18,37.583099,-122.05013999999998
18,33.831657,-86.584198
18,36.833851,-76.137672
18,44.939808,-93.075615
18,28.577901,-81.46427800000002
18,40.66141500000001,-77.20349
18,33.610882000000004,-112.133827
18,38.544779,-121.47398
18,40.01063900000001,-75.207698
18,38.69395,-119.54852
18,35.08502,-80.87356
18,30.021863,-90.001255
18,34.139423,-81.318497
18,40.769135,-73.91066
18,36.135521,-95.922434
18,33.63191,-117.17128999999998
18,30.413952,-97.633011
18,38.84684,-77.079926
18,35.22037800000001,-89.74171899999997
18,36.92325,-119.79397
18,33.997066,-117.93118
18,25.706672,-80.286521
18,34.067863,-117.402756
18,38.44677,-122.196218
18,36.352489,-82.344963
18,38.296249,-122.036125
18,40.71672,-73.825147
18,35.844866,-78.801653
18,38.056442,-122.148514
18,32.889401,-117.233466
18,34.858849,-82.26042199999998
18,36.048752,-86.713654
18,28.551229,-81.57096899999998
18,33.712478999999995,-84.223015
18,32.293865999999994,-95.325357
18,41.87329,-87.79961999999998
18,37.49881,-77.4703
18,41.275078,-95.880524
18,29.72941,-95.44641
18,42.34682,-88.28216
18,35.076077000000005,-89.983879
18,33.859857,-117.536484
18,32.662994,-117.062569
18,32.672203,-96.985245
18,41.694454,-91.638298
18,28.615119,-81.47613100000002
18,39.929893,-86.268211
18,28.83462,-82.329033
18,37.206162,-104.495478
18,35.56562,-97.63842
18,25.852936,-80.37870799999997
18,38.8704,-94.79737
18,33.91001,-84.36326
18,34.135574,-118.000885
18,34.164017,-118.469467
18,38.426913,-122.715135
18,33.762489,-84.491287
18,32.791607,-96.803276
18,33.412163,-86.80587
18,40.370434,-78.43602800000002
18,34.132378,-79.951286
18,33.504711,-86.81656600000002
18,33.217857,-111.989471
18,45.497292,-118.417328
18,34.247527000000005,-117.309291
18,41.02823853473173,-73.60199332202147
18,34.92353,-120.417284
18,32.936115,-117.111275
18,45.009556,-93.076752
18,34.027618,-118.232208
18,33.741852,-84.391502
18,33.646534,-117.736786
18,40.6516,-73.759395
18,32.924564000000004,-96.840256
18,39.68222,-105.08144
18,38.673667,-121.72905
18,41.823475,-71.419296
18,37.500593,-77.42815300000002
18,32.664281,-97.334048
18,36.15985,-80.27837
18,30.40367100000001,-97.638527
18,33.925201,-117.880287
18,35.83477,-78.671227
18,34.013828000000004,-118.146568
18,45.55242,-122.57869
18,40.22796500000001,-74.757414
18,32.616248999999996,-86.481537
18,41.58445,-93.659668
18,40.980938,-75.19304699999998
18,25.570111,-80.37798199999997
18,37.643243,-103.361512
18,28.638357,-81.357964
18,40.979088,-73.813614
18,34.024669,-117.750932
18,37.489962,-121.944801
18,43.10083,-83.704269
18,34.719285,-117.942185
18,45.067046999999995,-93.447754
18,26.597490000000004,-81.850899
18,32.828367,-96.834261
18,41.551208,-83.68647800000002
18,46.71585200000001,-113.531073
18,42.875519,-78.86331899999998
18,32.809628000000004,-96.796791
18,40.126913,-74.125956
18,47.54997611023162,-122.31410622538417
18,33.505932,-111.928818
18,28.42071,-81.46965
18,25.701389,-80.45020500000003
18,33.7417,-117.83709
18,47.581898,-122.321399
18,45.11684,-93.19825
18,45.532305,-122.575633
18,35.315044,-80.767891
18,28.6504,-81.470628
18,38.468242,-120.550088
18,41.890331,-87.940063
18,37.742902,-111.448447
18,28.54826,-81.437531
18,29.879579999999997,-95.311073
18,40.722859,-111.516087
18,26.572304,-80.069298
18,36.41578300000001,-119.672774
18,36.26345900000001,-86.68428
18,42.435532,-87.854858
18,35.144157,-80.928459
18,35.599472,-82.552963
18,42.936809999999994,-83.597603
18,46.133387,-92.887611
18,32.727039000000005,-96.790337
18,41.057987,-73.832809
18,35.01363,-85.182406
18,32.57938,-80.930374
18,34.03553400000001,-118.169891
18,25.672033,-80.381146
18,39.766529,-86.14057199999998
18,32.924461,-96.761823
18,28.53532,-81.38331600000002
18,33.83418,-84.2719
18,34.063559999999995,-117.818175
18,39.324872,-120.39108600000002
18,34.587996999999994,-89.94702099999998
18,37.686852,-122.112999
18,45.58462,-122.54392
18,39.17964,-84.39721999999998
18,45.70893,-121.526053
18,37.668953,-122.10939
18,34.219566,-119.074333
18,43.016376,-88.03653
18,33.485191,-86.816078
18,43.17393,-77.54128
18,41.976059,-88.080322
18,41.51871800402871,-76.43687367402822
18,32.702492,-117.120837
18,34.072786,-118.466447
18,37.688026,-122.105782
18,34.246888,-118.83959
18,31.782711,-85.954041
18,32.530132,-92.075294
18,32.81348,-117.22131
18,40.7673347,-73.57341170000002
18,40.85421681,-73.96600127
18,43.00538,-71.398269
18,34.500805,-86.60108199999998
18,37.941891,-121.298233
18,42.696351,-73.584199
18,41.012798,-92.419112
18,25.80949,-80.321449
18,34.023595,-117.752783
18,29.812342,-98.002802
18,39.26586500000001,-76.667252
18,41.731373,-87.9729
18,38.02034,-78.368765
18,34.028436,-82.039124
18,39.245514,-76.45613900000002
18,33.807072,-84.379471
18,36.755112,-121.743874
18,37.89838,-122.30933
18,38.130764,-122.250736
18,45.87159000000001,-122.71053
18,38.795101,-77.016006
18,38.120224,-122.230255
18,35.334301,-97.424614
18,42.025314,-88.238251
18,35.332138,-80.74408000000003
18,28.346941,-81.642619
18,33.917041999999995,-118.129776
18,39.985561,-82.93899499999998
18,39.780899,-86.170738
18,39.905351,-75.567258
18,34.05809,-118.172239
18,30.254789,-97.71196
18,41.484009,-87.74726899999996
18,30.16449,-81.74765
18,30.281265,-97.803864
18,40.290112,-79.544891
18,39.100887,-94.617096
18,38.649196999999994,-121.38295
18,47.566551,-122.363319
18,34.136215,-117.445221
18,32.912254,-96.945862
18,29.730143,-95.42764
18,45.53355,-122.55804
18,38.660742,-77.277704
18,29.706705,-95.272408
18,30.279776,-85.608355
18,26.895145,-82.002136
18,33.974578,-118.35767
18,25.899633,-80.18226999999997
18,44.966137,-93.255608
18,38.631106,-90.372329
18,40.88552,-73.89468000000002
18,32.66625,-97.2414
18,33.778721000000004,-84.390709
18,39.979963,-76.75233
18,31.84102892860488,-106.43972039171965
18,28.465269,-81.43691700000002
18,35.20711541159055,-119.16096568050786
18,26.37815,-80.17104
18,35.136051,-81.88556700000002
18,33.60686,-117.69429
18,35.147175,-80.724228
18,35.845093,-78.68718
18,45.1266,-93.35002
18,36.15765800000001,-86.87469499999996
18,30.42359,-91.187607
18,39.688140999999995,-86.082542
18,33.696635,-84.410331
18,38.35982,-81.71279
18,44.975817,-93.287516
18,35.741054999999996,-78.867889
18,39.93116,-74.95465899999998
18,47.604305,-122.327354
18,35.401058,-97.575912
18,40.787082,-73.450909
18,32.91767,-80.11353000000003
18,30.408461,-97.513302
18,38.949626,-76.88316999999998
18,40.76072,-73.70040999999998
18,38.81838,-77.52667
18,34.068870000000004,-117.3665
18,37.958690999999995,-122.36512
18,45.12933,-92.76208
18,37.637058,-93.101265
18,33.924423,-117.977058
18,46.616871,-111.960564
18,36.06163,-79.76789000000002
18,27.97178,-82.45359
18,39.746506,-84.153366
18,35.594631,-97.549347
18,42.886364,-83.655479
18,32.516220000000004,-86.37677
18,33.949213,-80.99543100000002
18,34.706241999999996,-82.621078
18,33.912263,-118.073393
18,29.802534,-95.429924
18,32.90287,-96.72197
18,40.254005,-76.864456
18,34.65597,-84.98499
18,40.50669,-111.89099
18,47.570176,-122.291566
18,25.913555,-80.20991500000002
18,34.004011,-117.830189
18,35.22215,-80.868
18,41.71448,-87.64769
18,32.939498,-96.8221
18,37.179943,-82.334293
18,29.938728,-95.381226
18,33.462126,-112.041052
18,30.44965,-91.177322
18,34.05769228919001,-112.14516520446708
18,43.06786,-87.92055
18,35.125508,-118.082637
18,39.1262,-122.862795
18,35.26344,-80.92126
18,30.264757,-81.60895500000002
18,32.975722999999995,-96.715942
18,29.60093,-95.1995
18,34.273369,-118.54998
18,33.606499,-78.987808
18,39.0467,-84.459976
18,38.690498,-121.406006
18,34.034591999999996,-118.177551
18,33.881374,-117.618973
18,30.2983,-84.348846
18,34.529831,-82.678177
18,29.55571,-95.15052
18,39.929394,-86.265633
18,36.184849,-86.625443
18,26.572953,-80.1731
18,32.992435,-117.256104
18,41.38936,-81.06045
18,33.875919,-118.163544
18,41.906192,-87.965161
18,28.186234999999996,-82.38707
18,42.269029,-123.61968
18,40.066765,-74.16156
18,25.766987,-80.296013
18,43.209,-71.537109
18,34.012511,-118.41851
18,47.70863,-122.334
18,33.002918,-111.753166
18,42.475658,-83.139488
18,35.20319,-78.669067
18,34.840599,-82.589027
18,41.526379,-93.606445
18,39.967239,-81.89964300000003
18,32.826443,-96.872391
18,40.767359,-73.996206
18,36.208309,-86.839638
18,40.431461,-111.891083
18,34.8522,-82.45165300000002
18,29.52044,-98.48371
18,27.965560999999997,-82.431206
18,35.759682,-78.451698
18,40.67609,-73.402924
18,37.912861,-122.066933
18,25.598634,-80.352987
18,30.185614,-92.053932
18,34.998211,-80.976173
18,39.067662,-95.723512
18,35.854898,-78.700932
18,34.89011,-82.40586
18,40.146606,-75.271309
18,33.073085999999996,-96.687325
18,41.7852,-71.5039
18,33.89621,-84.36313
18,44.06478,-121.3073
18,38.740086,-121.273459
18,35.59367,-78.779312
18,32.85694,-96.88835
18,26.706865000000004,-80.111076
18,26.112123,-80.16905200000002
18,33.931003999999994,-118.280098
18,37.690769,-122.391388
18,45.51468,-122.5653
18,30.276098,-97.668847
18,36.03022,-79.80457
18,33.91386,-112.145317
18,32.799363,-96.792751
18,36.068834,-79.062564
18,40.78446,-73.82463
18,34.027588,-118.452593
18,40.789790999999994,-73.82251
18,32.703239,-96.556168
18,34.791137,-82.654625
18,29.628033,-95.430885
18,34.727587,-117.345205
18,36.832951,-76.28647600000002
18,29.768222,-95.354875
18,40.93546,-78.282267
18,35.79910200000001,-78.495745
18,28.654712,-81.511429
18,45.86779,-123.59674
18,25.887061,-80.123707
18,29.72631,-95.46023
18,32.739695000000005,-117.251969
18,32.361521,-86.189166
18,35.205312,-78.666476
18,32.359124,-86.243945
18,28.597244,-81.304451
18,35.295479,-80.779671
18,34.07363,-117.54469
18,34.90159,-82.35601
18,35.86137,-78.814598
18,37.301001,-121.814459
18,41.85811,-71.40483
18,43.044659,-89.47013100000002
18,34.747231,-86.687988
18,34.711632,-82.598839
18,45.30235,-121.7565
18,45.50828900000001,-122.778992
18,37.881214,-122.307831
18,32.261,-110.97802
18,34.165546,-112.144563
18,40.716128999999995,-73.82641600000002
18,30.196471999999996,-81.739235
18,35.106426,-106.712379
18,34.408,-79.430738
18,36.75724,-121.746559
18,39.733684999999994,-84.205185
18,39.037367,-78.383303
18,37.895832,-121.712509
18,39.471531,-104.872231
18,40.159232,-75.466148
18,45.55613,-122.67946
18,39.885223,-104.987511
18,42.03564,-88.26037
18,35.84213,-78.575092
18,36.699328,-119.60118500000002
18,32.85589,-96.55601
18,37.327499,-121.878082
18,33.443882,-112.697375
18,25.689146,-80.38287199999998
18,38.155462,-122.40386
18,34.883010999999996,-82.45513199999998
18,34.700336,-81.65619699999998
18,32.775566,-117.134842
18,33.32069,-111.828537
18,40.45028,-104.9919
18,45.694062,-110.28723
18,32.837662,-97.122459
18,35.05024,-80.868187
18,39.731994,-78.850664
18,32.732195000000004,-117.222831
18,36.763464,-76.2677
18,30.439665,-91.186386
18,39.934677,-74.965767
18,34.14436,-118.70255
18,42.558044,-70.928986
18,41.919511,-87.98869300000001
18,32.836987,-97.141762
18,36.311958,-119.171097
18,28.020269,-82.39340200000002
18,33.949721999999994,-118.09185
18,40.738518,-74.06070600000002
18,42.30135,-71.04918
18,39.41217,-110.878593
18,44.99831557252408,-123.00004363001348
18,47.60115,-122.31725
18,34.18175,-118.88783
18,28.401629999999997,-80.663963
18,36.184238,-95.984578
18,38.556145,-121.443192
18,41.855746999999994,-71.40612800000002
18,33.924138,-118.023223
18,34.729118,-82.216454
18,39.19101,-78.201033
18,39.10526633243988,-94.71668600990904
18,34.030514000000004,-118.4384
18,35.290218,-77.64635899999998
18,35.354444,-119.039444
18,45.53231,-122.56462
18,35.83965999999999,-78.676591
18,25.714569,-80.414261
18,35.324163,-80.939566
18,34.852074,-82.451477
18,41.143273,-77.23095699999998
18,30.308476,-81.856486
18,48.175869,-103.2409
18,34.021936,-118.164539
18,41.062178,-81.527061
18,37.595846,-122.059023
18,38.949925,-77.019964
18,40.000371,-82.984643
18,40.022461,-76.192932
18,44.58308815934858,-119.64168190899063
18,40.792664,-73.192543
18,36.204918,-86.76123199999998
18,35.412056,-119.055145
18,47.377559999999995,-122.271713
18,29.727938,-95.520547
18,38.944748,-77.519067
18,38.623369,-78.700786
18,35.65311,-97.54951
18,34.97053,-85.19360999999998
18,41.23765,-122.265945
18,32.874908000000005,-96.898132
18,41.6471,-72.67404
18,43.623684,-70.352876
18,34.892311,-82.287277
18,29.778540000000003,-95.44046
18,35.169940999999994,-80.73738900000002
18,35.211807,-80.781754
18,32.66579,-96.71831
18,37.492729,-77.488304
18,33.668746999999996,-112.082756
18,34.032191999999995,-117.550064
18,29.973774,-90.054786
18,30.47254,-88.309639
18,38.70916,-77.22247
18,40.72694,-73.837906
18,37.898796,-122.070717
18,30.417475,-97.612839
18,38.564781,-90.242157
18,28.447931,-81.470943
18,28.493745,-81.396763
18,34.737629,-86.606102
18,34.27636,-118.53291000000002
18,33.8664,-117.2615
18,38.559917,-121.471657
18,34.079957,-118.29273700000002
18,30.26449,-97.757111
18,34.93462,-82.001389
18,40.2957,-78.38205
18,28.33861,-81.36017
18,34.459019,-112.524048
18,36.766285,-81.830704
18,33.499664,-86.814514
18,25.848751,-80.214073
18,38.00650477,-122.08380103
18,30.417032,-97.746048
18,33.984633,-117.348469
18,33.510876,-81.869156
18,33.884968,-117.521301
18,34.123046,-118.595982
18,40.164584999999995,-75.479889
18,36.031841,-95.922089
18,25.656465,-80.41184399999999
18,34.040386,-118.079437
18,34.190921,-80.967377
18,42.318378,-71.09832
18,38.223553,-122.128044
18,35.077267,-80.870773
18,37.554111,-77.464607
18,28.565379,-81.207373
18,28.341848,-81.380768
18,32.997322,-96.709145
18,33.424147999999995,-111.891917
18,29.13829,-98.42934
18,25.810617,-80.14191600000002
18,27.03716,-82.06009
18,41.534728,-73.90378199999998
18,33.564637899999994,-86.72977567
18,42.338829,-71.276527
18,42.448109,-88.111053
18,47.861809,-121.81498
18,35.257236,-81.02669499999998
18,33.846661,-118.211708
18,26.010084,-80.207596
18,41.188341,-73.135879
18,41.946804,-88.207993
18,40.507918,-111.89132
18,30.429295,-91.057221
18,42.860548,-83.591144
18,34.165508,-118.492355
18,35.12595,-81.687759
18,42.494781,-82.918976
18,40.167023,-75.290276
18,39.2831,-120.70656
18,33.827290000000005,-118.08229
18,41.88681,-87.92041
18,35.087672999999995,-80.852898
18,34.028996,-118.012863
18,34.047024,-118.446587
18,35.323343,-80.937997
18,35.49622700000001,-119.159603
18,41.632706,-73.782188
18,36.134731,-86.88803100000001
18,40.454288,-111.914001
18,35.866049,-78.699573
18,34.715219,-92.256199
18,35.244885,-80.984163
18,37.709003,-121.080833
18,37.722096,-121.538496
18,32.67794,-117.109535
18,32.165359,-110.91764
18,42.997986,-85.675278
18,34.273319,-118.585678
18,38.927567,-121.083097
18,32.83925,-97.2305
18,40.013062,-82.90213
18,40.64991831760096,-73.86927008593618
18,28.542761,-81.511616
18,42.40348400000001,-83.426774
18,32.747997,-116.987717
18,25.767744,-80.33628399999998
18,33.807232,-116.388268
18,39.17292,-84.399536
18,28.486795,-81.419402
18,33.96059,-84.112213
18,41.863251,-87.88247700000002
18,39.40629600000001,-75.69523199999998
18,34.380043,-118.983521
18,42.827669,-87.952962
18,37.642666,-120.997444
18,29.77655,-95.374779
18,43.07972,-70.770844
18,39.861061,-105.054932
18,35.864807,-87.91377299999998
18,33.77441,-118.02029
18,45.51913,-122.4552
18,33.928928000000006,-118.280891
18,41.56258,-81.0519
18,28.087998,-82.464294
18,36.096338,-95.779545
18,42.960331,-77.62017800000002
18,45.60216,-121.17888
18,42.916588,-78.76645
18,27.21245900000001,-80.40071
18,37.459238,-122.13861599999998
18,33.44075,-82.043312
18,38.587339,-121.353841
18,29.720751,-85.105812
18,25.891206,-80.124184
18,32.999937,-80.023136
18,38.962791,-76.867237
18,37.690911,-122.129392
18,38.547968,-77.340499
18,40.780518,-74.04943100000001
18,38.45853,-122.87425
18,34.141148,-80.948059
18,38.93774000000001,-94.4773
18,30.425490000000003,-84.30227
18,36.73571705800659,-119.60996746959871
18,41.51468300000001,-72.790176
18,40.27308,-78.980213
18,32.795574,-96.823692
18,38.544779,-121.47398
18,34.207004,-78.95563
18,34.809101,-82.473259
18,34.660579999999996,-86.791931
18,32.766479,-117.205598
18,39.025841,-84.545563
18,33.520817,-86.851768
18,29.91252064690632,-81.41063332518858
18,42.005798,-72.72575400000002
18,38.750782,-90.437782
18,41.519447,-74.023808
18,45.54641,-122.53739
18,33.047844,-80.106606
18,44.99474,-93.08953
18,35.83393,-78.312737
18,33.75186,-84.23061
18,39.182884,-78.085732
18,35.87859,-81.940145
18,38.657295,-121.225608
18,38.011537,-120.404001
18,36.15792800000001,-86.80032299999998
18,42.418789,-71.104187
18,41.786621,-71.433624
18,28.53749,-81.33121
18,25.700787,-80.386349
18,35.877412,-119.27123799999998
18,38.430815,-123.10858600000002
18,28.361669,-81.50081
18,45.531173,-122.686847
18,32.874578,-96.883821
18,34.025944,-118.042731
18,34.028079999999996,-81.101624
18,35.150606,-80.848771
18,44.10185,-123.17089
18,39.20086026173019,-77.26627707444541
18,33.852207,-84.369438
18,37.70071400000001,-121.773895
18,30.420481,-91.151619
18,30.375739000000006,-91.017191
18,25.66642,-80.323738
18,37.693584,-122.057106
18,37.90731,-122.31508
18,33.82608,-118.082039
18,28.520249,-81.224929
18,42.877068,-78.871178
18,41.67549,-72.85512
18,34.071614000000004,-117.949218
18,41.338337,-112.037676
18,34.646252000000004,-82.62447399999998
18,42.416343,-88.073939
18,25.964184,-80.165863
18,44.796703,-93.289238
18,34.222796,-117.403502
18,40.068794,-82.95229300000003
18,45.559132,-122.663582
18,34.043569,-118.739424
18,35.839238,-78.675899
18,36.007697,-86.78751700000002
18,35.007416,-81.95188900000002
18,36.988768,-120.091906
18,38.58869,-121.55421
18,43.205581,-77.66966
18,43.097365,-73.753033
18,32.986176,-87.789291
18,33.786709,-84.391312
18,32.545158,-93.77298
18,32.507915000000004,-97.298485
18,41.977051,-88.051498
18,44.233489,-120.650469
18,39.63541,-104.90282
18,43.05563,-76.15349599999998
18,39.70088,-86.25990999999998
18,47.46727,-122.2284
18,34.12175,-78.875793
18,32.845432,-96.877266
18,37.572912,-122.316373
18,32.664021000000005,-96.72245
18,37.88192,-121.623093
18,35.15464,-80.73101
18,38.562560999999995,-78.74477399999998
18,29.783705,-95.475998
18,34.505212,-118.629685
18,35.278725,-80.793533
18,45.58476,-122.67535
18,38.219118,-85.655793
18,26.597401,-81.871597
18,42.27592,-84.38034
18,40.124326,-75.535438
18,35.214008,-80.77125500000002
18,32.642094,-96.823135
18,38.739983,-120.695534
18,29.96066,-95.547914
18,30.348564,-84.508774
18,39.00081,-120.995489
18,37.774162,-122.159973
18,39.923725,-86.2285
18,40.637935,-75.447723
18,40.238703,-75.578502
18,29.42667800000001,-98.501213
18,39.30158257465696,-112.65255331939386
18,39.09994,-94.572738
18,34.031715000000005,-118.416939
18,37.374689,-121.932211
18,36.503384,-119.561447
18,32.935932,-80.559837
18,31.260632,-89.337517
18,37.84874,-122.232491
18,30.432639,-91.068778
18,35.752987,-78.649286
18,45.394887,-118.328401
18,32.19231,-86.117439
18,42.36404,-87.979323
18,42.035941,-87.974641
18,29.221138,-82.126537
18,32.237319,-110.951221
18,40.120327,-75.356941
18,34.046982,-118.446304
18,47.053139,-94.260109
18,39.476284,-76.663822
18,37.620345,-120.985514
18,34.019634,-117.988121
18,34.066971,-117.295758
18,41.407391,-81.64676700000003
18,40.610474,-74.105083
18,33.019424,-80.088593
18,39.716412,-75.155323
18,36.084206,-80.306679
18,25.88162,-80.226644
18,25.761068,-80.47718
18,27.996586,-82.575076
18,37.205202,-93.298855
18,45.19765,-93.34058
18,33.879862,-117.607507
18,34.02792,-118.480951
18,26.331341,-81.75359300000002
18,29.68907,-81.584808
18,34.172439000000004,-81.282382
18,33.042919,-80.626938
18,30.359069,-97.690003
18,32.749629999999996,-96.7612
18,34.136070000000004,-80.88054699999998
18,35.460201,-97.600975
18,37.743647,-121.434928
18,29.428675,-98.481361
18,45.23067,-123.164299
18,34.068779,-117.84375
18,35.78469099999999,-78.68956
18,41.28418,-72.93247
18,32.279193,-110.972177
18,42.88528,-85.89076999999997
18,41.627808,-93.575333
18,37.823621,-122.31917
18,47.77188,-122.32031
18,29.211391,-82.18439599999998
18,43.67958400000001,-116.30529
18,34.702003000000005,-82.895493
18,34.642731,-82.14801800000002
18,39.977829,-76.806641
18,32.694138,-96.637527
18,30.269373,-81.612206
18,45.51952,-122.56557
18,28.568278999999997,-81.266388
18,33.889942,-84.462845
18,25.893906,-80.324445
18,36.277012,-86.796173
18,33.12895,-117.09892
18,40.110546,-74.89119000000002
18,39.793188,-75.546864
18,25.827565,-80.24105
18,38.7581,-121.26398
18,25.867393,-80.208443
18,37.475517,-120.85353899999998
18,33.564751,-86.76011700000002
18,40.64286,-74.64502
18,34.125075,-118.476649
18,37.408806,-122.069798
18,34.130669,-118.274338
18,34.091371,-118.239662
18,37.991494,-122.079608
18,38.281307,-121.457512
18,34.403647,-119.528067
18,29.721144,-95.441318
18,38.225361,-122.253212
18,35.74829099999999,-78.643852
18,40.535388,-111.93871
18,43.003929,-71.457268
18,34.033406,-118.179384
18,41.688999,-83.51635
18,28.516373,-81.439053
18,35.11039,-80.800797
18,37.422367,-122.226334
18,32.081905,-110.805796
18,39.934677,-74.965767
18,44.74343,-93.27754
18,30.27062,-97.733284
18,38.926788,-77.00823199999998
18,33.892342,-84.259003
18,30.005047,-90.208946
18,43.575222,-93.358971
18,37.420853,-122.092361
18,36.156357,-86.82431
18,43.00206,-83.762268
18,27.521288,-82.552475
18,37.43031,-122.10368
18,39.746471,-84.288742
18,34.221199,-118.473267
18,29.743658,-95.363037
18,35.189522,-80.77253
18,33.676624,-117.843529
18,32.672367,-96.984962
18,35.162778,-80.86369300000001
18,34.020306,-118.192268
18,38.495973,-121.40963899999998
18,25.712899,-80.38244499999998
18,37.018185,-120.08174
18,35.68483,-81.912247
18,33.172686,-87.459618
18,33.470729999999996,-117.137352
18,35.805412,-78.597137
18,28.187306,-82.401453
18,41.53908133,-109.47499394
18,33.443279,-82.029388
18,36.56494,-121.51366000000002
18,34.83168,-82.489639
18,38.771069,-90.267204
18,39.43648,-76.59692
18,33.638561,-112.361579
18,25.898432,-80.334427
18,33.512646000000004,-82.04245
18,38.714378,-121.487549
18,27.8748,-82.6629
18,30.45105,-91.165966
18,40.03380417804702,-75.36070704424209
18,39.10234809,-77.57305741
18,25.796911,-80.321259
18,38.86501,-76.94991
18,33.70711,-117.77943
18,35.53001,-97.51397
18,28.606688,-81.386452
18,39.014863,-76.92859
18,33.88374,-117.63927
18,36.186443,-80.369366
18,42.264896,-83.271271
18,29.747288,-95.456444
18,34.556823,-117.160519
18,33.407403,-111.957612
18,35.259918,-80.776901
18,34.00692,-78.30195
18,30.264215000000004,-97.747467
18,47.628197,-117.375328
18,28.614401,-82.55171
18,40.67421,-111.82451
18,32.445488,-86.705772
18,34.018144,-118.130671
18,43.619483,-116.36103
18,42.996121644768735,-77.37450957261382
18,41.06402993,-124.14133429
18,42.912525,-85.57508100000003
18,34.054241,-118.004437
18,35.857639,-78.67878
18,32.559738,-96.828438
18,36.59031987172799,-119.5300161832832
18,40.83797,-73.8733
18,28.27577800000001,-80.693268
18,32.794788,-96.7239
18,33.49714,-82.31979
18,32.39843,-80.572121
18,35.932829,-78.44108100000003
18,38.25135,-85.74877
18,36.429119,-120.211746
18,38.65242,-90.352913
18,33.711292,-84.21399699999998
18,47.49938,-122.19534
18,40.896585,-74.021108
18,30.699125,-91.073601
18,35.311424,-80.747528
18,37.93136000615152,-77.46757149659409
18,38.6451,-90.13018
18,45.11533,-93.18832
18,28.8209,-81.333382
18,40.3559052942259,-76.71593069993631
18,36.954868,-121.764938
18,38.627319,-77.29312900000002
18,40.668118,-111.90154
18,30.292034,-97.759872
18,42.649978999999995,-73.713722
18,41.721664,-87.808189
18,33.876365,-118.08184
18,29.620609,-95.508339
18,42.408943,-71.053764
18,45.09815,-123.3856
18,36.80185,-121.65958899999998
18,38.87917,-77.134588
18,34.142259,-118.173452
18,36.1595,-86.796532
18,40.85664153079578,-73.18732380832107
18,42.323071,-83.443558
18,38.670273,-77.25183100000002
18,37.785797,-121.543857
18,35.057233000000004,-90.687514
18,38.886305,-123.15088
18,42.741603999999995,-71.140938
18,39.87954497318325,-104.88951086947972
18,33.939926,-79.96270799999998
18,32.911204999999995,-96.89592
18,28.576939000000007,-81.556955
18,36.174412,-86.587349
18,32.701698,-97.23513
18,39.16643,-76.80881
18,25.684925,-80.31279
18,29.865662,-95.500183
18,39.97274,-82.98449699999998
18,37.66334000000001,-122.10567
18,43.43067,-121.85334
18,35.333191,-119.039503
18,31.298990000000003,-97.2502
18,39.403442,-77.377342
18,39.206474,-120.816521
18,30.445123,-87.24866
18,34.07388,-117.54509
18,35.86822100000001,-78.620811
18,29.767233,-95.213264
18,34.067341,-117.513863
18,37.088778999999995,-121.599251
18,36.148006,-95.864594
18,40.853329,-73.961325
18,34.133214,-118.000769
18,40.95751,-111.89105
18,34.147705,-118.228676
18,35.40084,-82.51131
18,34.660816,-86.791679
18,25.922213,-80.211143
18,32.880432,-117.10891
18,35.85635100000001,-78.68049599999998
18,32.72948,-97.789468
18,28.006163,-82.303185
18,28.653935,-81.865531
18,39.859539,-75.137886
18,34.14803,-118.07872
18,41.800007,-71.402664
18,36.758148,-76.297821
18,42.32878,-120.85342
18,33.573738,-81.606812
18,28.479115000000004,-81.309997
18,44.831707,-95.036719
18,48.993651,-111.959631
18,40.80416500000001,-73.931038
18,41.840019,-71.411263
18,28.601945,-81.270708
18,40.722361,-73.84621700000002
18,37.785542,-122.39138
18,35.66452800000001,-120.864281
18,43.914984,-93.27726
18,38.129196,-112.321129
18,39.145626,-77.214474
18,26.811840000000004,-80.205208
18,40.760189,-74.051147
18,34.712509000000004,-82.610428
18,39.770363,-84.194885
18,33.874533,-117.518452
18,27.946638,-82.32899499999998
18,41.316464,-74.133537
18,36.12064,-95.938057
18,36.13147,-86.898384
18,29.591927,-95.191509
18,28.038099,-80.659409
18,32.691582000000004,-97.062592
18,34.06153321249933,-118.00085663739203
18,39.84419000000001,-86.04244
18,34.014862,-118.168999
18,29.73640300000001,-95.595695
18,33.582163,-112.086168
18,37.648376,-77.59416999999998
18,39.44202,-76.349358
18,29.767235,-95.213257
18,38.70556,-77.22351
18,39.60279,-77.23719
18,36.329213,-80.14648100000002
18,35.529888,-97.636688
18,34.221328,-118.244959
18,44.889774,-93.353227
18,37.689424,-122.10456200000002
18,39.832977,-84.252487
18,25.88281,-80.24509
18,33.069571999999994,-79.97575400000002
18,42.195717,-87.954018
18,38.629733,-121.382818
18,43.61836,-116.245171
18,32.24268,-110.944
18,33.245331,-117.152397
18,34.06648993475882,-117.23447441998846
18,33.846973,-112.122147
18,33.282546999999994,-80.563538
18,35.14947,-80.87638199999998
18,36.083659999999995,-86.64717900000002
18,34.638851,-86.566742
18,37.31649,-121.9673
18,37.57823,-122.047982
18,35.35383200000001,-80.840683
18,40.05962,-75.338898
18,33.640118,-78.989166
18,41.517952,-73.973747
18,28.35741,-81.49181
18,39.934171,-75.079763
18,25.78583900000001,-80.262939
18,30.161831,-81.74730699999998
18,34.14517,-118.2178
18,38.126079,-122.269107
18,34.261101000000004,-118.49478899999998
18,35.408606,-119.020941
18,33.170704,-117.346695
18,33.979776,-118.230255
18,39.369884000000006,-76.514267
18,33.80321,-84.3855
18,28.565425,-81.169882
18,34.476883,-82.749664
18,38.912607,-77.036521
18,33.77101500000001,-84.390366
18,39.062382,-94.6259
18,35.600426,-80.859893
18,33.994274,-117.888573
18,41.425163,-81.520699
18,39.746269,-84.139679
18,35.996860999999996,-86.689888
18,32.779134,-96.782081
18,33.128288,-80.097183
18,35.7220351694311,-120.69772124232912
18,39.880063,-76.20985
18,29.745812,-95.41067
18,37.495697,-77.02865899999998
18,34.062995,-118.58583
18,36.291691,-120.267316
18,29.506121000000004,-82.298736
18,42.869751,-71.340897
18,40.732967,-87.09058399999998
18,32.885628000000004,-96.699989
18,26.18339180933865,-80.11877417526188
18,31.77574000000001,-85.931412
18,33.992385999999996,-117.355431
18,32.664642,-97.339241
18,37.686852,-122.112999
18,34.186615,-118.401482
18,39.805463,-86.275212
18,34.276078000000005,-118.385534
18,32.794609,-96.722565
18,32.657064,-114.163243
18,37.217235,-77.470271
18,44.939541,-93.274826
18,30.439741,-91.007515
18,36.676826,-119.457455
18,32.67781,-97.12
18,41.30111575106953,-74.13397192919669
18,42.019192,-88.268478
18,37.218086,-121.987411
18,47.795017,-122.214256
18,39.25465465,-94.65937257
18,33.755959999999995,-117.853829
18,44.91381,-93.50337
18,33.773678000000004,-84.39003100000002
18,32.690708,-96.678596
18,34.135891,-117.399918
18,33.910059999999994,-84.35670999999998
18,34.377109000000004,-84.911192
18,43.562389,-116.243773
18,41.222862,-73.182571
18,35.609272,-97.564827
18,33.319959999999995,-111.9112
18,38.383259,-122.516708
18,42.331562,-71.09416999999998
18,26.006188,-80.342515
18,34.674809,-81.53566
18,26.027467,-80.363254
18,35.44457,-97.48607
18,32.917141,-80.112373
18,42.46242642382401,-82.92284131010568
18,38.109582,-122.229717
18,33.818932000000004,-84.249954
18,35.398041,-97.742371
18,35.69429,-78.57351
18,35.845797,-78.680297
18,26.112070000000006,-80.16922
18,37.668953,-122.10939
18,33.974037,-118.080109
18,42.980076,-85.69680799999998
18,39.874767,-83.003105
18,35.849668,-78.58221
18,41.10324,-96.2533
18,37.556107,-77.409935
18,37.9426,-122.47761
18,25.882451,-80.252388
18,38.703944,-121.313544
18,37.39901661855031,-122.02758192957864
18,25.706672,-80.286521
18,36.399503,-119.232252
18,47.22699522949587,-122.46248602808733
18,39.00322,-76.895248
18,34.044483,-81.11749300000002
18,40.835484,-73.027168
18,37.376619,-121.85499
18,43.7283432481588,-117.07731842938864
18,41.379217,-87.32457
18,36.099686,-86.935165
18,40.116240999999995,-75.124809
18,37.86394,-122.30308
18,37.426063,-79.93386
18,25.830494,-80.20609300000002
18,40.752542,-92.862097
18,26.75934,-80.09135400000002
18,37.720818,-122.17865
18,32.895523,-96.898064
18,30.30533,-97.71316
18,34.26767,-118.484756
18,33.792038,-84.392403
18,39.110691,-77.69606
18,47.25752,-122.29466
18,35.801734,-78.76812
18,37.515476,-121.940063
18,44.766972,-93.034752
18,32.794353,-96.712051
18,35.109207,-106.596817
18,34.155668,-118.158083
18,37.668953,-122.10939
18,30.471216,-91.166978
18,40.710408,-112.02491
18,35.973995,-83.979057
18,28.03298,-82.45500899999998
18,33.452415,-111.890144
18,38.638648,-90.467009
18,47.608009,-122.302811
18,33.745125,-84.39044200000002
18,34.154720000000005,-118.28857
18,25.936115,-80.121706
18,32.852589,-96.563614
18,38.60203,-121.3922
18,28.259647,-82.67454599999998
18,33.68769,-117.906886
18,47.38905,-122.626083
18,33.167976,-87.525398
18,35.238701,-80.798973
18,37.522967,-77.664268
18,33.43424,-86.73920799999998
18,33.686415000000004,-117.765829
18,30.433259999999997,-91.045738
18,37.31473088246672,-121.88727021159224
18,39.021457,-76.977121
18,39.077485,-77.485256
18,33.978390000000005,-117.338272
18,39.37296,-76.56841999999997
18,38.53856,-90.49873
18,39.74769000000001,-86.14095
18,29.735171,-95.473457
18,32.29424,-111.02696
18,28.535181,-81.397095
18,35.757486,-78.722936
18,35.725124,-78.64846800000002
18,39.415162,-121.594293
18,28.875287,-81.688647
18,40.892857,-74.667046
18,44.76184600000001,-124.06296100000002
18,26.782211,-80.08734100000002
18,37.673610448657634,-77.49497294389012
18,33.987719,-118.370632
18,35.46664000000001,-119.261008
18,34.06134,-118.171043
18,33.663238,-117.897664
18,31.744364,-106.301758
18,32.290791,-86.469002
18,37.798634,-122.274849
18,35.33271,-80.799072
18,34.387339000000004,-119.494492
18,32.837505,-79.962769
18,35.026226,-85.251839
18,34.039734,-118.58112
18,39.542509,-77.206796
18,32.691853,-97.241043
18,34.234833,-118.290855
18,30.250799,-95.456757
18,30.455833,-97.807045
18,34.317959,-79.218773
18,41.234169,-96.081451
18,29.973268,-90.057327
18,25.896046,-80.25164699999998
18,26.011099,-80.16681700000002
18,33.49855,-112.11305
18,30.663248,-87.852333
18,37.08672165852981,-80.61594843826
18,40.832265,-111.652797
18,32.880921,-96.770029
18,40.890819,-74.702871
18,34.872341,-82.33025400000002
18,29.754253,-95.557671
18,40.823238,-73.957062
18,33.769394,-84.389824
18,32.949009999999994,-96.82346
18,37.77635,-121.18161
18,35.82542,-78.62152900000002
18,28.421004999999997,-81.442604
18,38.68208900000001,-120.844978
18,34.071671,-118.134361
18,32.967819,-80.201111
18,34.629028000000005,-86.9524
18,38.862146,-77.876712
18,34.237381,-118.914505
18,30.34419,-97.706174
18,33.351417,-117.112633
18,35.68627199999999,-78.604057
18,39.53657000000001,-119.7921
18,29.748746,-95.47956
18,30.34828,-97.694702
18,37.81857,-104.82852
18,34.098872,-117.302037
18,31.778979999999997,-106.338463
18,39.631386,-104.902832
18,32.90368,-97.09707
18,33.563146,-117.672754
18,34.419841999999996,-118.656738
18,37.502312,-122.330521
18,33.685790999999995,-78.963531
18,40.76456,-73.89487
18,39.26025,-77.22326
18,29.688955,-95.604256
18,33.876308,-118.105331
18,35.841143,-78.611828
18,44.815536,-93.603264
18,39.798008,-84.18937700000002
18,41.872459,-87.817444
18,28.567157,-81.211286
18,34.019315,-117.339556
18,40.885822,-74.132417
18,39.0818,-94.59323
18,42.15421,-88.128253
18,33.59568,-84.496262
18,41.53394,-81.64694
18,38.57332,-121.50878
18,35.447681,-97.530144
18,41.833690999999995,-88.020782
18,40.740707,-73.769768
18,35.05624,-81.994003
18,34.186855,-118.473946
18,35.312248,-80.708268
18,45.605415,-122.552101
18,33.572121,-86.637924
18,38.540333,-85.77777900000002
18,37.56538,-77.460487
18,37.658401,-79.515237
18,39.950706,-83.016426
18,37.594807,-120.743646
18,35.224949,-80.904381
18,40.55742,-77.952512
18,33.925377000000005,-118.177657
18,41.78299000000001,-71.423927
18,34.08203,-118.29672
18,32.659863,-96.730095
18,40.283491,-78.132889
18,37.740455,-79.423152
18,38.912302,-76.933945
18,37.976135,-122.072134
18,34.984138,-82.178818
18,40.740047,-73.818512
18,41.242157,-95.823868
18,32.843414,-117.23661
18,30.447399,-97.662491
18,39.402183,-76.568809
18,37.334236,-122.068367
18,30.233122,-97.797704
18,40.98784000000001,-73.67647
18,33.768096,-118.187665
18,40.20297,-74.63946999999997
18,39.427357,-77.487183
18,34.153065999999995,-118.652481
18,36.718892,-76.65463299999998
18,35.746368,-78.58612099999998
18,39.529675,-119.829788
18,43.529758,-91.915459
18,44.839443,-93.398827
18,29.70265,-95.08844
18,29.491764,-98.55837
18,39.10155,-84.52215
18,34.063038,-81.04613499999998
18,25.845667,-80.250772
18,30.690217,-88.040643
18,38.761417,-120.575806
18,34.17877,-81.32545999999998
18,37.358628,-121.906956
18,40.180640999999994,-75.13346899999998
18,36.610463,-119.666956
18,41.30134,-74.13401999999998
18,32.92453,-96.786148
18,33.575881719429134,-112.25813984817378
18,25.81605,-80.20566
18,38.676992654616,-121.70968651713508
18,40.091392,-83.137984
18,41.264126,-73.68420400000002
18,39.802907,-75.348545
18,34.15534,-118.22436
18,35.026665,-81.895721
18,47.758244,-122.17762
18,25.810059,-80.25774399999997
18,36.207566,-86.735598
18,25.774243,-80.198927
18,37.771885,-122.447327
18,29.790329,-95.451222
18,28.47539,-81.455674
18,34.51125,-111.994698
18,35.072651,-81.758324
18,42.379669,-83.217199
18,33.974334000000006,-118.22632
18,35.270672,-80.813599
18,26.502762,-81.856575
18,32.851166,-96.814247
18,34.029102,-118.21328
18,34.916160999999995,-82.110031
18,42.91032,-73.898308
18,42.241333,-71.849747
18,39.016128,-77.100902
18,40.685757,-89.59259
18,40.44289000000001,-80.00878900000002
18,37.325245,-121.892975
18,30.191341,-81.69559100000002
18,47.79681,-122.21835
18,35.121849,-80.933762
18,38.592369,-121.401497
18,34.063931,-117.268295
18,33.960128000000005,-118.277613
18,48.43968,-122.34116000000002
18,42.394913,-88.017213
18,29.579704,-98.391953
18,33.988121,-118.370544
18,42.446602,-83.09491
18,46.696519,-92.344126
18,41.101988,-73.993874
18,32.236179,-110.901176
18,32.670712,-96.761566
18,30.670972999999996,-88.275444
18,42.12213,-71.22919
18,40.012982,-122.378081
18,35.217806,-80.834288
18,40.459140999999995,-80.189812
18,38.913658,-122.612259
18,37.468853,-122.155151
18,35.46032,-97.689011
18,41.931721,-87.99604000000002
18,37.59774,-77.62305500000002
18,29.728565000000003,-95.418625
18,33.669884,-117.883358
18,34.774561,-118.527921
18,40.923813,-73.82414200000002
18,35.834877,-78.639
18,30.458166,-91.169243
18,38.806972,-76.98354
18,42.477779,-83.090938
18,42.684093,-83.243851
18,34.70414757712028,-77.01713204347125
18,32.786217,-96.817436
18,33.291748,-111.890941
18,40.344,-79.79868
18,25.941343,-80.23380300000002
18,33.672684999999994,-111.993653
18,25.619409,-80.37889399999997
18,41.93943,-88.121597
18,42.736097574030225,-73.78584265673737
18,47.125478,-122.434801
18,28.35685,-80.702007
18,40.7271,-111.543556
18,33.99345,-118.069351
18,38.795,-77.53444
18,25.838608,-80.221083
18,35.007168,-85.329262
18,30.406321,-91.016228
18,37.827271,-122.282906
18,39.08667,-94.541389
18,42.35878,-83.076302
18,34.173164,-118.535973
18,35.132090000000005,-82.04420999999998
18,35.09473,-89.87019000000002
18,32.384308000000004,-86.210213
18,34.246349,-80.817757
18,32.966138,-117.232637
18,38.386515,-122.71357
18,44.50785,-122.882281
18,34.031689,-118.418961
18,33.508801,-112.254997
18,47.241539,-122.390366
18,32.700105,-117.093721
18,32.196274,-110.978012
18,39.776402,-84.218132
18,33.461498,-112.080368
18,43.09744600000001,-79.054634
18,41.954048,-87.731674
18,34.265873,-118.442551
18,27.40693,-81.207098
18,37.69458,-122.143761
18,44.095451,-94.288902
18,26.234301,-80.13664
18,33.767843,-117.478332
18,28.368033,-81.389179
18,34.157651,-118.453144
18,33.948535,-117.301523
18,35.235008,-80.80506899999997
18,25.944274,-80.307124
18,42.062103,-88.27153
18,38.56030300000001,-121.457306
18,38.881749,-77.11985
18,33.992638,-117.15375
18,29.963761,-90.118572
18,26.11477,-80.16908000000002
18,33.441438,-112.346724
18,35.478725,-97.578827
18,35.044102,-81.97981300000002
18,30.295485,-81.770561
18,34.029804,-84.048378
18,32.59348,-97.14426
18,35.278908,-80.793503
18,36.966849,-121.868774
18,35.160593,-89.873255
18,33.069439,-82.021248
18,39.189453,-121.660056
18,40.84522,-73.91189
18,40.747795,-73.166451
18,31.664297,-89.15933199999998
18,42.312611,-71.08991999999998
18,32.13394,-111.009613
18,44.047847,-122.93133600000002
18,32.856087,-83.640022
18,30.349279,-97.771896
18,34.02422,-118.24711
18,34.083912,-80.939003
18,30.268656,-97.737564
18,34.070021999999994,-117.962205
18,29.520399,-98.47979
18,33.990997,-117.931801
18,34.522945,-118.096633
18,35.53693,-97.47464
18,32.748791,-96.678604
18,41.004086,-73.65007800000002
18,33.545583,-86.587682
18,35.24115399999999,-80.93897199999998
18,32.5257,-80.897602
18,38.641179,-121.27194
18,29.511286,-98.552505
18,35.062168,-81.94103199999998
18,29.67935,-95.452719
18,36.765305,-76.269836
18,35.834801,-78.305
18,40.428786,-79.98106700000002
18,42.684078,-124.421126
18,45.509038,-122.708295
18,33.657259,-111.921232
18,34.427032000000004,-119.727966
18,26.676819,-80.069855
18,45.51254,-122.7897
18,29.93865,-95.38724
18,41.303608,-93.109497
18,34.114540000000005,-118.336685
18,42.083873,-121.680354
18,33.567558,-112.117325
18,37.75142,-79.425308
18,38.655369,-77.279915
18,37.911354,-122.3234
18,26.597415,-81.84263100000003
18,35.118320000000004,-81.85842099999998
18,25.868504,-80.227103
18,33.840111,-117.249923
18,34.07430052741015,-118.46758246365324
18,37.545625,-122.32568
18,32.664262,-97.242621
18,37.70281,-122.01736
18,32.71082,-83.73163000000002
18,37.765835,-77.461105
18,33.474940000000004,-112.11297
18,39.036526,-94.788968
18,34.436089,-118.59381100000002
18,38.796756,-77.132121
18,30.289089,-81.982803
18,35.481628,-97.654289
18,36.457512,-121.924082
18,35.933135,-78.626122
18,33.91636,-118.287
18,28.68211,-81.22627299999998
18,42.920901,-85.547714
18,25.946635,-80.148646
18,43.94368,-94.88165
18,44.78219,-93.28855
18,34.635428999999995,-83.014717
18,36.759648,-76.32836800000003
18,36.039989,-95.904213
18,41.233166,-73.069626
18,33.383888,-82.118629
18,40.8084,-74.07904
18,33.830535999999995,-79.04070300000002
18,42.18892,-87.82545
18,35.294621,-80.975128
18,38.612495,-121.382973
18,33.386873,-117.176787
18,30.457532,-81.635799
18,38.79818559,-77.06951022
18,39.39144,-123.327178
18,30.267624,-97.734001
18,33.633832,-117.087805
18,41.81710800000001,-87.923004
18,33.422416999999996,-112.189651
18,38.673183,-121.635284
18,38.912533,-122.313705
18,33.48822,-117.07103
18,39.13588643055374,-77.16499686204354
18,34.445815,-119.279332
18,35.145851,-80.895752
18,44.973492,-93.40062
18,40.137396,-76.858512
18,33.873389,-118.214368
18,37.94888,-76.699445
18,40.70097,-73.99471
18,29.61437,-95.194672
18,34.267191,-116.852309
18,35.023819,-85.174362
18,39.555573,-83.72284499999998
18,30.429056,-91.061335
18,37.44802594167019,-77.56745696030822
18,46.525874,-122.231416
18,43.010144,-88.226621
18,34.492081,-118.283417
18,25.484372,-80.49306800000002
18,35.007016,-85.29328100000002
18,33.93457,-118.348305
18,34.134499,-117.66613
18,33.774517,-118.077211
18,35.49329,-97.610092
18,34.00375,-118.28349
18,30.018947,-97.856465
18,31.918164,-81.939091
18,36.237827,-86.785866
18,37.993013,-122.039546
18,39.725639,-105.081718
18,39.93972,-83.01474
18,33.759833,-117.83117
18,26.783503999999997,-80.09903
18,28.53514,-81.38472
18,35.197102,-80.84221600000002
18,38.346382,-85.754204
18,35.904666999999996,-78.602638
18,26.591003000000004,-81.72176400000002
18,41.688717,-87.599983
18,35.225643,-80.864492
18,34.265862,-118.46743
18,29.81741,-95.410149
18,33.888756,-117.512886
18,36.152842,-86.62325899999998
18,25.761071,-80.473063
18,33.548808,-84.570829
18,47.446473,-122.216097
18,34.07504,-118.46846
18,33.96722800000001,-118.083473
18,33.721748,-84.395241
18,42.003659000000006,-88.13381
18,43.108975,-76.19742099999998
18,43.131755590233176,-77.52718090974078
18,33.944103000000005,-118.046715
18,44.939849,-93.075459
18,41.726334,-87.624863
18,45.523525,-122.674408
18,42.023732,-79.68412
18,27.388783,-82.448647
18,29.843538,-81.364017
18,26.137226,-80.168877
18,44.05164,-92.49264
18,45.066319,-93.166199
18,29.86851,-95.756481
18,38.646744,-90.530266
18,40.70555,-74.2459
18,42.926968,-85.593719
18,39.747074,-84.171661
18,32.925676,-96.820631
18,37.73514,-104.82854
18,33.812059999999995,-84.25097
18,39.968637,-76.68159399999998
18,41.90561,-87.66119
18,34.011823,-118.28127
18,34.042722999999995,-118.27151200000002
18,30.38632,-91.170403
18,42.27595925310957,-83.44151616056706
18,35.079357,-80.772163
18,28.482689,-81.240913
18,38.99599,-94.55616
18,39.600037,-77.682579
18,45.754796,-122.87781
18,36.132263,-86.727707
18,33.168499,-117.344832
18,28.453387,-81.40002700000002
18,40.851105,-73.836246
18,35.681651,-78.698494
18,40.007003999999995,-82.91330699999997
18,40.898876,-74.13499499999998
18,40.729547,-73.910983
18,38.559372,-121.513954
18,36.101398,-86.740372
18,25.660734,-80.43077
18,42.305896999999995,-88.107361
18,33.214511,-117.244926
18,37.963691,-122.511824
18,38.794366,-120.91106200000002
18,29.93343,-95.37979
18,38.759062,-77.81339399999997
18,37.428417,-122.10138700000002
18,28.195271999999996,-82.723602
18,35.202148,-80.75919300000002
18,38.387112,-122.718582
18,30.390329,-91.111641
18,34.121178,-117.204394
18,36.109486,-86.727959
18,35.565525,-97.512604
18,41.178537,-76.911314
18,37.49802231770753,-121.92649483622586
18,32.950111,-117.105003
18,34.153759,-118.325867
18,41.75555,-88.103844
18,28.093618,-82.738731
18,38.77063393574347,-90.33893465952713
18,37.76946187001339,-122.41115927637856
18,34.218706,-119.063595
18,33.257765,-117.237303
18,37.549904,-122.025429
18,38.75928,-77.217233
18,34.203998999999996,-117.142227
18,33.886009,-80.446732
18,41.251751,-81.365791
18,35.83479699999999,-78.638512
18,37.823947,-122.267179
18,33.519039,-117.160446
18,42.968857,-73.81997700000002
18,37.77523400000001,-122.232753
18,30.320972,-81.70536
18,39.892277,-75.22403
18,39.224644,-84.366508
18,41.885605,-88.02748100000002
18,41.836395,-71.415482
18,39.323589,-77.35691800000002
18,37.49762800000001,-77.814286
18,29.7075,-95.228134
18,34.036390000000004,-117.3222
18,35.291428,-80.76870699999998
18,35.318527,-80.77887700000002
18,30.428490000000004,-97.66494
18,28.0489,-82.70858
18,32.80491,-79.93529000000002
18,35.822601,-78.84832
18,40.781712,-77.733437
18,35.279676,-120.659473
18,33.74258,-117.83351100000002
18,33.165248999999996,-87.547287
18,32.866108000000004,-117.229652
18,33.988336,-117.905669
18,42.115788,-122.622283
18,35.795204,-78.520302
18,25.869362,-80.20448499999998
18,33.520584,-117.665565
18,37.76899,-122.406998
18,33.875763,-118.194031
18,38.928654,-77.110799
18,33.824454,-118.293151
18,43.142047,-76.278094
18,36.045216,-86.658989
18,42.326607,-83.160637
18,36.084431,-86.756302
18,34.095539,-118.244049
18,33.80523,-79.0102
18,40.88987946,-74.1312468
18,34.945431,-81.929771
18,40.7679,-111.91254
18,36.122636,-86.665805
18,32.938812,-117.241547
18,29.940816,-90.070528
18,36.838479,-76.096067
18,28.322548,-82.67234
18,40.546534,-78.47703299999998
18,37.450546,-77.486473
18,36.038906,-86.782555
18,33.881699,-81.54091600000002
18,39.53706,-119.78801
18,36.836424,-121.683049
18,35.651257,-78.848734
18,33.376778,-82.046425
18,25.459978,-80.47940799999998
18,33.90354,-118.18536
18,37.080299,-79.333427
18,37.76197,-122.40578
18,35.164371,-80.741058
18,38.274078,-122.65023
18,37.652134,-122.098732
18,37.445060999999995,-122.119133
18,35.400471,-97.536957
18,34.07046500000001,-117.396026
18,25.689146,-80.38287199999998
18,34.248501,-82.413948
18,36.03978,-86.781467
18,29.655216,-95.375409
18,34.03372407,-118.43672633
18,37.25835,-121.96395
18,36.755115,-119.763969
18,28.451,-81.35996999999998
18,34.13841,-118.27657
18,42.274399,-71.050354
18,26.03921,-80.16368
18,28.33283,-81.489632
18,44.609723,-71.218763
18,33.778934,-117.887794
18,42.62796,-71.17895
18,41.493721,-73.162109
18,30.260716,-97.745561
18,35.20274000000001,-80.734627
18,39.909019,-74.984438
18,37.51205,-122.34897
18,36.195999,-86.742622
18,35.858897999999996,-78.706512
18,34.01485,-118.485916
18,33.876864000000005,-118.345192
18,30.623198,-87.181786
18,40.634415,-111.895439
18,35.461445,-97.544113
18,42.404819,-83.14045
18,33.725548,-84.906281
18,38.628674,-121.383051
18,34.039394,-118.080559
18,39.737621,-84.093735
18,34.879014,-120.43503
18,37.75766015,-122.21121669
18,32.757056,-96.837412
18,29.557615,-98.534813
18,43.070686,-76.152252
18,33.916828,-81.22834
18,39.87425,-75.10239
18,37.545551,-122.51403
18,34.065490000000004,-117.54478
18,37.667321,-77.642009
18,33.36362800000001,-83.337959
18,36.126106,-95.96714
18,37.667179,-77.484566
18,37.771159999999995,-122.155693
18,41.863215999999994,-88.106606
18,34.169259999999994,-118.46793
18,44.754738,-124.058699
18,30.427415999999997,-91.14547
18,35.11371,-80.92234
18,35.565503,-86.21844
18,32.926421999999995,-96.762268
18,35.086868,-81.577072
18,35.86734000000001,-78.622231
18,30.314079,-81.65378100000002
18,41.717979,-87.806107
18,36.997375,-81.826645
18,28.04087,-80.66075
18,35.41097,-81.922141
18,33.881833,-117.268201
18,44.411689,-93.292758
18,38.540779,-121.510918
18,37.411621,-122.078171
18,36.215769,-95.98901
18,30.302291,-97.738456
18,27.49169,-82.56286
18,37.209199,-77.405199
18,29.438782,-98.47744
18,34.439747,-81.761505
18,35.985088,-78.65870699999998
18,34.82167800000001,-80.936425
18,29.784798,-95.562965
18,41.98181,-93.571046
18,28.2298,-82.224588
18,30.527731,-81.63606999999998
18,34.07313,-80.984837
18,33.77001,-118.279551
18,28.698195,-81.559235
18,47.612801,-122.351166
18,35.828207,-81.527215
18,42.89815,-78.89747
18,35.388423,-96.836969
18,47.614449,-122.352348
18,35.078474,-89.907032
18,45.145223,-121.631638
18,35.030434,-85.314323
18,47.240723,-122.357033
18,47.567053,-122.320442
18,33.39829,-84.81687099999998
18,45.509237,-122.667113
18,33.107890999999995,-117.313629
18,35.217678,-80.873695
18,42.487057,-71.544861
18,40.2598,-75.64078
18,33.820609999999995,-84.45118000000002
18,34.13404,-117.67607
18,30.137926,-92.067528
18,44.506291150834535,-92.52982735589728
18,37.35497,-77.41335
18,38.683198,-121.33574
18,30.240715,-97.880867
18,34.064678,-118.245605
18,31.75608,-106.2741
18,42.392903,-87.92643199999998
18,34.17876500000001,-117.436211
18,31.744219,-106.331902
18,34.13308,-118.352524
18,42.96441,-78.76756
18,47.207775,-120.700232
18,39.295845,-76.502785
18,35.115551,-106.497589
18,30.235258,-93.283279
18,33.423038,-117.608181
18,35.117374,-80.77941899999998
18,41.833347,-88.025604
18,37.848976,-122.298775
18,37.352432,-121.837746
18,33.784783000000004,-117.492121
18,33.520920000000004,-86.82839200000002
18,39.917369,-85.279536
18,36.23835800000001,-86.780838
18,42.298119,-71.422386
18,33.915805999999996,-117.557198
18,25.786606,-80.38578000000003
18,30.16863942,-81.59744382
18,34.177261,-118.876495
18,37.26268,-77.39826
18,35.50944600000001,-82.526137
18,32.363373,-86.217902
18,36.089859,-95.917786
18,40.336128,-79.74524699999998
18,29.350603000000003,-98.534248
18,42.57435200000001,-70.894249
18,42.86706,-73.90612
18,34.351788,-77.884499
18,25.902321,-80.384743
18,35.06303,-85.310935
18,35.76847,-78.73058
18,38.94634,-76.848391
18,40.92558,-111.89137
18,34.03017,-117.684769
18,41.7146,-87.63696999999998
18,39.528628999999995,-119.715515
18,33.555035,-112.151567
18,30.352119,-97.707291
18,47.081099,-94.588981
18,34.145946,-81.237773
18,42.30228,-88.07498000000002
18,36.972069,-121.871513
18,28.479462,-81.449936
18,36.134239,-86.779083
18,40.782447999999995,-73.556984
18,39.39091086368849,-77.45072722398065
18,34.782059000000004,-86.936523
18,34.073038000000004,-118.309136
18,30.229502,-97.712639
18,37.741337,-121.580818
18,35.795624,-78.69487
18,34.901028000000004,-82.35615
18,30.463703,-91.027405
18,29.71528,-95.50101
18,34.23913,-118.47313
18,42.210624,-88.058184
18,37.017727,-79.833866
18,35.90745,-84.13964
18,30.294779,-92.007347
18,42.41651,-71.10410999999998
18,30.298501,-97.828091
18,32.874543,-117.107524
18,38.931133,-77.21221899999998
18,33.85102,-117.83798
18,30.381201,-97.685143
18,41.697548,-71.475235
18,33.029018,-96.992424
18,31.80381,-85.973679
18,40.64306,-73.95164
18,34.397195,-118.851127
18,40.82009,-73.89026
18,41.192879,-111.979309
18,47.643521,-117.749466
18,37.440236,-77.58136800000003
18,41.443752,-72.117416
18,42.35854000000001,-83.579987
18,32.26532,-111.045959
18,32.235903,-110.979293
18,40.371434,-122.284533
18,39.836566,-75.797671
18,33.995114,-118.395383
18,33.465649,-81.96151
18,30.251579,-81.49945100000002
18,40.206248,-75.224506
18,39.25682000000001,-76.69397
18,35.86107600000001,-78.81489599999998
18,30.52763,-97.6904
18,36.164790999999994,-86.780441
18,26.3124,-80.11719000000002
18,39.987907,-82.767448
18,33.99345,-118.069351
18,32.81231,-97.31389
18,33.162392,-97.074127
18,33.930096,-118.34375
18,36.785455,-76.412864
18,26.18658,-80.15221
18,34.0366,-118.37637
18,35.40625,-97.534714
18,40.60448,-74.050983
18,38.811226,-77.21818499999998
18,41.741795,-87.943985
18,34.92649198,-81.9889605
18,33.846583,-118.197359
18,34.06899,-118.46328
18,42.702296999999994,-73.849915
18,36.01097,-119.961769
18,28.552094,-81.456642
18,42.34904,-83.1018
18,41.92837,-87.97161
18,33.837329,-118.261559
18,34.165304,-78.976635
18,34.484322,-82.702988
18,37.420853,-122.092361
18,30.281215999999997,-97.744133
18,42.328941,-83.215591
18,28.83169,-81.322678
18,32.7431,-96.828286
18,26.008368,-80.16635600000002
18,29.678463,-95.336543
18,44.966833,-93.273984
18,38.945377,-76.858414
18,32.181430999999996,-110.977592
18,34.229048,-83.860182
18,38.10596500000001,-122.21138
18,30.10154600000001,-81.833325
18,39.737968,-105.01408899999998
18,29.63246,-95.264572
18,28.451938,-81.400468
18,33.874884,-117.545206
18,35.84767700000001,-83.964795
18,45.449,-122.7837
18,25.996004,-80.166227
18,38.651917,-121.370193
18,35.112970000000004,-80.88301
18,39.609867,-104.893547
18,41.846951,-87.951103
18,37.19044805,-78.19324851
18,34.043739,-81.09902199999998
18,35.565681,-97.567169
18,32.837582,-97.146317
18,38.837406,-77.44702099999998
18,40.90716,-74.03449
18,36.464008,-82.975757
18,38.747761,-121.26846299999998
18,39.766159,-120.324255
18,37.964766999999995,-88.935631
18,47.159576,-122.466011
18,43.174938,-77.613251
18,39.875072,-83.004524
18,36.526795,-87.350433
18,33.943325,-118.279739
18,37.607362,-77.58583899999998
18,39.934677,-74.965767
18,44.880068,-93.003053
18,33.732185,-84.568748
18,35.55572100000001,-97.531342
18,35.86969699999999,-78.544875
18,42.24049,-87.957613
18,34.02078,-117.8147
18,41.846874,-87.640579
18,29.7374,-95.521187
18,26.008183,-80.21345500000002
18,36.45762,-77.809088
18,42.932575,-88.159134
18,33.524178000000006,-112.112373
18,36.05862,-80.213776
18,35.320705,-80.78278399999998
18,34.061212,-118.173928
18,37.720969,-122.178493
18,39.728821,-74.292866
18,28.259749,-81.436207
18,34.189064,-80.687881
18,41.234645,-73.0301
18,33.980391999999995,-118.238976
18,33.96575900000001,-118.164984
18,27.388817,-82.513863
18,29.44049477563171,-98.4843099112583
18,32.70969,-96.62152
18,38.922647,-122.612103
18,34.310654,-117.473259
18,33.482334,-112.012917
18,34.052608,-118.226471
18,45.046106,-123.799861
18,35.38039000000001,-80.751099
18,30.393431,-97.653469
18,37.550763,-77.437978
18,33.2074,-87.568874
18,38.271547,-122.111388
18,34.028079999999996,-81.101624
18,25.70175,-80.29288000000003
18,29.98025,-90.04861
18,34.79987025244332,-82.4244439597968
18,45.144291,-93.18402
18,35.460793,-97.72937
18,32.629065999999995,-117.043617
18,37.633795,-122.408198
18,33.82925,-117.460365
18,38.93513,-94.70478
18,40.423977,-80.109573
18,36.871641,-80.770401
18,34.377464,-118.493609
18,37.957155,-120.420515
18,42.443266,-83.431943
18,37.204405,-77.36536600000002
18,40.1536,-75.1405
18,32.23498,-110.817508
18,35.370892,-119.043068
18,35.334148,-97.562012
18,35.70639,-81.379021
18,32.872040000000005,-96.67942
18,42.43322,-83.21954000000002
18,37.85475,-122.21888
18,30.424335,-91.150719
18,38.50379,-122.296266
18,37.92643,-122.06079
18,38.797821,-77.571991
18,41.118322,-85.13356800000003
18,34.046368,-81.148323
18,35.162975,-80.889984
18,33.916458,-118.370323
18,38.553615,-121.474233
18,41.8816,-87.657168
18,39.934235,-75.624064
18,37.630176,-122.434834
18,39.489038,-76.196416
18,27.441753,-82.459763
18,32.999186,-97.294095
18,35.868442,-84.923803
18,37.602474,-122.38044
18,35.11540532095377,-118.18637967053324
18,33.332481,-111.738373
18,36.804031,-76.430077
18,33.91296,-84.286179
18,33.199795,-87.566597
18,35.159531,-80.886299
18,30.00859,-90.2265
18,29.711313,-95.209557
18,29.60016,-98.42492
18,30.40852000000001,-91.016037
18,33.537933,-117.173485
18,40.447588,-74.46493199999998
18,28.6504,-81.470628
18,48.615542,-97.862144
18,41.795071,-88.010368
18,40.048471,-75.002799
18,45.11083,-93.30127
18,39.547325,-74.466484
18,35.609226,-97.567169
18,37.70144000000001,-121.88303
18,34.487155,-92.717769
18,40.65802931766196,-73.5679829117128
18,41.089161,-111.997276
18,39.220927,-78.138635
18,29.587128000000003,-98.377556
18,38.714169,-90.703705
18,36.737956,-119.83624
18,34.199982,-83.918739
18,35.36367,-80.7542
18,32.677471000000004,-97.062271
18,34.073956,-117.61718799999998
18,29.77152,-95.203647
18,30.350831,-91.132733
18,41.687088,-91.961981
18,33.987598,-118.368065
18,39.399902,-77.409572
18,32.809883,-80.036629
18,35.468955,-82.577976
18,32.75972,-97.131523
18,35.565674,-97.655907
18,44.966137,-93.255608
18,39.326387,-76.52624399999998
18,37.645451,-77.59073599999998
18,34.873837,-82.22097
18,36.101601,-86.764809
18,30.342449,-97.572762
18,41.120037,-93.781828
18,34.214237,-80.977463
18,40.042066,-76.313439
18,37.650532,-77.547218
18,29.866959,-95.540962
18,35.779949,-78.599968
18,43.81305813768475,-116.75474524442312
18,36.06196,-80.06444
18,35.0111,-85.27172
18,39.923297166633965,-74.9774301048518
18,36.644108,-80.712051
18,39.72823,-105.01465
18,47.118706,-122.556908
18,29.674463,-95.574486
18,29.793846,-95.064308
18,33.974815,-118.167839
18,39.495953,-77.56815300000002
18,33.956245,-81.093246
18,41.876186,-87.660774
18,40.920073,-74.072532
18,32.74812,-80.83105
18,41.391079,-73.597946
18,36.166160999999995,-86.835022
18,40.13279,-74.96974200000002
18,34.475128000000005,-82.653244
18,38.955363,-78.18467700000002
18,35.58824,-82.579916
18,35.045367999999996,-81.968849
18,28.60302,-81.312691
18,41.851089,-87.972588
18,45.022016,-93.400651
18,36.141857,-86.734779
18,35.218533,-80.826103
18,34.077618,-117.623543
18,27.878794,-82.659882
18,34.027454,-117.835575
18,33.765018,-84.493874
18,35.19089,-118.50762
18,38.0261,-122.246517
18,39.68306,-104.941132
18,37.87507653,-122.18799949
18,25.939703,-80.188672
18,28.408108,-81.448588
18,38.611382,-121.510734
18,32.80578732474896,-96.85264706565452
18,32.739105,-96.82338
18,41.486118,-81.616051
18,40.566,-112.0633
18,32.76616,-96.91208
18,34.21734,-80.59755
18,45.592919,-118.53319
18,38.155849,-122.411118
18,41.595496999999995,-73.763962
18,33.411067,-111.995295
18,43.0599,-76.14698
18,35.030653,-85.306444
18,34.682559000000005,-81.191001
18,34.52026,-118.31706
18,31.779685,-106.369566
18,33.580738000000004,-86.809914
18,38.760667,-121.260061
18,33.858945,-118.290525
18,42.41506,-82.94033
18,47.652801,-117.417989
18,33.875725,-84.38044000000002
18,29.428909,-81.510361
18,36.206764,-119.10674
18,37.638051,-122.404904
18,37.107577,-122.050019
18,36.770538,-119.749184
18,39.502224,-89.64505799999998
18,36.67870300000001,-121.735077
18,33.831509999999994,-118.08428
18,40.99214600000001,-73.661858
18,33.628227,-117.720184
18,33.980140999999996,-81.02951
18,34.28568,-118.79597
18,38.653069,-121.23922
18,36.936309,-120.600174
18,34.040317,-117.400083
18,33.410603,-86.970055
18,35.425990999999996,-97.724602
18,29.552190999999997,-98.356522
18,33.964704,-84.09804399999999
18,40.972549,-73.914597
18,44.758557,-122.344781
18,26.705763,-80.075211
18,38.017157,-121.000376
18,30.461119,-87.301077
18,35.50243,-80.866798
18,35.270695,-94.201798
18,34.030308000000005,-117.699226
18,39.91316914539378,-86.08359932858427
18,34.858978,-82.259773
18,45.529873,-122.614431
18,37.489824,-121.929538
18,32.337162,-110.977486
18,32.910077,-96.746642
18,34.06743,-117.5799
18,37.405289,-113.2379
18,41.28032,-73.68117
18,33.009399,-117.079872
18,40.98779082278734,-78.17355036698257
18,39.060314,-84.421516
18,28.124069,-82.76038
18,34.239857,-119.182068
18,37.70201,-121.91683
18,26.106886,-80.281998
18,33.776433000000004,-117.900683
18,29.728679999999997,-95.46022
18,40.10373,-82.940152
18,37.93305,-77.46799
18,41.484171151917046,-71.73639893497592
18,36.797428,-119.785439
18,32.909599,-96.888996
18,37.59721500000001,-77.490998
18,27.264215000000004,-82.448868
18,25.926592000000007,-80.29333299999998
18,34.693993,-80.788742
18,34.788585999999995,-82.482292
18,39.41188,-110.8789
18,40.963537,-73.848905
18,25.733927,-80.28733000000003
18,42.96976,-123.86804
18,35.77232,-78.7195
18,34.129026,-118.34673
18,26.57255,-80.069496
18,34.190542,-79.836616
18,36.151199,-95.984322
18,33.988033,-118.370285
18,30.441540000000003,-97.690552
18,43.95503,-92.13387
18,37.157242,-121.982117
18,25.943731,-80.357598
18,35.44971,-97.54821
18,35.745193,-78.872375
18,45.300395,-118.307304
18,47.569075,-121.886855
18,38.66132800000001,-121.22569
18,38.361249,-76.999698
18,38.965072,-77.234578
18,34.718348999999996,-82.302361
18,33.856327,-98.510193
18,41.864109,-87.978104
18,38.43708,-81.520439
18,35.16881,-80.85065999999998
18,29.563931,-95.025803
18,43.053039,-89.507002
18,40.299372,-75.285635
18,35.20985,-80.75717900000002
18,44.76708769776932,-93.03472638085825
18,33.988847,-118.245353
18,42.23121,-71.02334
18,35.811951,-78.59691600000002
18,37.283916,-113.306679
18,33.881594,-117.593947
18,32.399731,-90.145264
18,37.326692,-121.94071
18,33.902302,-118.061325
18,36.86577,-77.83637900000002
18,25.9248,-80.21176
18,33.500467,-81.907703
18,30.48923,-84.01731099999998
18,47.5465,-116.33459
18,45.13799,-93.49455
18,33.37748,-112.18511200000002
18,44.97623562791359,-93.52741599038347
18,47.240364,-122.395485
18,33.76535,-84.495384
18,30.460119,-91.008362
18,40.218666,-75.245491
18,40.866987,-73.821931
18,44.85881,-93.328995
18,26.033426,-80.16439799999998
18,38.55586,-121.44235
18,34.04732,-118.242508
18,45.812412,-120.80722
18,42.19714000000001,-87.9896
18,35.395213,-118.964585
18,27.69622,-80.89494
18,28.372344,-81.295808
18,30.188435,-81.739486
18,45.42745,-122.33553
18,41.406406,-81.466629
18,38.90017,-94.29916
18,37.51424431782953,-77.17697024308596
18,45.548382,-122.678607
18,42.204731,-71.074028
18,38.51204752903695,-90.55310368494725
18,25.91011,-80.16828199999998
18,36.83723,-76.10119
18,37.53812670689802,-77.42793917619021
18,30.37149,-91.12693
18,43.937544,-122.853466
18,45.46309,-122.68494
18,39.528721,-119.803085
18,33.774358,-117.905237
18,37.96906,-122.05862
18,31.781707,-106.46143700000002
18,40.856777,-74.069786
18,40.813679,-73.931274
18,42.080126,-88.029758
18,45.39474000000001,-122.497225
18,34.070051,-118.15033400000002
18,34.872051,-82.224571
18,30.316351,-97.872437
18,42.710644,-73.825058
18,36.184528,-86.797684
18,34.807281,-82.218407
18,34.257263,-118.472122
18,34.080894,-84.675552
18,39.502821,-77.400706
18,35.206604,-80.796654
18,40.74055900000001,-73.841347
18,30.454243,-91.087196
18,46.48253,-103.217025
18,40.85601,-73.971816
18,38.915642,-119.71591200000002
18,33.83026,-84.42566
18,42.949039,-85.67472099999998
18,37.695607,-122.080127
18,35.769081,-78.580933
18,32.7237,-96.688397
18,40.030731,-74.183426
18,28.449998,-81.469791
18,42.49592185,-83.36521268
18,38.600643,-120.851479
18,34.15435,-118.39659
18,35.039435,-82.101102
18,40.281361,-80.162247
18,35.198062,-80.761284
18,39.93118,-86.29446800000002
18,40.520552,-111.89098
18,35.257236,-81.02669499999998
18,25.921167,-80.292973
18,37.699951,-120.99453
18,37.36792,-77.41736
18,34.978058000000004,-82.057243
18,40.077634,-75.371532
18,41.81463,-71.41029
18,36.180374,-95.904572
18,27.55138277994369,-81.76846146544565
18,35.296225,-118.89533
18,35.406181,-97.547943
18,30.008745,-90.220284
18,27.87898400000001,-82.65892
18,38.762417,-77.310364
18,38.703979,-121.328468
18,28.0413,-82.738373
18,42.043869,-87.82959
18,36.055766343898505,-79.12406086883962
18,29.874214,-82.542351
18,38.414442,-82.302274
18,34.189204,-83.588729
18,39.812908,-84.19676199999998
18,42.91629,-78.766258
18,35.56562,-97.63842
18,33.584088,-84.373896
18,30.234072,-97.740868
18,26.14215,-80.16971
18,35.097027000000004,-81.668221
18,48.566636,-109.458217
18,32.857014,-97.013451
18,30.424627,-97.671585
18,25.86804200000001,-80.243776
18,35.015213,-85.163684
18,30.394669,-97.706711
18,27.432137,-82.428329
18,39.05167,-84.55689
18,35.320087,-80.86507399999998
18,40.850759,-74.35446
18,41.101997,-73.992783
18,29.767462,-95.344437
18,32.729187,-96.876831
18,33.627102,-81.047691
18,37.976609,-122.31839
18,36.97734000000001,-121.992926
18,41.04489,-73.56342
18,40.294086,-78.84166
18,39.639812,-104.884583
18,38.25856,-122.061859
18,44.934132,-93.27478
18,30.439290999999997,-91.179283
18,30.617201,-81.649681
18,38.932648,-77.125062
18,25.494691,-80.45124399999997
18,36.801233,-119.720366
18,40.08226,-76.76516
18,41.84722100000001,-87.64215899999998
18,34.969452000000004,-81.903542
18,39.07568,-94.608307
18,28.692941,-81.55514699999998
18,42.265128,-83.266087
18,38.659631,-77.256905
18,31.792444,-106.375481
18,37.890225,-120.545779
18,37.412029,-122.077919
18,46.87128,-99.868506
18,38.628662,-121.383049
18,32.880087,-96.510231
18,39.669092,-75.958052
18,30.320722999999997,-81.717567
18,35.31382,-80.70075200000002
18,35.363312,-97.547638
18,38.412838,-121.901695
18,37.31721,-121.93184
18,38.040283,-120.406067
18,29.852529,-95.397777
18,33.884594,-84.469887
18,32.643181,-96.842575
18,33.496301,-111.926172
18,41.043246999999994,-73.83584599999998
18,40.09292,-75.26171
18,40.77931,-73.5717
18,41.84567,-87.64968
18,26.16212,-80.16235
18,27.396483,-82.567736
18,40.59987902621937,-74.23214077914126
18,32.658731,-84.977165
18,28.148623,-82.777345
18,25.773832,-80.19931
18,27.253396,-97.99494
18,33.377277,-111.893127
18,34.07275,-117.784012
18,40.34979600000001,-111.767647
18,44.048992,-122.875675
18,41.745707,-124.175873
18,35.118164,-80.85554499999998
18,32.264934999999994,-109.84536
18,25.807464000000003,-80.29297
18,27.111086,-82.384422
18,47.009298,-95.912345
18,42.474422,-83.182594
18,34.471171999999996,-119.67881
18,37.010478000000006,-119.793887
18,25.903321,-80.210128
18,36.104359,-95.862795
18,39.30619597416255,-119.8250162595757
18,30.174171,-92.069839
18,37.544006,-77.393049
18,35.780406,-78.59693100000001
18,38.364757,-121.350408
18,25.909499,-80.236108
18,34.927292,-81.855583
18,33.9912,-117.941761
18,35.460281,-97.583199
18,35.50758,-97.565666
18,29.18116,-81.517105
18,40.701736,-73.991577
18,36.015369,-86.705627
18,29.504292,-98.499275
18,29.777440999999996,-95.429131
18,35.031441,-81.946007
18,34.816849,-82.271889
18,37.620403,-122.425995
18,27.569929,-81.514297
18,39.653076,-104.918396
18,36.091460999999995,-95.881432
18,32.397655,-85.976112
18,38.804912,-77.521377
18,38.581558,-90.448074
18,33.928902,-118.289368
18,39.27021,-88.469284
18,38.989041,-77.466236
18,32.311054,-86.337112
18,39.458079,-82.717995
18,35.878994,-78.64576
18,40.66829,-73.73844
18,34.912189,-82.105285
18,34.873901000000004,-82.220718
18,41.800502,-91.64662
18,34.905952,-81.94725
18,41.300037,-72.91469599999998
18,39.8327,-75.70749
18,44.891254,-93.443237
18,40.489647,-111.89341
18,33.94082,-117.29141
18,41.052648,-77.192408
18,37.09436,-120.762172
18,29.012688,-80.987511
18,35.79582199999999,-78.640816
18,40.579,-74.62485
18,33.633525,-84.456987
18,37.606,-122.38547
18,27.389799,-82.45025600000002
18,25.901241,-80.18698499999998
18,34.286282,-81.644867
18,34.133549,-117.954842
18,41.229276,-76.736122
18,27.447469,-82.528398
18,42.48741,-83.27888
18,39.699472,-105.204615
18,33.45924,-112.00607
18,38.368099,-77.522751
18,34.094214,-112.142749
18,33.896599,-117.496216
18,38.017368,-121.095577
18,35.105492,-106.645203
18,32.870020000000004,-96.67203
18,42.552913,-79.10584300000002
18,39.987392,-78.256523
18,41.019290685458095,-73.62881541217027
18,33.016365,-80.088577
18,29.970703000000004,-95.769761
18,28.002211,-82.327271
18,41.121746,-95.96656
18,38.425973,-82.317349
18,41.671983,-86.373132
18,33.852024,-84.369621
18,37.891403,-122.171173
18,41.098801,-81.587631
18,42.94781500000001,-85.667496
18,35.491508,-97.619019
18,36.103328999999995,-86.666588
18,33.99344,-118.40371
18,29.955525,-90.116362
18,28.078714,-80.70591
18,35.14415,-80.832962
18,34.75584,-118.79559
18,32.843920000000004,-96.63466
18,29.222993,-82.107219
18,29.812734999999996,-95.410332
18,30.19698,-97.74413
18,37.784858,-122.392571
18,39.796677,-86.009468
18,36.149634000000006,-84.062442
18,43.07907700000001,-77.441934
18,39.80141500000001,-86.276269
18,31.57281,-83.54881
18,39.188241,-121.594208
18,27.388812,-82.455656
18,40.200408,-78.65299
18,32.792628,-96.873815
18,33.201122,-117.374092
18,39.676336,-75.655935
18,35.88422,-78.59185
18,41.714207,-72.64825400000002
18,34.632564,-86.902338
18,39.97506,-82.884651
18,32.969314000000004,-80.006315
18,32.81348,-117.22131
18,34.89204,-81.968132
18,30.45710900000001,-81.634987
18,26.9741,-82.020664
18,45.695925,-111.041704
18,32.784572999999995,-96.812689
18,35.131492,-114.105378
18,34.133671,-117.933517
18,35.72307199999999,-78.844978
18,25.98505,-80.16546600000002
18,41.170094,-112.020271
18,35.623714,-97.513756
18,40.454918,-76.51649
18,38.019145,-78.438048
18,34.90738,-82.3291
18,34.132659999999994,-117.95165
18,38.70261311512612,-77.20870614015001
18,28.575209,-81.451796
18,35.219556,-112.49171
18,38.316217,-122.13405
18,46.377893686073406,-92.78727650598152
18,34.037216,-118.284004
18,28.493533000000006,-81.510375
18,45.327195,-119.005457
18,29.694336,-95.285109
18,30.390177,-97.743446
18,41.04860187,-73.80635619
18,37.804006,-122.233865
18,27.447463,-82.52918299999997
18,40.249178,-80.193297
18,43.15396,-77.53804000000002
18,38.92327,-94.7045
18,47.67273,-122.32125
18,42.797365,-76.347008
18,28.18582,-82.437861
18,33.80566,-118.14254
18,25.78726,-80.18506
18,42.00704,-88.33606999999998
18,32.89976,-96.89812
18,33.8997,-80.833344
18,33.95983,-118.11462
18,33.62843156,-117.72040486
18,34.135021,-117.233604
18,37.386371999999994,-121.975243
18,34.050277,-118.214107
18,33.480446,-111.889403
18,34.221371000000005,-118.473106
18,25.938449,-80.188624
18,40.759737,-73.600971
18,41.311249,-73.09190600000002
18,37.76268,-122.40522
18,34.041412,-118.064323
18,38.652744,-90.353676
18,30.45585100000001,-97.574623
18,42.9025,-78.900612
18,30.142704,-97.842674
18,36.04395,-78.81835799999998
18,42.977944,-78.782574
18,34.068741,-117.361252
18,30.332523,-97.686707
18,40.770947,-73.279831
18,29.391037,-98.473488
18,33.209739,-86.79643399999998
18,38.686485,-90.35408
18,26.30105,-80.186272
18,28.406687,-81.456676
18,33.047661,-80.54656999999997
18,37.33203,-122.01735
18,41.310918,-74.122057
18,40.72034,-112.23107
18,33.875313,-118.063927
18,39.72599,-86.26465999999998
18,35.372318029235025,-80.84498763045862
18,33.827408,-117.526646
18,33.927277000000004,-118.376518
18,33.831375,-118.0839
18,35.587213,-119.627423
18,47.12426,-122.434833
18,33.870795,-117.740212
18,36.082671999999995,-86.727249
18,34.80115,-82.4269
18,42.927174,-85.634857
18,39.973153,-82.98325899999998
18,38.31456,-85.582474
18,33.9916,-81.184158
18,45.647845,-121.210655
18,44.966912,-93.400709
18,30.341871,-91.724251
18,28.553602,-81.36443
18,33.364552,-111.894028
18,25.904805,-80.235697
18,38.634941,-121.389717
18,32.835196999999994,-96.632233
18,42.21209,-88.11306
18,34.085144,-117.300873
18,37.928349,-121.734863
18,43.10062,-87.91808
18,33.891068,-118.36132
18,36.244988,-86.756463
18,33.88176,-117.581055
18,37.739334,-121.59082
18,33.854074,-117.890185
18,33.166645,-87.537216
18,33.905179,-79.399781
18,37.644836,-122.093895
18,26.518172,-81.93019100000002
18,33.991046000000004,-118.185209
18,34.074551,-81.155495
18,45.01258,-122.99246
18,25.771425962325228,-80.38540720901307
18,33.3193,-97.18012
18,40.782834,-73.654376
18,38.005615,-78.36909
18,35.549541,-97.61911
18,41.009858,-77.683644
18,39.995372,-75.768345
18,42.673656,-123.381998
18,33.748975,-78.959536
18,36.086037,-86.699966
18,29.68305,-95.349144
18,34.098068,-118.314629
18,43.852929,-121.414971
18,38.28953,-122.05164
18,34.78989,-82.48638000000003
18,34.249626,-79.696747
18,34.0597,-118.165268
18,39.64077,-77.00633499999998
18,40.771133,-112.0252
18,35.263071999999994,-80.76314599999998
18,29.602568,-98.366989
18,33.892262,-81.259171
18,41.10693,-73.419075
18,39.396135,-74.49253399999998
18,30.363491,-97.697934
18,34.072216,-117.790276
18,30.263501,-97.754337
18,48.847942,-122.519081
18,33.817401000000004,-84.42200000000003
18,36.166618,-86.764786
18,38.96744,-77.036323
18,30.10341,-81.705698
18,34.140091,-80.938004
18,39.272049,-76.818536
18,33.122884,-84.896523
18,45.690479,-108.775177
18,37.525051,-122.3573
18,32.909489,-96.804008
18,35.388993,-119.044646
18,37.140001058401396,-77.35661387406654
18,34.983345,-107.171379
18,39.005955,-76.98059
18,30.554901,-88.171959
18,36.977882,-121.9105
18,35.121256,-81.571894
18,37.66896,-122.1094
19,35.253254,-80.85910799999998
19,40.902626,-73.815025
19,34.092877,-118.476141
19,33.901531,-84.243271
19,44.84423,-93.155639
19,38.714382,-121.392265
19,38.783775,-77.179339
19,38.311888,-77.50281899999997
19,30.421654,-91.07982
19,41.62182212,-81.46479249
19,34.053619,-118.2323
19,32.944817,-96.904327
19,33.913174,-118.180505
19,34.61972,-82.589462
19,40.836418,-73.873695
19,33.615761,-84.398178
19,32.77330040916074,-117.20730900708575
19,37.316752,-121.922068
19,30.052675,-95.431694
19,39.889381,-82.88314799999998
19,40.138281,-75.428933
19,34.282871,-79.976929
19,34.090675,-118.239288
19,41.1044,-73.95144
19,32.766441,-96.915169
19,30.385791063163825,-82.87271618803562
19,38.606236,-121.508064
19,28.801097,-96.994198
19,40.770428,-73.566078
19,41.48474,-81.62174
19,35.858906,-78.821831
19,33.886093,-117.407943
19,35.667469,-97.531723
19,40.780185,-74.052819
19,44.579369,-94.375961
19,33.040192,-80.138847
19,37.42914319020544,-77.34060645066577
19,40.727699,-112.167344
19,42.42192,-123.02698999999998
19,40.595805,-75.35075400000002
19,40.110504,-75.279335
19,40.7678926,-74.02198434
19,38.297285,-122.66644
19,34.819306,-118.272912
19,35.819881,-78.311729
19,35.594631,-97.549362
19,32.91519,-96.74126
19,37.68983,-122.062275
19,25.9191,-80.244423
19,33.668097,-112.202935
19,37.89687,-122.10223
19,37.590881,-121.333588
19,42.862736,-83.770653
19,33.055733000000004,-80.23835
19,42.925186,-83.616463
19,33.799786,-84.39235699999998
19,39.06863,-94.51091
19,41.131752,-74.167831
19,34.030571,-117.642578
19,26.131241,-80.324699
19,28.449998,-81.469791
19,43.012883,-78.325671
19,35.62351599999999,-97.531227
19,38.514671,-90.548782
19,35.18074,-80.889297
19,32.875984,-96.684316
19,43.067922,-78.926415
19,41.750137,-72.721936
19,39.670826,-84.222115
19,38.778488,-90.525208
19,35.231312,-80.8283
19,37.15191,-77.917153
19,40.800293,-73.793678
19,33.924665000000005,-118.265191
19,34.063721895055465,-117.26726174298636
19,33.902916,-84.274139
19,34.852340999999996,-119.132202
19,39.632416,-76.67182199999998
19,33.81996273978319,-117.92030453625716
19,34.173134000000005,-80.089157
19,40.084,-82.854218
19,34.016085,-118.136807
19,29.77046,-95.34187
19,34.135599,-117.386652
19,30.504474,-91.151407
19,40.720867,-73.826308
19,37.762798,-122.39299
19,34.768211,-82.207336
19,40.019592,-75.622381
19,38.664406,-121.356705
19,33.773563,-118.039459
19,40.441776,-79.856758
19,32.982651000000004,-96.930389
19,32.250636,-110.907118
19,41.701008,-72.758339
19,32.783527,-96.789409
19,27.837947,-82.728421
19,33.672462701636924,-80.89676499328186
19,33.575181,-83.529685
19,36.349027,-119.412501
19,37.40518,-122.05563
19,35.07877,-80.845848
19,30.473017,-91.167213
19,34.148659,-118.050179
19,40.650047,-111.902046
19,30.051109000000004,-95.588348
19,35.56073,-82.541023
19,37.850994,-122.299484
19,28.493181,-81.433258
19,33.933391,-118.352512
19,38.622604,-121.419206
19,41.1374,-111.89159
19,28.05398,-82.45444499999998
19,33.912239,-84.207817
19,37.364206,-121.966212
19,25.990566,-80.165848
19,36.582529,-121.89529
19,35.087582,-106.63533
19,30.354983,-97.715197
19,38.22057,-122.132042
19,34.078263,-80.31702
19,41.85109,-87.6454
19,33.95384,-118.17076000000002
19,33.801272999999995,-84.401575
19,34.067528,-117.519508
19,38.683712,-90.218964
19,45.285628,-93.752824
19,42.878498,-78.872322
19,28.485312,-81.405386
19,42.955502,-83.61216
19,28.353786,-81.413034
19,34.511181,-82.76065799999998
19,36.624317,-80.73139
19,39.286602,-78.087166
19,47.756004,-122.329689
19,34.133306,-118.352405
19,35.216621,-80.832596
19,41.819065,-71.38290400000002
19,37.276384,-76.752899
19,41.628922,-87.578802
19,40.84005,-73.92905999999998
19,40.700025,-111.795326
19,33.68727,-117.89845
19,47.630897999999995,-122.189133
19,42.054698,-124.265953
19,33.918381,-87.250727
19,38.273293,-122.049591
19,30.375633,-86.28825400000002
19,40.79619526843645,-74.2498433586395
19,42.367798,-83.139824
19,39.489899,-76.874989
19,30.217389,-97.683181
19,38.420825,-78.88195400000002
19,33.462219,-112.047775
19,38.681995,-77.229965
19,32.792656,-96.624413
19,45.34971,-122.65857
19,37.73992,-121.58983
19,34.8661,-81.95773299999998
19,45.567454,-111.196841
19,40.47942000000001,-78.394417
19,30.301908,-97.715286
19,47.357321,-102.641801
19,30.200671999999997,-97.762764
19,37.611434,-77.439409
19,47.593698,-122.3297
19,43.035458,-83.468704
19,30.37899,-91.094088
19,35.84814799999999,-78.5961
19,47.500773,-97.087329
19,39.106392,-94.57338
19,35.623581,-97.535721
19,37.98328,-122.041656
19,43.117428,-76.21932199999998
19,38.6111,-76.92591999999998
19,42.475182,-83.14208199999999
19,34.118097,-117.881361
19,47.26931,-122.26078
19,46.349598,-91.550903
19,40.427935,-79.890075
19,38.660976,-121.355164
19,28.494318,-81.417325
19,30.675244,-87.054162
19,30.4611,-87.300911
19,28.426037,-81.468328
19,28.65097,-81.543243
19,39.102926,-74.874794
19,34.084853,-118.219347
19,38.6036,-78.546224
19,38.98376500000001,-76.594987
19,39.960312,-75.181198
19,30.284715999999996,-97.659798
19,38.651586,-121.37341200000002
19,26.04802,-80.1628
19,35.444603,-80.89444
19,34.194790000000005,-80.907219
19,34.883524,-82.198437
19,33.289631,-87.570213
19,40.759762,-73.960991
19,33.948993,-118.16286200000002
19,38.280495,-122.274231
19,38.204383,-81.501986
19,33.930772999999995,-117.879909
19,33.59963,-86.69258
19,40.835491,-75.6726
19,33.598263,-112.271813
19,35.565243,-82.498923
19,36.25227,-86.69393199999998
19,40.860188,-111.903122
19,41.909817,-87.736908
19,33.778919,-117.887794
19,41.597872,-73.91116
19,30.40947700000001,-86.809212
19,35.077396,-81.701645
19,34.014626,-118.169807
19,32.771042,-96.891634
19,35.5872,-97.670921
19,38.29536795597889,-111.04262709564664
19,33.903149,-84.241173
19,36.11616,-86.77221999999998
19,30.356291,-97.513924
19,37.931618,-121.266228
19,42.62085,-84.73898299999998
19,35.27088900000001,-80.767601
19,34.292957,-117.453224
19,46.86444640137261,-100.0305497641562
19,33.628811,-112.359329
19,37.95662,-122.05283
19,34.282036,-118.779022
19,41.682751,-83.59832800000002
19,33.732345,-112.121705
19,37.79884000000001,-79.40969
19,38.190174,-120.671211
19,37.627376,-122.081256
19,35.22657,-80.846367
19,30.174578000000004,-96.934948
19,30.428782,-97.842674
19,33.465923,-82.08584599999998
19,33.275081,-80.579838
19,35.262142,-80.87841800000002
19,35.79725999999999,-78.577766
19,35.89850300000001,-78.761361
19,42.410671,-83.42395
19,37.610526,-120.993621
19,33.576886,-81.76564599999998
19,25.811566,-80.25218000000002
19,35.278152,-80.807549
19,32.471272,-93.814369
19,33.92504,-118.33242
19,41.110925,-112.049201
19,34.310022,-117.472524
19,48.342248,-103.290285
19,37.651469,-77.612723
19,35.16425,-119.11397
19,41.853119,-71.426651
19,27.440331,-82.57745
19,32.878918,-96.700439
19,35.25745999999999,-81.02215
19,33.593472,-117.75976599999998
19,32.720323,-96.855618
19,30.08605,-95.435938
19,33.670783,-86.551285
19,30.142822,-97.801564
19,41.900326,-76.005121
19,32.718303999999996,-117.110451
19,34.062819,-117.792005
19,37.937939,-122.516861
19,42.435589,-82.921677
19,37.534702,-77.421593
19,41.98394,-87.84267
19,34.221493,-118.410011
19,38.135945,-78.95366800000002
19,40.143096,-111.646972
19,39.242895841411375,-94.59045052483276
19,33.169552,-117.219081
19,39.77995,-104.94445
19,40.541916,-79.82437900000002
19,38.19204000000001,-85.80802
19,32.837734000000005,-97.050034
19,32.206425,-110.81531499999998
19,28.027129,-82.484218
19,34.820278,-118.878889
19,39.740259,-105.064958
19,28.122954999999997,-82.774147
19,41.123482,-73.34176500000002
19,32.141624,-110.85797
19,38.06074,-112.62086
19,40.421563,-78.43987800000002
19,34.110419,-118.334407
19,40.07343649845088,-74.75701689684506
19,39.242962,-104.878609
19,35.23810200000001,-80.799706
19,38.049969,-121.014702
19,41.143524,-84.994697
19,37.015934,-76.326973
19,32.953381,-96.9105
19,34.25727,-118.472339
19,34.001296999999994,-117.351891
19,33.633526,-84.304482
19,38.513489,-119.471901
19,35.167951,-81.443492
19,40.12841105441985,-74.69487547838831
19,37.319038,-121.832275
19,37.366844,-121.996048
19,33.930890999999995,-118.305177
19,41.24149,-79.280594
19,30.342369,-98.044708
19,37.732414,-122.139061
19,33.640570000000004,-112.0309
19,34.107669,-118.186067
19,34.125240000000005,-118.228355
19,37.699375,-121.92906200000002
19,33.539783,-117.674043
19,28.0359,-82.49147099999998
19,36.770031,-76.584408
19,34.425117,-118.423637
19,34.133990000000004,-118.356064
19,38.676231,-77.23661
19,25.656275,-80.318225
19,28.618713,-81.259087
19,42.967384,-85.661865
19,37.881908,-122.308258
19,33.777596,-81.238792
19,28.232683,-81.648666
19,33.912085999999995,-84.379356
19,34.15307164,-118.36954236
19,36.08985,-96.01389
19,33.689453,-117.907882
19,38.497598,-121.409039
19,33.825720000000004,-118.203668
19,34.1736,-118.55031
19,37.484859,-76.946034
19,27.937690000000003,-82.17043000000002
19,39.53785300000001,-119.752922
19,33.010940999999995,-116.935707
19,35.167190999999995,-106.725052
19,35.118614,-97.443939
19,37.750408,-121.57626299999998
19,40.124599,-76.469131
19,30.362143,-91.074422
19,33.526281,-117.165267
19,33.960064,-118.280701
19,39.049428000000006,-77.606266
19,38.655121,-121.033607
19,32.771751,-117.132072
19,34.610264,-120.05503799999998
19,41.316995,-72.35789
19,43.190603,-73.704486
19,37.788273,-121.302597
19,39.872314,-82.932808
19,47.61734000000001,-122.18974
19,34.110062,-81.16114
19,39.943047,-82.849525
19,27.195226,-82.48992700000002
19,45.507412,-122.68358
19,37.12269600000001,-119.737669
19,36.840678999999994,-121.533577
19,39.26274,-94.44811
19,33.92463326437986,-81.29474043807366
19,33.92816,-117.24378
19,33.498604,-112.265973
19,33.761883000000005,-117.972343
19,32.472266999999995,-93.750336
19,37.45682,-77.589792
19,43.030258,-83.661636
19,33.507589,-117.66038
19,34.53157,-82.696854
19,33.462055,-112.264122
19,40.151337,-96.746857
19,29.20265,-95.434898
19,33.491368,-117.661906
19,39.838867,-75.449784
19,32.365896,-90.150019
19,36.68024897557888,-121.64194464625528
19,34.916672,-82.266487
19,33.771285999999996,-84.390045
19,32.196274,-110.978012
19,40.788341,-73.453441
19,33.969376000000004,-118.060051
19,47.21607,-94.82791
19,40.666779,-73.83608199999998
19,26.964858770241904,-80.17181754074015
19,41.705242,-72.802666
19,30.368509000000003,-97.61319
19,39.772968,-104.83049
19,34.405412,-83.198622
19,40.524381,-74.253668
19,32.860963,-96.719831
19,33.810374,-118.081584
19,36.819479,-119.877795
19,33.546734,-84.278465
19,34.014854,-118.485924
19,41.06254000000001,-81.47395999999998
19,39.810349,-86.146088
19,38.671352,-121.586093
19,38.48376,-121.5154
19,29.810244,-95.353615
19,32.909893,-96.887566
19,39.028011,-78.269821
19,35.486065,-97.530144
19,37.848167,-122.298645
19,34.081909,-80.940758
19,26.11696,-80.16858
19,37.424204,-122.09704
19,39.62394000000001,-84.266212
19,37.740665,-121.504189
19,30.69541,-86.571632
19,37.413077,-122.081123
19,42.933483,-85.680784
19,33.305855,-111.894173
19,42.349251,-87.874237
19,40.845345,-73.91350600000001
19,33.859497,-118.290432
19,32.421234000000005,-86.229469
19,32.78885,-96.80247
19,42.18028,-88.079599
19,36.48138,-80.75174
19,32.788212,-96.755653
19,34.100304,-79.82723299999998
19,33.194603,-79.952232
19,42.378738,-83.215485
19,32.839632,-97.319251
19,34.849659,-82.54811099999998
19,40.728346109196046,-73.72385144198546
19,41.390369,-73.59796899999998
19,40.149555,-75.114703
19,30.484153999999997,-86.417305
19,35.158862,-89.87678100000002
19,25.81892,-80.369736
19,34.031662,-118.426659
19,33.945639,-118.251614
19,30.441443,-87.23105699999998
19,35.231881,-80.818977
19,35.17221,-114.57126
19,34.305973,-81.583855
19,34.958199,-82.250198
19,40.349093,-75.389985
19,39.836913,-77.004551
19,33.99649,-117.869537
19,34.700091,-82.273545
19,33.3858,-117.583503
19,25.769469,-80.33806899999998
19,46.15278,-123.86474
19,32.967819,-80.201111
19,33.395851,-112.099228
19,30.629623,-88.11779
19,33.75903,-84.50477
19,39.375911950877295,-76.65610671006844
19,40.74818,-74.17286700000002
19,39.801949,-84.254112
19,34.15955185873909,-118.461230992706
19,37.568242,-122.043335
19,33.188321,-87.29677
19,39.163195,-122.920908
19,44.89789,-93.17806
19,34.278702,-118.470192
19,35.838375,-78.674278
19,27.479392,-82.466737
19,34.456703000000005,-80.992836
19,42.504543,-83.114975
19,32.913666,-96.745026
19,40.831724,-74.022409
19,42.410351,-73.52775600000002
19,39.651474,-77.92308
19,35.205807,-119.159203
19,34.114148,-118.242953
19,34.183147,-118.145744
19,42.91344,-85.76331
19,34.772831,-82.371361
19,38.333578,-77.498722
19,44.282598,-94.805331
19,40.00914,-76.732433
19,33.903896,-98.503662
19,25.785631,-80.264046
19,28.577785,-81.467739
19,37.68935,-122.105194
19,33.576694,-84.341957
19,38.107709,-122.878396
19,41.48547,-88.222588
19,42.461899,-79.30506899999997
19,35.338249,-80.962975
19,28.343008,-81.403841
19,41.87923,-87.64551999999998
19,34.201721,-118.189247
19,33.813431,-118.167686
19,25.597555,-80.38246
19,25.6955301760402,-80.32946705779872
19,30.447298,-91.031832
19,34.56035971625061,-92.6133835311288
19,39.67927,-85.967711
19,42.360095,-83.573268
19,33.911575,-84.35752099999998
19,35.017998,-84.089518
19,41.634476,-71.005234
19,42.188581,-71.534238
19,36.963467,-121.975845
19,33.654793,-111.90846299999998
19,30.20918,-81.75929000000002
19,44.767976,-94.023219
19,29.656628,-95.501312
19,33.945499,-118.290093
19,40.67688,-74.002083
19,25.626273,-80.382212
19,28.577709,-81.46775799999998
19,34.720791,-81.20517
19,38.231709,-120.708862
19,37.232353,-77.395821
19,34.010056,-117.823219
19,35.678647,-78.60355799999998
19,38.084211,-121.150841
19,37.718056,-121.086844
19,34.96867,-81.96588100000002
19,34.015463000000004,-117.97699
19,41.01691,-74.215816
19,33.420559000000004,-112.323692
19,26.715065000000006,-81.807422
19,39.15863156299992,-77.22831845246681
19,37.175092,-122.060605
19,40.102485,-75.278274
19,33.995209,-80.958382
19,37.814351,-122.250849
19,39.16796,-84.45982
19,37.189471999999995,-77.357811
19,34.180884999999996,-80.89494300000001
19,42.491619,-96.412827
19,34.886768,-82.153809
19,32.75711,-117.222339
19,33.854302000000004,-117.805351
19,33.39853,-111.89131
19,34.036751,-118.317757
19,32.671188,-96.862503
19,47.700649,-117.395088
19,35.303781,-78.430062
19,33.913584,-118.361278
19,43.059845,-88.052773
19,44.817944,-91.454643
19,42.70492,-73.75451
19,27.94619,-82.532021
19,42.225559,-83.6856
19,38.425725,-121.39623799999998
19,33.905005,-80.102758
19,30.4563,-91.127535
19,40.917343,-73.871115
19,34.005720000000004,-117.96019
19,27.447754,-82.57080699999999
19,27.581997,-82.582634
19,33.806622,-117.831718
19,37.8731,-122.507644
19,34.03037,-117.63305
19,42.85633,-78.57641
19,33.791042,-118.100433
19,34.011454,-81.14862099999998
19,29.568098,-98.384872
19,40.038738,-75.24929
19,34.252348,-117.175276
19,25.787337,-80.19726899999998
19,33.974751,-118.247681
19,29.621221,-95.285412
19,38.9676797388126,-110.27206063217989
19,25.893432,-80.162604
19,45.570427,-122.550217
19,36.170071,-86.596738
19,36.073605,-79.765828
19,39.916981,-75.333473
19,39.60815,-77.72917
19,30.43389,-87.23707900000002
19,35.179724,-80.89016
19,32.712532,-97.398643
19,40.806892,-73.924423
19,35.33955,-119.037048
19,40.58508,-80.09988
19,38.67867,-121.252394
19,34.804005,-82.372826
19,34.403659999999995,-119.528061
19,25.805096,-80.205692
19,47.16736,-122.47563
19,34.235588,-118.472961
19,32.816437,-96.750153
19,38.185715,-78.998127
19,39.734371,-84.180603
19,44.758011102462966,-122.3653042310602
19,25.769756,-80.320679
19,33.896049,-80.19912
19,34.802792,-87.182587
19,35.300851,-78.59732
19,33.669411,-117.822929
19,34.431744,-119.8209
19,35.127373,-80.942696
19,26.062872,-80.163872
19,26.839172,-80.101784
19,35.411369,-119.023332
19,43.15891,-77.59486
19,38.223911,-122.258072
19,35.434337,-118.93188700000002
19,39.988232,-74.210861
19,26.330418,-81.842445
19,34.78688,-82.476318
19,33.040794,-84.969482
19,34.138123,-118.187386
19,39.082268,-94.49041
19,27.85162,-82.34671800000002
19,34.030007,-118.196999
19,41.75649,-72.649229
19,34.936302000000005,-81.879082
19,34.030405,-117.616208
19,38.455876,-75.23350400000002
19,46.921266,-95.122549
19,29.790689,-95.372841
19,41.468662,-74.017822
19,41.047134,-73.803886
19,39.719629,-120.53526
19,26.572304,-80.069298
19,33.671951,-112.031487
19,40.701338,-81.271167
19,29.830107,-95.550102
19,33.173421000000005,-87.471073
19,33.990151000000004,-79.525635
19,30.459961,-81.678787
19,41.110912,-80.75545
19,40.233218,-75.195926
19,40.695435,-122.928779
19,25.92466,-80.3138
19,41.905831,-87.959731
19,32.662308,-96.822899
19,40.609827,-75.530008
19,40.075106,-75.69659899999998
19,30.087908,-90.434639
19,41.99173,-87.87095
19,30.197201,-97.787766
19,34.056515999999995,-81.130787
19,30.387228000000004,-91.063037
19,29.858967,-95.368042
19,25.607415,-80.429295
19,41.52466,-73.88596
19,32.358793,-86.24661
19,33.917103999999995,-118.22724
19,26.940213,-80.151971
19,33.657363000000004,-84.363062
19,34.146206,-118.084587
19,41.75074,-87.9132
19,42.905571,-83.683901
19,33.589141999999995,-79.007919
19,36.937465,-121.386922
19,40.70351,-73.96003
19,34.017433000000004,-118.422782
19,35.20955700000001,-80.875587
19,32.90573,-104.43019
19,30.410120000000006,-86.787366
19,32.901947,-80.022697
19,32.660149,-117.07593500000002
19,43.101575,-77.56540600000002
19,38.605522,-122.595421
19,33.983022,-117.342966
19,32.826816,-96.82279
19,32.36775,-86.305828
19,42.994556,-85.662163
19,40.160275,-75.21592700000002
19,37.316429,-121.968727
19,28.473581,-81.444949
19,25.832685,-80.206253
19,26.12938,-80.21771
19,40.569771,-74.578888
19,28.538172,-81.475728
19,33.801968,-118.114662
19,41.577724,-87.558289
19,29.323228000000004,-82.212388
19,40.710018,-74.183167
19,33.559268,-117.673129
19,28.510469,-81.351578
19,34.152794,-118.376793
19,45.707954,-122.55271100000002
19,34.61906790716829,-92.26877331689704
19,38.618181,-121.415232
19,44.962036,-93.400661
19,38.777794,-77.185372
19,38.963715,-77.18283100000002
19,33.461934,-112.018097
19,28.03647,-82.50281
19,40.706478,-74.151619
19,37.32328,-121.940804
19,40.67572,-73.896873
19,41.930244,-72.60855699999998
19,35.227123,-80.778908
19,32.345124,-95.277965
19,39.01044487934584,-77.49774098359347
19,30.398327,-97.719376
19,34.8522,-82.45165300000002
19,36.850497,-76.19586
19,30.312085,-82.933499
19,37.538311,-77.41789200000002
19,40.869316,-74.168155
19,35.786097999999996,-78.662453
19,39.09885,-94.61414
19,47.487312,-122.258125
19,39.66264,-75.72644
19,35.78109699999999,-78.573265
19,30.495731,-91.126545
19,36.08651,-86.64872700000002
19,34.03379,-118.38618
19,29.697556,-95.288399
19,33.98172,-118.391716
19,33.348614000000005,-86.628159
19,38.900848,-77.021934
19,33.774269,-117.904861
19,38.021942,-121.258331
19,28.56983,-81.286198
19,30.511162,-87.708411
19,40.69127,-73.88596
19,47.15927,-122.30153
19,39.222884,-121.049501
19,32.694363,-96.800415
19,30.415681,-91.098257
19,35.44986,-97.72464
19,44.30514,-120.76632
19,38.804503,-77.060559
19,34.13308,-118.352524
19,40.170872,-82.915154
19,30.702551,-88.11554699999998
19,33.058731,-80.153038
19,34.024544,-118.23925
19,36.987381,-76.427361
19,33.77664,-117.90086
19,35.812302,-78.65083299999998
19,38.66105,-121.35736599999998
19,32.99774766,-80.6706655
19,34.988201000000004,-81.981201
19,38.87986,-76.999849
19,37.06209000000001,-76.42206
19,33.859921,-118.299194
19,29.785084,-95.717056
19,41.04901,-111.67983
19,27.445203000000006,-82.505454
19,28.181830644473163,-81.74410700759056
19,37.381185,-76.759189
19,36.062222,-80.216713
19,41.574221,-87.505032
19,34.070179,-117.864102
19,34.769321000000005,-82.258072
19,46.7312,-92.2024
19,34.93605,-81.99653599999998
19,40.679929,-73.696064
19,33.943203000000004,-118.300278
19,40.129537,-75.45203599999998
19,35.991724,-80.238349
19,32.25056,-110.91407
19,32.754604,-97.131714
19,36.094112,-95.92215
19,34.152142,-118.121475
19,33.315733,-85.15251500000002
19,34.486406,-111.455397
19,32.794253999999995,-96.698205
19,33.873979,-84.249839
19,35.23278,-80.807816
19,33.461967,-112.108353
19,30.107621999999996,-97.80909
19,37.37262368184389,-121.92331910075224
19,33.532894,-86.798286
19,33.945538,-118.282623
19,33.913266,-118.132238
19,33.850986,-117.814507
19,35.088359999999994,-81.84058399999998
19,32.812319,-117.155906
19,34.4207,-82.04554
19,25.849715,-80.196162
19,41.25964000000001,-95.967613
19,26.656862,-81.87191
19,42.66923,-84.58377
19,41.012924,-73.8498
19,41.84572,-70.84629
19,37.604167,-121.871798
19,36.869677,-76.40503000000002
19,41.613357,-87.684218
19,34.23233,-117.22467
19,32.744996,-96.846596
19,34.25731,-118.46732
19,34.154179,-118.468226
19,34.740288,-92.372305
19,47.23064303375611,-122.4545681470754
19,29.964868,-90.098376
19,38.556682,-121.396754
19,37.290266,-121.936407
19,34.16859,-118.59237
19,38.559454,-90.407085
19,29.60578,-95.476997
19,39.77961,-86.270454
19,35.60915,-97.567403
19,34.230522,-79.798828
19,34.469035,-85.276061
19,44.962013,-93.202406
19,37.70905,-121.080892
19,33.46219897,-112.12928653
19,32.795796,-96.691981
19,34.052375,-118.18451
19,34.033570000000005,-117.689561
19,34.072701,-118.058456
19,40.731139,-74.051249
19,40.739997,-73.789621
19,28.746597,-81.35936
19,34.003767,-118.281198
19,38.76648400000001,-121.162627
19,40.560291,-75.45025600000002
19,34.0726,-118.05841
19,41.116394,-74.113045
19,32.837196,-96.951294
19,33.057236,-96.693913
19,35.69573,-81.86833
19,37.402738,-77.670819
19,46.04727387406327,-92.91782498315372
19,41.986302,-77.312373
19,33.924686,-118.103981
19,40.51230200000001,-80.13549
19,27.25853,-82.52095
19,41.826007,-87.60090699999998
19,47.519199,-122.355133
19,41.425159,-81.540253
19,33.465697999999996,-111.987137
19,38.720293,-120.830568
19,40.824085,-74.12416400000002
19,33.687434,-117.872249
19,29.697555,-95.511556
19,30.085716,-97.820419
19,33.949544,-118.30026
19,41.53931400000001,-73.771141
19,34.443236999999996,-118.605766
19,34.365108,-118.503716
19,33.698615000000004,-78.961073
19,38.351692,-121.98381
19,37.43314,-121.918686
19,38.004999,-121.348422
19,34.173649,-118.553482
19,25.269058,-80.440596
19,33.480259999999994,-111.92605
19,40.724762,-74.091871
19,34.056233,-118.241096
19,29.803032,-95.503446
19,33.592477,-117.709166
19,40.73208,-73.87064000000002
19,34.115298,-118.336874
19,34.711467,-80.771781
19,34.019973,-118.491926
19,39.95597100000001,-83.37481700000002
19,41.86597,-87.64442
19,29.963357,-90.073928
19,33.617659807044895,-85.72639346081864
19,38.640598,-78.44452700000002
19,27.842584999999996,-82.63871
19,33.908443,-117.287207
19,33.988624,-117.34846
19,45.94318270661382,-95.59546351387216
19,40.00996,-75.064369
19,41.252334999999995,-95.93325
19,40.165994,-75.23089499999998
19,43.506495,-73.41983499999998
19,32.794253999999995,-96.711617
19,32.834255,-96.634529
19,34.53709,-82.630318
19,39.64019,-84.235382
19,29.735586,-95.644096
19,34.22303,-118.248817
19,34.024887,-117.731453
19,39.952159,-75.595454
19,43.012117,-78.335712
19,36.72987,-119.78131100000002
19,37.534865,-78.828053
19,33.4688,-82.07079300000002
19,39.00077,-94.35692
19,34.36128,-118.50558
19,42.20442,-83.23291999999998
19,32.708884000000005,-117.146691
19,39.12416,-77.1548
19,40.732511,-74.118091
19,36.85149000000001,-77.89321899999999
19,29.418858,-98.561325
19,29.71146,-95.40094
19,45.64863324143578,-120.96158623637696
19,37.30513,-121.818825
19,41.771962,-87.946161
19,33.509448,-112.119574
19,45.679294,-111.046231
19,40.13429,-74.117299
19,39.92461,-76.019571
19,38.572536,-77.330371
19,34.603851,-86.980003
19,34.890922,-82.67789499999998
19,26.718473,-80.053413
19,25.768571,-80.369064
19,34.470848,-118.318908
19,47.487339,-122.258141
19,40.278793,-76.81903100000002
19,35.53378,-82.60224000000002
19,33.374088,-112.073242
19,25.767651,-80.200195
19,32.209553,-110.947989
19,36.430996,-119.736893
19,36.66993400000001,-119.503375
19,41.237648,-75.840681
19,35.876289,-78.79271800000002
19,34.825218,-82.295532
19,47.610953,-122.347965
19,32.788714,-96.791936
19,30.265802,-97.734673
19,39.709749,-114.751269
19,29.496698,-82.294601
19,33.882961,-81.523483
19,34.2584,-81.406227
19,32.855865,-96.864761
19,36.751362,-78.13584
19,42.41809,-83.08793299999998
19,45.477337,-94.034027
19,33.848903,-98.575208
19,33.995222,-79.17002600000002
19,35.092194,-80.933662
19,42.227417,-71.012047
19,41.977017,-77.249891
19,34.101746,-117.199796
19,39.858925,-86.39813199999998
19,41.990746,-88.157684
19,34.629448,-86.95018
19,33.760509000000006,-78.85928299999998
19,39.585445,-77.638626
19,40.74513,-73.08793
19,30.536595,-84.589458
19,41.178398,-73.194283
19,41.890331,-87.940063
19,38.98441500000001,-77.088636
19,25.652265,-80.4156
19,35.216282,-80.754837
19,39.80603,-84.188951
19,35.032146000000004,-80.968962
19,39.08054,-94.593346
19,35.52953,-97.547363
19,39.999023,-74.860054
19,37.170452,-121.989967
19,37.49028,-121.94523
19,34.938389,-81.903038
19,34.074042999999996,-117.999138
19,37.694694,-122.143612
19,39.74984,-105.01722
19,34.13034796698508,-117.94538855496432
19,34.820396,-82.49906899999998
19,37.04665,-122.07342
19,33.904699,-84.277428
19,30.32077,-81.691139
19,30.58037,-87.294863
19,32.549324,-117.040382
19,25.963072,-80.276611
19,33.453084999999994,-117.644048
19,35.352089,-118.913576
19,26.911635,-80.143587
19,39.763882,-84.366661
19,33.670429,-79.317604
19,34.093718,-118.476119
19,30.678134999999997,-87.986877
19,39.19277072,-84.47762132
19,40.664852857395815,-75.3796541687232
19,41.84446,-88.084717
19,38.760055,-120.587948
19,36.197357,-86.68789699999998
19,35.24807,-82.3236
19,25.823138,-80.321467
19,28.18603,-82.411614
19,41.611999999999995,-72.89895600000001
19,35.753044,-78.648788
19,33.78970742,-84.39151168
19,30.35911,-81.66873000000002
19,32.913773,-96.869293
19,32.921226000000004,-96.75131
19,40.028091,-83.035217
19,28.016703000000003,-82.789851
19,40.847923,-73.942825
19,37.945295,-76.585444
19,33.705228000000005,-117.855208
19,34.422996999999995,-119.658669
19,35.12178,-80.7189
19,40.588587,-78.755092
19,35.420769,-97.50798
19,40.160698,-104.997971
19,35.394615,-82.495623
19,36.247894,-86.720665
19,34.023796000000004,-118.043297
19,39.397908,-120.18768
19,30.457533,-81.63580300000002
19,32.923271,-97.059998
19,34.104820000000004,-80.829308
19,34.072669,-118.056603
19,41.872459,-87.817444
19,26.093403,-80.226936
19,34.039364,-81.09362
19,40.148609,-75.307632
19,47.611637,-122.334923
19,34.067384000000004,-117.567625
19,45.38305163361844,-94.00806784584996
19,38.722507,-120.830265
19,41.12898,-78.762569
19,25.810417,-80.15625
19,26.095957,-80.168495
19,34.068279,-117.855619
19,34.35205,-80.081344
19,33.75868,-78.941113
19,32.694431,-96.772118
19,45.33239,-122.574838
19,33.437276000000004,-111.913929
19,40.59310900000001,-75.581367
19,35.050598,-81.819038
19,41.080166,-73.718109
19,30.435468,-84.289709
19,32.920849,-97.090324
19,32.32991,-86.232407
19,34.0412,-118.06434
19,34.096664000000004,-117.30204
19,32.407315000000004,-93.799354
19,34.042393,-117.15535
19,38.291338,-122.034568
19,33.448601000000004,-81.92246999999998
19,29.186285,-82.184608
19,40.372556447790274,-74.14487242663314
19,33.839134,-117.834068
19,34.117563,-117.864394
19,45.239761,-123.144894
19,34.186271999999995,-83.593681
19,40.74158,-111.8997
19,37.58274,-77.33376
19,44.948479,-92.934319
19,35.30716,-80.87103
19,34.06856,-117.79912
19,36.977036,-121.905731
19,40.802440999999995,-73.441078
19,28.567119,-81.210937
19,39.725661,-105.049792
19,40.109875,-79.382385
19,35.2314,-80.845802
19,37.772049,-122.224747
19,38.47896400000001,-77.473499
19,38.596142,-121.415352
19,34.098068,-118.314629
19,38.698509,-121.466118
19,34.12088,-117.894768
19,36.923131,-76.270444
19,40.488675,-82.353871
19,37.499088,-79.87484
19,33.513729,-112.151558
19,44.399437,-95.189911
19,30.179665000000004,-97.746841
19,39.680202,-86.101387
19,35.885814,-78.557357
19,37.354122,-121.866264
19,41.751205,-87.624977
19,30.453255,-97.681465
19,39.176605,-119.733208
19,26.690718,-80.06658900000002
19,33.921693,-81.289601
19,40.597549,-74.625229
19,37.673610448657634,-77.49497294389012
19,36.356982,-119.808603
19,45.33737,-93.87169
19,36.15324,-86.792229
19,33.875331,-118.193156
19,39.388611,-77.260058
19,33.929256,-81.04255699999999
19,37.203823,-76.572816
19,44.025446176319,-123.02866816462029
19,40.678591,-76.188071
19,33.457024,-81.894325
19,33.395036,-111.891299
19,30.434949,-91.037767
19,34.068483,-117.973942
19,45.54156,-122.47738
19,29.992971,-90.079117
19,41.550976,-87.911377
19,29.531159999999996,-98.562309
19,33.774511,-118.108714
19,32.938803,-97.01112
19,32.560963,-117.06691
19,37.81608,-121.99347
19,35.858897999999996,-78.706512
19,33.854306,-117.889293
19,25.763372,-80.372592
19,42.00668,-93.568779
19,39.908328999999995,-88.955269
19,35.205082,-80.718124
19,38.344139,-75.187641
19,41.608191,-122.39834
19,34.030846000000004,-118.391144
19,33.659611,-114.240883
19,38.91334000000001,-77.00909
19,34.189064,-80.687881
19,40.161941,-75.295322
19,40.622847,-80.000323
19,37.192089,-112.993751
19,25.939703,-80.188672
19,34.898078999999996,-81.764931
19,33.794006,-84.392975
19,36.730514,-121.642196
19,39.376246,-75.73379399999997
19,36.313234,-119.76567
19,45.218483,-93.029213
19,34.566088,-118.686064
19,29.683231,-95.554502
19,33.011909,-80.23777
19,40.845351,-73.92716300000002
19,40.195723,-74.80903
19,34.029403,-117.129992
19,42.225244,-88.764358
19,30.213787,-97.830376
19,39.50704,-77.40378
19,39.45393205,-76.31615281
19,34.137283000000004,-118.47119
19,40.129116,-75.37217700000002
19,34.968899,-104.791626
19,33.899551,-118.057343
19,40.666297,-73.785927
19,38.799063,-77.071857
19,32.666427,-81.94126999999997
19,30.406114,-91.045802
19,40.851543,-73.95208000000002
19,35.268513,-80.744621
19,39.163364,-122.920937
19,39.322186,-120.567696
19,36.707349,-119.682029
19,35.442509,-97.476913
19,40.336126,-79.745249
19,37.31854000000001,-121.8899
19,37.586334,-77.473389
19,34.066486,-117.219254
19,38.705727,-77.20548199999998
19,30.718382,-88.13622600000002
19,42.58353,-73.6782
19,42.321777,-71.05394
19,41.994678,-88.21127299999998
19,44.10143,-73.68637
19,28.497387,-81.310126
19,40.71738,-111.81157
19,34.128677,-80.854996
19,40.593926,-75.579138
19,38.839886,-76.866783
19,45.505532,-122.67983
19,35.526817,-97.503456
19,38.980785,-76.166786
19,32.874702,-111.686841
19,30.35376500000001,-98.002434
19,29.159619,-81.857778
19,40.888786,-73.889931
19,34.157745,-118.451859
19,37.797574,-121.176766
19,29.808233,-95.336021
19,41.775911,-73.701842
19,41.106795,-112.00691299999998
19,28.449924,-81.479136
19,29.848175,-82.533171
19,41.866879,-87.666382
19,39.713811,-121.814
19,34.780289,-82.473679
19,42.36147,-83.07294
19,41.062523,-81.516518
19,39.219643,-76.65831
19,35.85289,-78.80256999999997
19,33.745284999999996,-84.34925799999998
19,39.059162,-84.538208
19,33.983364,-118.355263
19,42.912647,-85.628098
19,47.58755,-122.32023
19,36.240207,-119.708853
19,33.4593,-111.99512
19,37.534153,-77.449425
19,38.80435,-77.16776999999998
19,32.8841,-96.69725
19,37.927662,-121.778044
19,34.916721,-82.004387
19,39.793528,-74.237893
19,33.451946,-82.046432
19,41.225315,-80.24414399999998
19,33.894121000000005,-118.047285
19,32.646571,-96.857138
19,45.853668,-93.297649
19,35.795254,-78.515259
19,33.511390999999996,-82.03813199999998
19,39.483942,-77.617785
19,29.78569,-95.77429
19,37.590027,-88.999092
19,40.398998,-109.346069
19,34.012578000000005,-118.490649
19,40.70062279681825,-73.81562590563861
19,32.957299947581504,-85.08691191632707
19,42.247056,-85.554677
19,39.63435,-84.291351
19,41.390369,-73.59796899999998
19,28.446503000000003,-81.474152
19,39.90377,-76.202782
19,33.604176,-84.393684
19,32.807163,-96.793358
19,30.179726,-82.688599
19,41.530392,-87.986671
19,39.66576218586128,-121.74369692744376
19,41.80347,-87.63167
19,28.420973,-81.370582
19,34.900188,-82.356247
19,40.59303,-111.90222
19,41.794476,-87.631599
19,33.669340000000005,-117.8915
19,41.026377,-76.67885799999998
19,45.47327,-122.61747
19,36.090849,-95.8332
19,25.889278,-80.209335
19,29.723789,-95.491188
19,40.5035,-79.94738000000002
19,35.46644000000001,-97.50912
19,38.5518,-121.69899
19,38.877410999999995,-77.274788
19,34.2205,-118.191769
19,34.27713,-79.853798
19,30.240274,-97.727081
19,34.047024,-118.446587
19,30.379490000000004,-97.738052
19,40.62906146030126,-73.88808846438462
19,32.790531,-96.800285
19,37.379812,-121.965059
19,44.965807,-93.260504
19,33.373034999999994,-82.031944
19,40.257969,-76.813965
19,33.762719,-117.472966
19,45.27528,-93.73631
19,37.99758900000001,-122.077484
19,39.760052,-84.199699
19,26.16577506052892,-80.82543969115815
19,30.246622,-93.180519
19,36.276610999999995,-86.729538
19,34.836944,-118.863056
19,27.806564,-82.66526800000003
19,34.017952,-85.207983
19,37.625875,-120.308239
19,29.97307,-90.09862
19,32.939018,-80.731018
19,40.84173,-73.94555
19,27.922728999999997,-82.349884
19,36.16657376272122,-86.81693673092451
19,38.249298,-78.956218
19,37.962615,-120.407127
19,42.705435,-83.305788
19,32.549721000000005,-86.457764
19,38.618904,-90.166
19,36.96347,-121.975639
19,33.960136,-118.275896
19,44.971989,-93.297073
19,32.802956,-116.935661
19,38.247654,-122.412034
19,41.50194000000001,-72.454081
19,36.197357,-86.68789699999998
19,34.069429,-118.260709
19,32.812299,-80.706363
19,27.770939,-82.731544
19,35.786434,-78.79032099999998
19,30.117355584954648,-81.51427388152354
19,32.869305,-96.669968
19,41.579193,-73.909103
19,37.579498,-122.323494
19,35.929424,-84.04026800000003
19,40.744183,-73.77169
19,35.258339,-80.794792
19,37.8745,-122.306038
19,45.83211,-95.9273
19,45.533466,-122.578987
19,34.075008000000004,-118.273979
19,26.511491,-80.072786
19,32.77682,-117.14448
19,35.854679,-78.672127
19,45.604702,-122.551524
19,33.197140999999995,-87.499306
19,47.1791,-122.293571
19,39.556763,-120.337308
19,29.85972000000001,-95.524506
19,35.637882,-97.231796
19,35.007909000000005,-81.978562
19,29.422725,-81.737308
19,40.74655,-73.89494
19,34.916721,-82.004387
19,33.436754,-112.093471
19,35.718941,-78.842789
19,37.099682,-120.83486200000002
19,38.644179,-121.191076
19,35.564829,-90.947905
19,33.372631,-82.073959
19,34.906479,-82.365967
19,40.19241,-75.577268
19,39.015766,-77.11869
19,33.597576000000004,-86.654037
19,35.536201,-97.476685
19,33.879917,-117.565727
19,35.780338,-78.748421
19,32.766785,-96.749695
19,28.240511,-82.312561
19,31.752529,-106.48733500000002
19,32.45742,-93.746048
19,37.032444,-122.022476
19,31.79862,-106.465942
19,28.413478,-81.423153
19,38.983966,-122.857001
19,35.85952,-78.680611
19,34.130884,-117.92896299999998
19,44.804882,-92.913548
19,39.37294,-76.746765
19,47.43821,-122.066711
19,41.970993,-91.673431
19,37.7967,-122.395409
19,33.85103,-117.837939
19,37.495434,-77.561364
19,33.932139,-118.360194
19,40.019832,-75.626779
19,37.608455,-120.984298
19,40.450769,-95.838514
19,32.8002,-97.21224
19,26.13733,-80.12867
19,34.00434,-117.726828
19,27.11457,-80.26465999999998
19,35.47452,-77.98725999999998
19,37.994083,-122.074409
19,35.229385,-80.92465200000002
19,25.887369,-80.210684
19,36.045174,-86.659058
19,35.970993,-83.922999
19,40.867706,-74.413025
19,34.747139000000004,-86.60015899999998
19,40.060641,-76.536144
19,45.18507,-93.39218
19,35.733631,-78.57495899999998
19,33.941007,-117.254622
19,40.762707,-77.880791
19,38.850165999999994,-77.79007
19,29.982233,-90.05546600000002
19,32.97639,-96.71549
19,41.10063672,-74.03301358
19,38.60318,-90.450508
19,41.95975,-90.63847
19,40.12788,-75.1303
19,32.322595,-111.230878
19,38.967316,-77.17998
19,39.63803887,-84.3485105
19,37.96875,-121.323824
19,25.996241,-80.16617600000002
19,32.933647,-79.828201
19,32.759910999999995,-97.091431
19,37.69060492,-122.13190913
19,35.258339,-80.794792
19,41.224018,-96.043098
19,32.93762326224834,-80.34577488860918
19,33.574017,-79.42903299999998
19,44.968323,-93.287781
19,28.605926,-81.401686
19,32.913998,-80.10733
19,35.590869,-118.522597
19,40.17108,-104.359104
19,42.932941,-83.504715
19,33.543436,-117.271139
19,32.830653999999996,-97.205795
19,40.768377,-73.691363
19,33.179140999999994,-84.912207
19,40.970133,-124.036305
19,29.640654,-95.242729
19,34.519409,-82.506561
19,41.65287100000001,-96.027663
19,35.82550399999999,-78.621483
19,33.18045,-80.028603
19,39.817673,-84.48333000000002
19,27.445203000000006,-82.505454
19,35.332031,-82.432886
19,33.66892,-112.07623
19,47.048977,-122.818817
19,34.066069,-117.48443799999998
19,33.594452000000004,-112.324654
19,44.954025,-93.087845
19,32.446500062787784,-93.756798505336
19,34.058819,-117.297844
19,39.950859,-83.01645699999997
19,35.25499,-80.82419
19,41.512581,-74.069565
19,29.93746,-95.507423
19,44.974228,-93.194579
19,29.636974,-95.211029
19,34.154522,-118.396576
19,33.69835,-112.1349
19,36.06077,-95.91486
19,30.160301,-97.789795
19,27.610315000000003,-81.825703
19,26.414732,-81.812045
19,41.036152,-81.56620799999997
19,43.593568,-116.377903
19,33.87590289,-118.16466451
19,40.060226,-76.277069
19,40.67857,-75.34106
19,26.331439000000003,-81.805836
19,39.866489,-75.079483
19,40.634628,-111.938797
19,33.171452,-87.525017
19,29.705545,-95.48465
19,35.16901,-80.756065
19,37.699831,-120.958153
19,32.140625,-111.106071
19,46.345431,-91.546387
19,42.978261,-85.669255
19,38.705802,-121.392186
19,30.17598,-97.8226
19,33.854001000000004,-117.959244
19,38.941807,-94.787811
19,37.295859,-79.473302
19,39.694553000000006,-84.211601
19,42.869499,-73.837677
19,42.708362,-121.84799
19,25.60116,-80.377426
19,46.008463,-122.845741
19,34.073814,-118.219276
19,44.874481,-93.037682
19,28.410588,-81.475978
19,38.703545,-121.337921
19,25.862271,-80.330919
19,34.823883,-82.291893
19,33.16789,-117.344494
19,41.548284,-72.782251
19,41.319576,-73.718796
19,37.04386,-76.3986
19,36.153214,-86.687691
19,40.632942,-111.834114
19,42.061821,-71.061485
19,29.484671,-95.102966
19,42.716592,-85.666569
19,38.798378,-120.397142
19,36.98769,-121.98982
19,33.851923,-118.205069
19,34.051282,-118.2606
19,39.047188,-94.442688
19,47.00864195801254,-92.92224526361024
19,34.98088717443952,-107.1562778944628
19,39.030243,-94.272087
19,40.057679,-83.030548
19,38.997677,-120.920143
19,28.449406,-81.40097800000002
19,40.619185,-122.468424
19,41.875726,-87.645587
19,39.795126,-75.98779300000002
19,36.06868,-86.68744699999998
19,33.928622999999995,-118.326549
19,30.249792,-97.766869
19,34.063786,-117.283554
19,38.919456,-77.517746
19,41.764183,-87.90439599999998
19,25.787567000000006,-80.17932900000002
19,28.033540999999996,-82.738113
19,38.306209,-90.799961
19,40.084258,-122.233195
19,38.19257,-85.73219300000002
19,33.650626,-78.982096
19,38.879091,-77.253167
19,32.943081,-96.814377
19,34.234009980992155,-118.183633088502
19,33.979504,-117.339348
19,41.03569,-73.945755
19,28.539253,-81.254413
19,32.26481,-110.961888
19,34.004472,-118.06387
19,35.160804999999996,-80.730446
19,29.255305,-82.11484300000002
19,33.739090000000004,-117.076025
19,30.296946999999996,-82.162346
19,39.612915,-84.226414
19,30.162157,-97.789078
19,33.13694,-79.889816
19,27.795419,-82.728398
19,33.783388,-117.491131
19,35.81972899999999,-78.624001
19,39.04204,-76.90388
19,28.474489,-81.631744
19,37.647677,-122.095789
19,33.859913,-118.299342
19,45.60178,-122.68333
19,32.5205,-93.80863
19,40.643260999999995,-89.507828
19,34.043301,-117.800774
19,34.034149,-118.350067
19,39.988592,-75.790446
19,34.833866,-78.978615
19,25.811435,-80.195375
19,34.12632,-86.405632
19,36.749943494621505,-119.8981440061574
19,47.555273,-122.29013
19,30.319994,-81.68985
19,35.351321999999996,-119.039406
19,40.700969,-74.185886
19,45.010433,-93.186729
19,44.18057,-121.24452
19,38.664478,-121.308571
19,36.143446,-86.70267700000002
19,37.909516,-79.259737
19,33.53846,-112.15149
19,41.35330080966304,-72.40559935535238
19,34.104178999999995,-80.954933
19,38.661362,-78.486328
19,25.813213,-80.20599399999998
19,37.50333,-77.627998
19,35.04068,-80.803589
19,35.34795,-97.159706
19,34.8522,-82.45165300000002
19,33.204799,-80.613535
19,29.688957,-95.418808
19,45.543568,-122.676643
19,44.573238,-93.298561
19,38.536517,-77.353537
19,29.753609,-95.373932
19,32.767536,-97.309006
19,35.178207,-106.621964
19,38.698406,-121.328033
19,35.113811,-82.232424
19,26.609005,-80.068565
19,37.265373,-77.396736
19,35.2393,-120.772764
19,35.59405200000001,-78.70343000000003
19,33.881377,-117.648877
19,38.401135,-77.568874
19,32.877132,-80.657455
19,41.632676,-108.36914
19,38.660866,-121.346825
19,29.725718,-95.476393
19,37.519871,-122.271823
19,34.074512,-117.295387
19,32.75971,-97.13479
19,38.942916,-77.255052
19,33.842046999999994,-118.285965
19,35.12109,-80.53628499999998
19,37.3634,-121.896736
19,40.773516,-73.674974
19,33.805049,-118.207494
19,33.712063,-84.219955
19,47.918347,-122.206591
19,27.2364,-82.49757
19,45.53141,-122.6869
19,34.068290000000005,-118.03763
19,33.462126,-112.041052
19,35.188519,-80.728699
19,33.559595,-117.672082
19,28.346902000000004,-81.606548
19,32.724257,-117.155563
19,25.693822,-80.304524
19,25.927299,-80.18821700000002
19,37.117029,-109.9568
19,33.028137,-80.090385
19,28.252327,-81.658187
19,47.664639,-122.399643
19,33.436932,-117.618973
19,33.941284,-84.504784
19,29.166803,-82.18754
19,42.662594,-73.724808
19,44.96004600000001,-93.206814
19,33.493671,-112.28495
19,33.509571,-112.112328
19,34.036838,-118.377971
19,37.405339,-122.056326
19,39.21709,-123.080221
19,37.85140300000001,-122.299316
19,33.170466999999995,-87.485825
19,40.126798,-86.561336
19,32.822338,-117.162674
19,32.444107,-80.994911
19,36.82923,-119.913903
19,33.990234,-118.401245
19,38.20824981,-122.18454479999998
19,34.692081,-80.787689
19,36.267928999999995,-86.710762
19,41.73456,-72.747355
19,40.785346999999994,-73.53363
19,35.147175,-80.724228
19,25.847885,-80.207237
19,40.108079,-75.321474
19,30.802248,-88.104332
19,42.741318,-73.76196
19,25.883903,-80.323498
19,35.720718,-78.641685
19,38.883627,-104.836012
19,40.7416,-73.83748
19,27.98057,-82.453613
19,43.195427,-77.43039
19,40.890379,-73.865262
19,27.960295,-82.456726
19,33.835347,-117.531521
19,35.525867,-97.529755
19,34.858849,-82.26042199999998
19,37.76268,-77.4605
19,39.758990999999995,-84.195259
19,41.74665,-87.85645
19,28.54501,-81.607979
19,36.85473,-121.633065
19,32.805829,-96.627177
19,42.516773,-71.089516
19,35.171823,-84.64455500000003
19,33.422263,-86.814611
19,45.59423,-94.19209
19,30.065168,-81.498299
19,33.618301,-111.893158
19,26.3124,-80.11719000000002
19,37.06644,-119.357501
19,27.877739,-82.729189
19,43.13316,-73.60449
19,33.345729999999996,-81.975761
19,42.35309,-83.090137
19,45.036053,-92.820665
19,41.996071,-87.75043000000002
19,42.48613,-83.275481
19,44.76513,-93.288705
19,34.061726,-117.182556
19,47.855869,-121.9272
19,39.642049,-106.397995
19,37.742854,-122.198213
19,37.660358,-77.63822900000002
19,28.337254,-81.403748
19,33.889988,-117.509857
19,37.354801,-121.838409
19,30.240398,-92.012695
19,29.539528000000004,-95.139964
19,42.37402,-71.26831
19,44.889576,-93.349731
19,45.126817,-93.350617
19,28.448013,-81.35528599999998
19,39.79832,-86.16572
19,39.019705,-122.05294
19,34.02471185,-117.91749358
19,36.82111859304037,-76.3383400436576
19,33.838807,-117.533521
19,34.196940999999995,-79.704521
19,32.767821999999995,-96.622269
19,33.904942,-79.79731
19,33.179721,-117.347083
19,35.59454,-97.531509
19,41.181553,-73.19429699999998
19,29.436968,-98.491623
19,26.52709,-80.17251999999998
19,29.695869,-95.300362
19,36.196178,-86.62262
19,40.74568,-73.76843000000002
19,37.848101,-122.298801
19,36.843701,-76.047965
19,32.778294,-80.237251
19,34.049702,-118.21416
19,35.202103,-80.842774
19,40.74141,-121.469371
19,38.49601,-121.429
19,38.20288,-122.15595
19,29.81405,-95.36061
19,33.868748,-117.70697
19,38.574104,-121.405785
19,33.997892,-117.860876
19,33.511639,-82.501129
19,39.78333,-105.001038
19,26.392778000000003,-80.095238
19,33.13969,-87.54385400000002
19,45.020523,-93.454772
19,33.840981,-117.278961
19,27.839187,-82.68777299999998
19,35.141326,-78.735185
19,44.701341390396585,-117.70733714047572
19,37.63789000000001,-121.122147
19,36.445613,-77.624488
19,40.785664,-73.98410799999998
19,30.192101,-81.726242
19,28.582157,-81.451714
19,32.708282000000004,-117.097534
19,35.247681,-80.896233
19,30.487765999999997,-84.02504
19,45.175781,-122.85575
19,25.812199,-80.20585600000003
19,26.69938,-81.767415
19,29.965542,-90.110067
19,34.789906,-82.48670200000002
19,38.668833,-121.327211
19,44.94873,-93.04086
19,34.030406,-117.621508
19,40.741789,-73.735263
19,36.23918653,-86.75477385
19,26.330562,-81.81880799999998
19,42.464141999999995,-73.39666
19,37.929924,-77.46566
19,37.419044,-77.638639
19,38.484049,-77.393865
19,34.176239,-79.852722
19,32.877769,-85.15158100000002
19,25.899528,-80.184815
19,37.99408,-122.297501
19,45.557163,-122.566551
19,39.934155,-82.852524
19,38.912576,-77.045048
19,38.618484,-121.514343
19,30.529397,-91.166737
19,34.016896,-117.989583
19,34.044182,-80.939598
19,32.608319,-117.090523
19,34.110347999999995,-118.334511
19,35.172081,-80.851158
19,35.279388,-80.790359
19,39.797374,-86.102375
19,36.148366,-86.780384
19,36.110240999999995,-86.721214
19,25.454485,-80.485336
19,34.150926,-118.660266
19,34.041412,-118.064323
19,36.804617643180826,-77.98242688141829
19,43.881836,-90.144895
19,34.18394923,-83.59772801
19,33.853621999999994,-117.885658
19,29.77686,-95.284023
19,41.864403,-88.10114300000002
19,35.271156,-80.854134
19,28.200914,-80.671982
19,38.290939,-122.488281
19,39.55976,-83.714543
19,34.075367,-118.275291
19,40.047543,-75.000198
19,39.001549,-119.95591
19,26.33483,-81.774485
19,32.854184000000004,-96.885659
19,33.524113,-112.099671
19,35.63773300000001,-78.56523100000003
19,32.849431,-96.68308
19,33.46102,-112.42388
19,38.6702,-90.599274
19,25.768453,-80.336301
19,34.071758,-118.099594
19,38.558495,-121.382927
19,34.140881,-118.709686
19,35.435249,-97.5214
19,42.855949,-85.458618
19,38.859316,-77.845276
19,38.26049,-85.73735
19,34.936240999999995,-81.996117
19,29.487323999999997,-98.430061
19,38.261651,-122.457325
19,30.191544,-81.7043
19,37.710881,-121.086263
19,32.801815000000005,-96.827339
19,36.779897,-76.243499
19,34.638569,-82.551201
19,40.22124,-79.60381
19,27.396879,-81.629564
19,28.481577,-81.4587
19,40.48220515231856,-76.55010580980037
19,41.002401,-80.392861
19,33.000118,-96.960267
19,33.987511,-81.372253
19,43.017512,-83.61537299999998
19,34.084765000000004,-117.466131
19,34.558941,-82.68988
19,25.966108,-80.165261
19,33.971090999999994,-81.30969
19,33.911289000000004,-118.168823
19,40.427437,-79.89102199999998
19,33.935755,-118.099327
19,34.054359000000005,-118.004349
19,35.239422,-80.96961999999998
19,38.22095,-122.13192
19,35.220161676238924,-80.64970135650324
19,32.445976,-100.505791
19,30.056409999999996,-95.432732
19,33.876938,-118.344978
19,33.974758,-118.252058
19,41.225471,-96.177017
19,38.572733,-122.838682
19,41.87385,-87.80816999999998
19,35.950417,-78.571175
19,41.735237,-88.01223
19,30.191085,-97.772331
19,34.165874,-118.837372
19,40.007675,-74.972145
19,34.067913,-119.009628
19,45.465127,-94.130719
19,33.917972999999996,-84.338135
19,45.04479600000001,-93.1063
19,39.79635,-105.05264
19,34.003772999999995,-118.281029
19,33.427009999999996,-80.02948
19,35.725124,-78.64846800000002
19,25.569581,-80.343024
19,38.453849,-121.383108
19,37.9922,-122.03975
19,33.903182,-79.7115
19,34.33296,-118.50597
19,34.027458,-118.27449
19,33.705425,-112.152298
19,35.58981400000001,-82.57725
19,39.005681,-77.082942
19,37.78802,-121.30093
19,34.02894000000001,-118.2253
19,36.664211,-77.555038
19,34.964597999999995,-118.938292
19,34.224940000000004,-118.47327
19,39.44202,-76.349358
19,33.711597,-84.217415
19,35.86516599999999,-78.44426
19,29.813805,-95.361275
19,38.21763,-122.60414
19,38.614111,-121.423297
19,47.965431,-122.199753
19,34.121162,-118.22979
19,30.489066839072752,-84.02029395063391
19,48.847923,-95.740852
19,38.892124,-76.846939
19,38.919833,-78.124053
19,36.152224,-86.79141
19,34.036045,-81.191406
19,41.519573,-73.993004
19,38.776610999999995,-90.511543
19,30.005507,-90.023088
19,38.758034,-121.261528
19,26.934584,-82.30178000000002
19,38.558871999999994,-121.379395
19,28.493789000000003,-81.46001600000002
19,34.789993,-82.439011
19,39.41052,-74.55485999999998
19,43.253609,-77.732849
19,40.10407100000001,-75.146332
19,30.310492,-97.73322
19,33.739118,-117.074841
19,45.03564,-93.19032
19,26.749548,-80.090009
19,37.797573,-121.179846
19,39.571807,-120.156051
19,28.33045,-82.541636
19,35.119419,-80.994034
19,38.878029,-77.268661
19,34.226304,-117.30967
19,33.844021000000005,-117.250126
19,40.853486,-73.919901
19,42.28016496,-83.43767524
19,33.87331,-118.248604
19,37.74492,-122.40505
19,43.01178400000001,-83.687164
19,46.08853697754817,-112.79063343947986
19,33.028389000000004,-83.907791
19,42.161971,-123.478665
19,29.865746,-95.48687
19,34.703851,-118.324309
19,40.787498,-74.1987
19,40.591389,-112.029243
19,41.53421,-84.55558
19,33.494724,-112.212296
19,29.958263,-90.078644
19,33.208382,-80.257278
19,47.604408,-122.327599
19,33.99198,-118.141642
19,30.053433,-95.739916
19,40.61276,-74.01172
19,44.85883,-93.29821
19,34.370323,-80.95422099999998
19,40.579901,-77.373822
19,28.415022,-81.422935
19,41.8521,-88.20297
19,45.325154,-122.347821
19,27.692259000000004,-82.46434599999998
19,37.552986,-122.295914
19,33.34163,-83.19024
19,47.506062,-122.139137
19,34.046413,-118.448802
19,34.057238,-80.93198100000002
19,30.402578,-86.856219
19,48.828453,-122.222992
19,32.402076,-93.795092
19,33.758777,-79.075808
19,32.65126,-96.977527
19,41.62603,-87.57908
19,25.62749,-80.37989
19,34.218853,-118.240028
19,44.05851244905444,-93.38030219033536
19,46.733631,-112.054222
19,45.108329,-95.57392
19,39.343243,-77.073753
19,41.347866,-73.92702
19,34.44717,-119.278847
19,33.279369,-111.966446
19,42.814794,-83.781
19,35.93180800000001,-78.684364
19,34.324647,-118.502322
19,33.852173,-98.503029
19,41.817169,-87.630127
19,35.065524,-85.309081
19,41.34057,-74.83286
19,37.559978,-122.034531
19,30.691941999999997,-88.028114
19,39.838818,-86.249329
19,34.302521,-82.162706
19,45.06964,-93.28549
19,47.60865,-122.330734
19,33.919823,-118.228073
19,33.46153,-112.40962
19,39.359211,-123.317131
19,43.032902,-83.655373
19,43.055485,-83.59648100000003
19,30.260164000000003,-97.758768
19,32.370033,-95.341495
19,34.724457,-81.676331
19,39.079066999999995,-76.54714200000002
19,33.919841999999996,-118.239082
19,32.086182,-81.24007399999998
19,37.914979,-122.511625
19,34.120135999999995,-117.837181
19,32.361916,-86.170715
19,38.811226,-77.21818499999998
19,39.097234,-84.518414
19,25.953451,-80.205566
19,45.498322,-94.213675
19,25.73323,-80.334334
19,33.842042,-118.286251
19,36.7474329469836,-119.80276465358828
19,38.15964500000001,-78.307487
19,40.88596,-74.13202
19,33.66793513281981,-112.2185719007863
19,29.56086,-98.59024
19,38.78887,-77.076592
19,39.197245,-120.099336
19,30.292305,-97.798378
19,38.524771,-121.467429
19,30.543761,-91.155774
19,33.941727,-84.505447
19,39.515846,-123.390457
19,44.60868716218658,-106.84765219637468
19,39.748558,-84.393978
19,39.202732,-76.63153100000002
19,34.892403,-82.326561
19,42.36312,-73.83174
19,40.437969,-80.004623
19,30.340516,-97.968933
19,36.22592,-119.600777
19,34.142799,-80.750381
19,34.652271,-120.3144
19,34.507101,-82.960435
19,40.020638,-79.082817
19,27.137402,-82.410439
19,28.521951,-81.149846
19,44.954325,-93.187364
19,40.71668,-80.30881099999998
19,33.13055,-117.1176
19,37.893260999999995,-122.122955
19,33.767231,-117.9216
19,38.846588,-94.529335
19,35.867638,-84.256332
19,42.673984999999995,-82.82069399999997
19,44.508903,-122.885584
19,27.99653,-82.34729
19,39.629685,-84.192837
19,39.750439,-84.175217
19,34.009171,-81.051224
19,25.714343,-80.41640100000002
19,33.874718,-118.151283
19,27.861231,-82.347241
19,25.962979,-80.15625
19,30.448835,-82.932999
19,30.58168,-84.61065699999997
19,28.806377,-81.567154
19,45.6664,-118.81627
19,35.30989500000001,-80.939552
19,33.463085,-84.210327
19,33.601030111152646,-112.11692690795844
19,32.253777,-80.856339
19,37.878414,-122.183403
19,35.103111,-80.869209
19,37.56847,-77.43293800000002
19,32.752705,-117.007904
19,34.153268,-118.366402
19,41.12840300000001,-96.253044
19,30.190359,-97.770462
19,45.210241,-93.40986
19,34.647477865053894,-117.21595644894974
19,34.821621,-82.284828
19,29.893079,-95.4123
19,40.51622800000001,-111.890991
19,33.76595377905957,-117.96313404980675
19,37.779198,-121.314986
19,30.332523,-97.686707
19,39.211819,-119.676559
19,35.47885,-97.63665
19,39.800575,-86.009804
19,38.673267,-104.709129
19,33.98856,-118.358559
19,40.213234,-76.615554
19,39.003479,-77.154914
19,25.77214,-80.195755
19,32.342751,-86.31639100000002
19,39.749147,-75.55663
19,30.309439,-97.710243
19,33.011957,-80.113651
19,39.021130800061115,-77.43165135346682
19,42.39365,-73.824783
19,39.760384,-105.6511
19,41.03008,-73.74167
19,38.854446,-77.219749
19,37.275978326619736,-80.13872981033259
19,35.306005,-80.859087
19,33.858357,-118.31153
19,35.255931615661346,-80.98718762359148
19,42.049976,-122.607421
19,32.67487,-97.04435
19,41.599631,-90.618817
19,37.277294,-76.662481
19,43.335281,-89.454285
19,39.32960629444441,-119.8872220510488
19,40.714573,-74.284943
19,46.44499182678964,-116.82855963651262
19,38.764312,-77.457953
19,36.066105,-86.680892
19,32.365833,-86.271233
19,38.275504999999995,-85.81031800000002
19,31.039394,-85.86680600000003
19,32.89562,-96.971829
19,34.471473,-118.394293
19,37.76484847050778,-122.3930490011101
19,33.89973,-117.560282
19,34.457458,-82.788368
19,36.769669,-119.74948899999998
19,30.688005,-88.12640400000002
19,34.704262,-82.24231
19,47.630966,-122.188461
19,38.028855,-121.258235
19,33.901070000000004,-84.244003
19,30.222859999999997,-97.763962
19,47.551884,-122.334221
19,40.37119000000001,-122.284527
19,33.385551,-117.252426
19,39.019264,-76.976738
19,41.194447,-73.686211
19,38.378936,-81.75697199999998
19,36.959887,-113.777702
19,34.68288302405032,-118.16530823651236
19,37.507488,-121.967377
19,40.74456,-73.97135899999998
19,41.05211,-76.86213000000002
19,33.998702,-112.760309
19,40.851449,-73.952134
19,27.914221,-82.707367
19,39.893589,-123.754005
19,39.397926,-77.4244
19,43.02449,-83.73178
19,37.405629,-113.237935
19,29.92261,-95.04072
19,32.77772,-96.783403
19,40.041842,-75.33277
19,45.46412,-122.56863
19,27.441839,-82.459595
19,27.632669,-81.517548
19,47.46312,-122.24646
19,34.175764,-79.809601
19,31.981172,-81.16990600000003
19,36.558878,-119.260048
19,30.449691,-91.175127
19,36.155182,-95.98922
19,29.915087,-95.412544
19,36.713486,-81.93428
19,40.851543,-73.95208000000002
19,39.02565,-76.439339
19,35.33405300000001,-97.5653
19,40.704909,-74.15209200000002
19,37.890133,-121.641266
19,33.837288,-79.120766
19,45.12371421,-93.18838477
19,32.47094,-93.769302
19,37.53614,-122.073155
19,45.54203,-122.67801
19,28.086688,-82.451356
19,33.147490999999995,-117.133148
19,47.16885,-122.47384
19,33.882362,-117.366135
19,38.985188,-77.158592
19,40.721523,-73.394539
19,33.854282,-80.36846899999998
19,33.93103,-118.36853
19,28.697948,-81.324737
19,39.018379,-76.96812800000002
19,38.317549,-77.503789
19,33.069858,-81.424109
19,37.46396899205463,-120.82417130412662
19,29.633072,-95.246986
19,33.413939,-112.013527
19,34.087171000000005,-117.670004
19,29.848791,-95.333359
19,30.469422,-91.083436
19,37.864197,-122.303154
19,32.678738,-96.676033
19,39.04856,-94.64327
19,33.964044,-117.325059
19,40.578754,-111.900078
19,40.89069,-74.00413
19,39.955219,-88.822754
19,41.176428,-73.18624100000002
19,33.580765,-86.708115
19,45.963314,-122.80806
19,28.5396,-81.29038
19,28.472389,-81.417496
19,37.521515,-120.791967
19,40.733788,-74.212936
19,43.37112,-123.33243
19,38.58057,-77.32306700000002
19,40.229052,-76.084466
19,42.90713,-85.79196999999998
19,35.72116,-81.18324399999999
19,34.038047999999996,-118.276451
19,35.03833,-81.89321899999999
19,32.549324,-117.040382
19,35.201351,-80.866013
19,33.259659,-84.094238
19,32.782016999999996,-96.76944
19,34.92062,-81.859367
19,33.560814,-117.138641
19,38.885921,-77.013634
19,38.65932100000001,-120.965515
19,41.184818,-73.807404
19,29.627745,-95.413963
19,40.859066247745226,-73.82717013323865
19,45.00739,-93.08977
19,29.660271,-82.433548
19,29.740346,-95.365716
19,29.730745,-95.407543
19,45.163975,-93.031425
19,40.760761,-123.281706
19,37.002956,-121.556145
19,39.183716,-84.59908
19,43.658645,-94.447534
19,26.614626,-81.66350899999998
19,38.437765,-81.828286
19,28.297117,-81.578716
19,33.924644,-118.209816
19,25.716702,-80.407135
19,38.621292,-121.503295
19,33.915707,-81.198059
19,41.045704,-73.769485
19,28.57358,-81.37586999999998
19,27.388906,-82.505646
19,37.396036,-120.770287
19,32.939518,-80.050186
19,35.811337,-78.565742
19,33.986109495000896,-118.07149529400792
19,30.449309999999997,-91.146301
19,30.49145,-84.43124
19,32.748043,-97.308182
19,28.449998,-81.469499
19,29.613234999999996,-95.135857
19,34.3151,-117.47855
19,42.379181,-83.033752
19,29.661621000000004,-98.173698
19,29.689284000000004,-95.564436
19,39.971359,-76.693558
19,29.790004999999997,-95.371902
19,42.445316,-82.917564
19,47.22686,-122.46353
19,25.702118,-80.414712
19,34.086365,-83.993866
19,30.307217,-84.248215
19,41.687121999999995,-92.007103
19,39.024204,-77.103169
19,34.199783000000004,-118.396456
19,38.380834,-122.552296
19,37.877399,-121.342361
19,43.24241,-122.36087
19,47.848701,-122.007355
19,32.676924,-96.777799
19,35.55717100000001,-97.630028
19,28.645441,-81.807549
19,44.954541,-93.401588
19,41.045532,-73.95830500000002
19,38.603439,-90.450676
19,35.311398,-84.805653
19,33.975128000000005,-118.384354
19,47.645096,-122.201706
19,40.74158,-111.906049
19,33.85117,-84.246475
19,32.251813,-110.84098600000002
19,38.697826,-90.26091
19,33.001839000000004,-80.232201
19,39.185187,-106.808463
19,39.270962,-76.722089
19,37.761818,-122.40586100000002
19,35.81797800000001,-78.579926
19,30.441774,-91.187435
19,34.14541125,-117.29180932
19,40.662987,-111.500885
19,30.222808,-97.764011
19,33.484077,-82.08107
19,29.599865,-95.266327
19,42.86254,-73.77273000000002
19,25.829173,-80.205963
19,28.751490000000004,-82.103804
19,42.542873,-71.252472
19,38.341,-122.012218
19,27.34446,-82.44683
19,41.143555,-96.023659
19,37.990762,-122.096283
19,34.139626,-83.666718
19,47.77882,-122.317795
19,34.033039,-118.130028
19,39.40270200000001,-76.67738
19,39.816917,-85.921951
19,40.698952,-73.588493
19,38.99193,-94.5026
19,35.815673,-78.466499
19,34.095921000000004,-118.312741
19,35.819965,-78.847649
19,39.66665,-80.021215
19,28.466996,-81.396772
19,37.628215999999995,-122.121025
19,38.67997,-121.429107
19,33.964314,-118.282707
19,37.732243,-122.432076
19,37.563861,-122.512581
19,32.651692,-96.764827
19,39.897011,-76.539229
19,40.89141,-80.193623
19,37.633913,-77.573279
19,36.031864,-95.953842
19,35.658658,-120.500838
19,26.062872,-80.163872
19,38.683116,-77.846262
19,42.336761,-71.08714300000003
19,35.130773,-80.94133599999998
19,30.276793,-97.637276
19,38.550841,-121.422747
19,34.266948,-118.443931
19,34.821899,-82.29068000000002
19,39.909371,-86.042743
19,25.68486,-80.351501
19,37.377949,-121.831398
19,34.93462,-82.001389
19,42.294624,-71.479576
19,44.93858,-117.84158
19,35.016762,-81.960983
19,34.073067,-118.21917
19,39.096198,-94.588712
19,44.413244,-119.186503
19,37.602188,-121.872009
19,30.225603000000003,-97.724365
19,33.94806,-118.04221499999998
19,34.775005,-82.381714
19,33.163654,-80.119922
19,29.402849,-98.405464
19,35.03348,-85.270842
19,41.35494,-74.25672
19,32.92917,-96.82117
19,34.438196999999995,-118.259505
19,33.854031,-117.893295
19,32.744701,-117.109909
19,33.846607,-118.205578
19,34.067246999999995,-81.16798299999998
19,40.804381,-73.91829399999997
19,47.630348,-122.37326000000002
19,36.14056400000001,-95.94593
19,45.200173,-123.894079
19,45.519724,-123.084312
19,46.137798,-122.987457
19,25.8444,-80.20666999999997
19,38.290486,-121.226478
19,33.86158,-118.09724
19,37.212994,-76.588013
19,34.029941,-118.44219
19,35.78149000000001,-78.572266
19,28.452023,-81.446178
19,40.074139,-74.21734599999998
19,38.02371,-121.9721
19,26.62787800000001,-80.067314
19,33.866291,-79.848301
19,42.85506,-124.47178999999998
19,33.484691999999995,-86.918808
19,35.050838,-81.957512
19,40.227965999999995,-77.155556
19,29.43788,-98.48993
19,34.18783,-80.193486
19,37.32509,-121.88677
19,46.004195,-112.463072
19,28.145845,-82.40905
19,27.53607,-82.56234
19,40.671947,-73.778992
19,44.316688,-94.634269
19,29.712893,-95.54599
19,39.788689,-84.225739
19,33.98252,-117.367327
19,34.01485,-118.485916
19,35.80902899999999,-83.141205
19,47.656307,-122.322281
19,35.593246,-82.564219
19,33.564604,-117.672604
19,29.849848,-95.276894
19,34.36512800000001,-118.503456
19,43.018907,-83.654686
19,40.712379,-73.823105
19,29.686876,-95.378777
19,34.028547,-117.810746
19,32.798176,-96.68251
19,32.736084000000005,-96.665604
19,40.974847,-73.703613
19,29.938919,-95.39727
19,40.559266,-112.351996
19,40.047273,-83.033597
19,27.846339940892,-82.3473680015452
19,34.068493,-117.97396100000002
19,37.808498,-122.366852
19,29.897304,-95.412238
19,34.71035,-82.926399
19,28.616396,-81.427727
19,26.273997,-80.125197
19,39.35171500000001,-76.496811
19,39.713622,-76.047494
19,43.746412,-118.074007
19,36.112747,-86.746155
19,32.839684000000005,-83.647079
19,45.007572,-93.204575
19,37.213538,-119.708539
19,25.927303,-80.221649
19,38.503251,-121.463221
19,33.320861,-80.402328
19,41.852749,-87.957886
19,37.892872,-122.125
19,35.794411,-78.582787
19,37.627371,-122.081243
19,38.044262,-120.628648
19,45.72839140870224,-121.52098774852028
19,36.692413,-119.743343
19,36.097927,-95.858482
19,42.021824,-88.28355400000002
19,34.442149,-119.784966
19,46.820136,-94.502345
19,40.879901,-73.90233
19,34.02939,-118.39939
19,39.980911,-86.395103
19,30.390384,-97.75982
19,37.928841,-76.861351
19,42.33593344668228,-83.09053301771597
19,39.776502,-84.223551
19,47.573963,-122.294815
19,34.172129,-118.421062
19,34.234203,-118.472968
19,34.705372,-82.370903
19,27.113663,-81.79474300000003
19,38.672452,-121.336132
19,38.029616,-112.53103
19,47.807258,-124.250122
19,33.837831,-118.263757
19,26.152813,-81.554665
19,33.427288,-84.181236
19,32.746208,-97.319626
19,33.857938,-117.794266
19,33.811974,-84.37031999999998
19,34.939262,-82.07539399999997
19,40.82368,-73.87745
19,33.718269,-86.828873
19,34.825272,-82.430008
19,33.720323,-117.795894
19,42.98895478228097,-78.91793847046412
19,36.1329,-95.948898
19,45.02202,-93.40066
19,33.928464,-118.239065
19,33.527489,-81.121437
19,44.97047,-92.95887
19,36.123924,-119.324944
19,38.616777,-121.420657
19,30.350506,-97.734322
19,38.697942,-121.415259
19,29.85037,-95.570251
19,45.390901,-122.576539
19,41.81662,-88.168243
19,42.318497,-71.051982
19,40.965633,-77.653003
19,45.5481,-122.8837
19,35.88548,-78.84295
19,32.684845,-96.849541
19,30.453468,-97.666107
19,28.510101,-81.397041
19,41.439466,-74.360364
19,34.18731,-118.32168
19,33.78093,-78.789467
19,44.98575,-93.2408
19,35.54468750936725,-82.9107820983748
19,35.785869,-78.580215
19,28.690607,-81.38861800000002
19,41.71466,-87.63195
19,33.963676,-118.370082
19,36.309181,-86.703726
19,34.004471,-118.063873
19,41.101501,-75.042916
19,33.640564000000005,-111.974716
19,35.384476,-97.212814
19,34.831409,-82.299149
19,39.047213,-94.446097
19,40.86484,-80.5581
19,36.025703,-78.850952
19,28.078789,-80.706024
19,32.343067,-88.770462
19,34.421732,-82.670986
19,37.845982,-79.462361
19,34.97951388,-82.00591207
19,38.032107,-120.26421100000002
19,33.914454,-117.286024
19,43.794936,-121.443309
19,37.42749094945227,-113.2353222364748
19,37.260966,-113.63456200000002
19,34.116215000000004,-80.885178
19,35.593215,-78.699241
19,33.837235,-117.28693
19,41.208768,-78.574904
19,33.677202,-117.844156
19,42.974522,-85.58878299999998
19,43.053312,-76.151003
19,28.822047,-81.702061
19,36.84564,-76.20091
19,39.14241,-77.69180300000002
19,39.284438,-76.735551
19,45.429408,-122.565562
19,32.778636999999996,-96.853432
19,38.988522,-77.436854
19,33.441711,-117.62686200000002
19,40.74802800000001,-73.96817
19,39.36134000000001,-104.867
19,39.752823,-86.250191
19,37.27503400000001,-78.235176
19,35.802142,-78.645932
19,28.148914,-82.407878
19,42.053913,-87.868599
19,31.731284999999996,-86.28405
19,40.134215999999995,-75.445099
19,25.784248,-80.288712
19,26.135468,-80.21912900000002
19,37.962311,-122.053833
19,43.30405,-121.76543999999998
19,41.751842,-87.973816
19,33.562732000000004,-110.952687
19,39.599825,-119.837435
19,37.428417,-122.10138700000002
19,35.20305,-80.72399999999998
19,33.73921751959925,-117.8338944906338
19,38.661064,-121.003987
19,40.780518,-74.04943100000001
19,40.66008,-75.07060200000002
19,37.509953,-122.251465
19,33.036297999999995,-80.203837
19,34.054452000000005,-117.163673
19,34.023189,-117.747828
19,33.988418,-117.907319
19,38.38873,-122.741561
19,35.273269,-80.84254
19,37.382641,-77.43927
19,25.77779,-80.32178499999998
19,45.433221,-122.74431
19,41.055904,-75.72144300000002
19,37.53693,-77.425247
19,32.779819,-117.099075
19,32.665718,-97.293716
19,42.45892,-83.21968000000003
19,37.509315,-121.969681
19,38.845199,-120.030795
19,29.672392,-95.27713
19,37.504807,-76.632827
19,32.744717,-117.187508
19,40.29191,-74.06453
19,38.852862,-76.984544
19,36.01862,-79.82579
19,44.861607,-93.458481
19,28.552627,-81.44658299999998
19,33.349175,-111.911184
19,43.603825,-73.731522
19,34.021141,-118.195808
19,34.858849,-82.26042199999998
19,32.783862,-96.812499
19,34.129727,-117.934386
19,39.861609,-75.114829
19,26.432213,-81.77793100000002
19,34.031918,-118.262413
19,39.053625,-77.488467
19,40.657261,-73.588249
19,34.174431,-84.482391
19,39.186243,-86.52835300000002
19,38.333991,-77.497676
19,36.576346,-119.625443
19,42.932552,-83.574219
19,39.439392,-75.736427
19,33.959587,-118.28064
19,34.136257,-117.45373700000002
19,42.08065,-87.75873
19,30.285722,-85.63716099999998
19,33.98859,-118.377594
19,37.882683,-122.180267
19,41.701561,-72.805009
19,41.758148,-89.63694
19,34.232031,-111.324165
19,37.487125,-122.395757
19,44.27881,-123.23977
19,33.818417,-117.831856
19,34.281877,-118.37157
19,39.06863,-94.51091
19,38.24644,-104.61187
19,39.18492,-94.59638
19,40.066159000000006,-75.314494
19,33.0245,-117.085237
19,42.291759000000006,-122.82706
19,34.880444,-82.019279
19,35.884811,-86.47622700000002
19,40.780796,-74.055862
19,35.609901,-97.576111
19,42.40185,-122.93528
19,40.765008,-74.021821
19,32.488684,-93.704073
19,34.072933,-80.97052
19,44.09604,-123.16546
19,34.006143,-117.964541
19,28.03294600000001,-82.249107
19,36.808994,-119.785095
19,36.08589600000001,-86.699974
19,30.394469,-97.845439
19,34.030846000000004,-118.391144
19,40.056742429542275,-75.65780997240229
19,40.84395,-73.89755
19,41.66201,-88.02316
19,33.892656,-118.28546
19,34.358204,-117.608675
19,25.81242,-80.205925
19,32.9069,-96.72828
19,32.642585,-116.775789
19,33.247384999999994,-84.279829
19,38.649281,-88.972427
19,33.868237,-117.728127
19,45.91422,-92.96659
19,39.71111,-104.82667
19,40.034092,-76.311562
19,40.272587,-75.30965400000002
19,42.600463628565784,-73.51684927905315
19,32.35179,-110.97478
19,35.91055,-78.97967
19,32.221695000000004,-110.875214
19,33.488258,-82.106551
19,30.438108000000003,-91.024231
19,45.49352,-122.6737
19,43.125021,-123.363834
19,38.5799,-121.5056
19,30.470184000000003,-91.155472
19,35.440418,-97.547981
19,48.07963,-123.17296
19,37.78735,-122.247955
19,38.905777,-77.01374
19,42.912788,-83.850082
19,32.846066,-80.061058
19,34.990089000000005,-81.88005799999998
19,38.663841,-121.271989
19,32.809132,-96.850708
19,32.964654,-80.280518
19,35.23831,-80.89713
19,33.106323,-117.312301
19,42.360825,-71.096024
19,26.677189,-80.06955
19,39.33672,-120.174202
19,41.789364,-87.916985
19,37.61676907521432,-122.39839196146777
19,40.767174,-74.021164
19,38.889969,-121.40036299999998
19,34.152296,-83.646361
19,34.063375,-117.291178
19,34.730642,-82.30566
19,27.489889,-82.47281600000002
19,30.456015,-97.666321
19,40.499049,-74.300826
19,34.00416,-117.35017
19,34.002026,-117.834885
19,33.854016065436106,-117.91586279812852
19,42.39365,-73.824783
19,34.962975,-89.999359
19,27.388922,-82.449198
19,29.709083000000003,-95.493246
19,38.515819,-121.464075
19,44.93937,-119.00757
19,47.507853999999995,-122.281776
19,33.82165,-117.87627
19,39.20636,-76.64224
19,37.522366,-121.987633
19,33.842278718787,-117.83031105938991
19,34.030212,-117.678139
19,36.38842800000001,-86.261986
19,37.105881,-122.10586200000002
19,39.010962,-111.855051
19,25.812178,-80.13755400000002
19,30.47239,-84.232668
19,44.131626,-122.527319
19,40.796371,-73.920753
19,40.297847999999995,-75.58171800000002
19,41.507774591248,-124.03159975946411
19,44.95185,-93.122302
19,34.159371,-118.462283
19,37.506485,-77.426467
19,38.105285,-121.701511
19,40.596674,-75.346726
19,30.435801,-81.58329
19,34.055092,-116.977463
19,32.366388,-110.995662
19,32.758177,-96.773183
19,39.362051,-77.269061
19,32.459377,-96.843666
19,33.666222,-117.303108
19,33.598263,-112.271813
19,38.02623,-122.11322
19,32.333351,-95.297594
19,39.958759,-89.55555
19,37.944809,-122.48558
19,40.058468,-75.27127800000002
19,42.016628,-88.268631
19,38.681411,-77.230743
19,36.159391,-86.780963
19,33.980718,-85.25698299999998
19,47.371802,-103.21716
19,30.202640999999996,-97.63903
19,32.146828,-110.926247
19,40.921538,-111.884838
19,33.881536,-117.799146
19,37.592216,-122.364777
19,40.619507,-74.02356
19,27.452077000000006,-82.541021
19,34.047333,-81.10282099999998
19,35.219971,-80.85662099999998
19,38.784153,-121.279549
19,34.10585,-118.254352
19,28.494015,-81.45790500000003
19,39.268635,-76.624619
19,35.996102,-90.887913
19,35.40863,-119.023293
19,34.161097999999996,-118.225479
19,37.315353,-121.940269
19,28.504055,-81.355631
19,38.703651,-121.345934
19,30.587759,-91.158151
19,26.596617,-81.884201
19,33.84845,-86.826004
19,42.975085,-73.790683
19,39.958229,-76.750313
19,40.870787,-74.063506
19,33.825253000000004,-84.489685
19,42.368423,-83.058128
19,34.03325,-118.13003799999998
19,43.246427,-77.617112
19,38.337212,-122.977226
19,41.076626,-87.868767
19,30.223961,-97.701157
19,39.78944,-84.213493
19,40.449356,-74.494202
19,32.250369,-110.928969
19,34.317173,-118.490036
19,40.727989,-73.832809
19,29.46117000000001,-98.466743
19,40.43431500000001,-74.25125899999998
19,25.763071,-80.30492199999998
19,38.76116,-120.57974
19,39.982212,-84.198265
19,25.768256,-80.33629599999998
19,34.14844,-118.08539
19,36.15869879705353,-86.62424683529554
19,37.454559,-113.228157
19,32.887298,-96.703885
19,28.578411,-82.376671
19,34.5522,-82.552673
19,36.257907,-120.246414
19,47.911195,-122.784603
19,40.416361,-79.644592
19,29.130079,-81.124977
19,37.281978,-78.1113
19,32.917755,-96.766075
19,43.83842,-121.421023
19,42.69569,-87.95389
19,41.76899,-72.66121700000002
19,29.728790000000004,-95.460442
19,47.595966,-122.320755
19,35.499096,-120.686157
19,32.667041999999995,-97.320703
19,35.307065248321024,-81.91718459090272
19,34.259646999999994,-119.218987
19,42.704971,-82.775726
19,33.985337,-118.41378799999998
19,29.85465,-95.433464
19,30.321042,-97.753168
19,38.98744225,-77.84278035
19,30.58004736885748,-84.70509409864087
19,39.212331,-94.640167
19,35.085796,-80.81794000000002
19,25.838319,-80.251733
19,39.268089,-84.44103199999998
19,35.306187,-80.966782
19,38.009692,-121.320148
19,29.44143891,-98.51342797
19,41.72135,-87.80804
19,39.8611,-104.98749
19,34.247806,-118.425826
19,34.677292,-82.413391
19,35.54461,-82.6821
19,34.082989000000005,-118.227371
19,28.526394,-81.459118
19,40.185889,-110.095398
19,37.701069,-121.81282
19,34.91782,-81.89634699999998
19,41.57825,-87.66069
19,35.295944,-119.030354
19,34.442215000000004,-119.789246
19,41.241747,-73.016347
19,27.852102,-82.346649
19,47.87994000000001,-122.252373
19,35.798843,-78.495293
19,45.20248400000001,-94.438415
19,33.980796000000005,-117.351771
19,36.841431,-121.490479
19,37.9667,-122.04871
19,25.627501,-80.379613
19,41.851097,-71.408386
19,39.914899,-76.7714
19,34.024811,-118.428108
19,35.348377,-80.73313900000002
19,39.170967,-81.491452
19,42.49593,-71.17823800000002
19,30.46496,-88.114639
19,35.23302,-80.876244
19,42.21208,-88.1413
19,39.98935,-75.20638000000002
19,35.241523,-80.997479
19,33.180676,-117.229912
19,40.999839,-124.100517
19,40.801187,-73.829128
19,36.133271,-95.941012
19,35.116425,-106.550911
19,34.136227000000005,-117.483208
19,30.374462,-97.729294
19,30.443331,-91.187477
19,41.347693,-73.649461
19,34.725056,-82.34135400000002
19,38.7744963167249,-77.11135268174596
19,45.6683,-108.783759
19,40.734261,-74.166428
19,33.85304,-117.81185
19,32.220581,-110.982849
19,30.408001,-91.101837
19,32.303290999999994,-95.315161
19,35.60887899999999,-97.229851
19,44.98031258561621,-93.24428200677276
19,35.295034,-119.030413
19,36.750523,-78.094391
19,35.224382,-80.86583
19,36.38168,-86.894791
19,28.049006,-82.738586
19,43.19215,-87.92445
19,33.550892,-84.448776
19,33.81248,-118.051167
19,33.716784999999994,-80.2838
19,37.572903,-122.316368
19,34.019371,-117.488861
19,33.988898999999996,-80.406174
19,33.52462,-86.66368100000004
19,37.519184,-77.446838
19,29.337435,-81.131294
19,26.09434247004464,-80.16887783965984
19,45.507267,-122.670214
19,29.982526,-95.276862
19,33.98915,-118.280795
19,38.876171,-77.297798
19,25.869988,-80.12135
19,33.790575,-118.099209
19,37.810501,-122.248596
19,34.921875,-81.986632
19,34.154552,-118.396858
19,36.875148,-81.398437
19,33.567558,-112.168999
19,34.067498,-117.594405
19,42.35562,-88.40453000000002
19,39.19258,-94.61711
19,32.194721,-110.910064
19,38.90332,-76.85033
19,42.007641,-88.144699
19,37.274553,-78.325012
19,43.033051,-83.645348
19,40.51431,-111.891045
19,36.198349,-86.620277
19,33.899352,-117.483719
19,44.21918,-121.430644
19,42.962628,-85.67836
19,45.626926,-94.57608
19,33.612086,-111.998971
19,41.02047085742464,-77.57200598679745
19,28.18954,-82.38591
19,41.242025,-79.279871
19,40.716869,-111.871144
19,45.52219,-122.653641
19,35.77993400000001,-78.613457
19,32.859961,-96.770413
19,43.180709,-77.60352900000002
19,35.24854699999999,-80.656485
19,38.185134999999995,-85.812988
19,38.88257,-77.02229
19,30.762711,-85.684158
19,33.876514,-118.082283
19,34.02629971,-118.14400077
19,34.79937,-82.393753
19,34.858925,-82.259857
19,45.55981,-122.17327
19,25.785728,-80.213951
19,38.533263,-121.471962
19,35.54279923422077,-82.91558861692945
19,26.157426,-80.165184
19,28.488236,-82.650317
19,34.900299,-82.77419300000003
19,37.198009000000006,-121.993042
19,45.497719,-118.418171
19,45.47375,-122.5653
19,37.380833,-121.127846
19,36.822848,-119.627688
19,35.020199,-82.391533
19,38.416945,-77.82575899999998
19,33.168301,-87.519447
19,33.894241,-118.193291
19,41.846863,-87.948021
19,34.50651,-117.446772
19,33.687443,-117.872017
19,40.86273,-73.82692
19,30.431842,-91.024438
19,34.047024,-118.446587
19,32.91407,-96.86824
19,37.460991,-122.141594
19,39.840038,-75.193611
19,47.440449,-122.268921
19,29.78517,-95.777298
19,26.01712,-80.16734
19,33.80271077139948,-84.38578247983746
19,39.899864,-74.958282
19,33.752811,-81.526787
19,39.035529,-94.315307
19,35.849697,-78.581693
19,41.975456,-87.806505
19,40.853851,-73.871904
19,40.76736,-73.900603
19,35.47266,-97.63662
19,33.775738,-117.853043
19,34.0404,-118.01665
19,37.132531,-113.519792
19,33.487576000000004,-112.203255
19,40.57145,-74.32897
19,34.813621999999995,-82.336555
19,35.404884,-80.801323
19,37.355766,-76.73455
19,37.631087,-77.536874
19,33.71758,-80.844676
19,34.1045,-80.954666
19,33.97473,-118.231066
19,25.702118,-80.414712
19,37.609428,-120.993582
19,34.776073,-118.290188
19,37.633175,-121.801883
19,36.08303904516181,-86.69829726177838
19,36.099787,-120.418509
19,41.376106,-73.94388599999998
19,41.00137700000001,-74.17543
19,28.597603000000003,-81.224564
19,42.978775,-77.229607
19,28.605972,-81.386314
19,33.63739,-117.92168
19,40.794059999999995,-111.90345
19,43.14670200000001,-89.302595
19,40.225674,-75.285713
19,37.401932,-77.698708
19,33.33833,-83.1654
19,29.43833900000001,-98.460945
19,33.750702000000004,-84.715591
19,32.785427,-96.873787
19,39.398155,-76.664986
19,28.18815,-82.46661999999998
19,34.133306,-118.352405
19,43.188161,-77.56097700000002
19,34.31394,-82.565125
19,40.796618,-77.831756
19,37.999769,-121.946908
19,37.925468,-122.320221
19,38.837428,-77.11954200000002
19,35.22187,-80.821663
19,40.095062,-75.415283
19,38.84632,-94.52935
19,34.093478999999995,-80.85791800000001
19,35.22318,-80.72485999999998
19,38.296514,-77.847362
19,39.53405,-119.76114
19,38.655383,-122.792149
19,33.189409999999995,-117.276359
19,40.067402,-76.307243
19,42.641829,-114.445685
19,41.832355,-87.95536
19,44.96401,-93.23701
19,45.082966,-93.402184
19,34.140846,-118.277763
19,47.849785,-122.255535
19,42.20618,-85.89445
19,25.805007,-80.385428
19,43.220349,-83.93207
19,42.523716,-122.857193
19,42.93782,-72.268059
19,41.76757,-87.82019
19,40.852169,-73.87178
19,42.46308300000001,-92.920257
19,36.332862,-78.025273
19,41.11953,-78.75997199999998
19,34.523708,-82.691353
19,33.876362,-118.082367
19,32.438618,-86.426262
19,39.996506,-75.08270300000002
19,40.004814,-75.196014
19,47.881754,-122.279482
19,33.910072,-84.362015
19,27.96191,-82.4533
19,41.109734773439826,-73.40344548190401
19,40.072792,-75.15593
19,38.52491,-121.469041
19,33.53391051276429,-111.3730537886077
19,38.970889,-77.17911099999998
19,34.119137,-118.150307
19,38.6138,-121.423928
19,32.235471000000004,-110.820478
19,37.76359,-121.41837
19,38.77441,-77.182129
19,32.326969,-86.241219
19,38.57724,-121.525108
19,34.037239,-118.309074
19,32.257558,-110.957918
19,39.930054,-75.145895
19,39.80125200000001,-75.483002
19,33.55311,-112.16887
19,33.762229999999995,-117.264824
19,35.869628999999996,-78.577316
19,32.925575,-96.80378
19,40.68255543689403,-73.6606371399228
19,28.331174,-81.58880500000002
19,27.872399,-82.762421
19,40.478729,-104.583733
19,44.170233,-122.242755
19,45.725398,-108.617147
19,34.013913,-118.28124
19,32.915289,-96.741386
19,29.725663,-95.482965
19,41.781891,-107.267275
19,26.04768,-80.16279
19,30.222488,-97.764198
19,40.879215,-76.018964
19,39.79401,-86.278587
19,47.932741,-97.45097
19,35.86402058584278,-86.45378708798194
19,41.241512,-95.98542
19,40.04805,-74.999611
19,33.19448,-97.12877
19,28.693127,-81.525879
19,33.35601,-86.859123
19,42.742022,-88.215499
19,32.272128,-110.994179
19,33.505328999999996,-82.554626
19,37.402275,-121.908005
19,32.326903,-95.313424
19,40.731337,-111.75883799999998
19,41.81334,-83.44715
19,32.761814,-96.773201
19,27.447463,-82.52918299999997
19,43.292091,-84.58268000000002
19,42.3662,-83.06313
19,40.73465,-74.12491
19,33.9768,-118.054122
19,26.810244,-80.152946
19,32.920691,-96.982967
19,37.755204,-121.486913
19,33.607231,-114.601382
19,35.871086,-78.724091
19,29.784851,-95.695564
19,35.40615,-97.5213
19,40.850155,-73.945335
19,35.25605,-78.624977
19,32.276018,-81.07718100000002
19,32.800126,-96.822272
19,37.900543,-121.284927
19,35.87674000000001,-78.515938
19,25.93732,-80.196877
19,38.02586,-122.25947
19,30.316174,-82.80869799999998
19,33.984722,-118.239006
19,36.252617,-86.739471
19,34.980801,-81.93109100000002
19,36.121883,-121.023094
19,33.766167,-117.938968
19,42.22499728182685,-76.02080941164006
19,34.735248999999996,-86.612434
19,38.610889,-121.265251
19,25.702858,-80.414741
19,34.018873,-118.186838
19,32.750037,-96.682966
19,39.60702,-75.85381
19,25.731472,-80.388061
19,26.349665,-80.20330799999998
19,47.661369,-122.32196
19,33.482240000000004,-86.82672
19,39.320688,-75.619164
19,34.999065,-81.876297
19,34.9767,-81.961197
19,38.559048,-121.472664
19,33.937908,-84.158051
19,36.770687,-121.765244
19,38.436101,-78.85468900000002
19,30.198166,-97.763765
19,40.27861475925312,-122.49237656534912
19,45.49638,-122.669739
19,33.910114,-84.362015
19,41.654711,-90.568324
19,32.763841,-96.807053
20,31.65962,-106.239929
20,39.217819,-94.589401
20,32.267025,-86.354919
20,40.52964,-74.30001800000002
20,47.357761,-122.295799
20,30.5585,-91.168373
20,32.972221000000005,-80.01840200000002
20,33.936577,-118.044178
20,30.52911,-88.17047099999998
20,36.972523,-120.073955
20,40.03471,-76.746826
20,41.87329,-87.79961999999998
20,39.665962,-121.80526
20,43.144447,-77.590034
20,38.88163400000001,-78.52189399999997
20,33.494828000000005,-112.203228
20,45.009876,-93.093385
20,45.367472,-93.968255
20,25.796963,-80.321442
20,34.148247,-118.072943
20,40.46348,-74.40446999999998
20,42.299134,-121.443745
20,38.674625,-90.64555
20,42.46559,-87.96384
20,38.941933,-94.816788
20,33.559504,-117.672857
20,46.920232,-95.187484
20,26.161373,-80.32755300000002
20,33.770943,-84.39050300000002
20,38.34832,-122.713165
20,45.525166,-122.665291
20,35.795761,-78.694702
20,34.771111,-86.585953
20,40.725249,-73.933299
20,27.09908,-82.201269
20,29.70474,-95.15342
20,45.64142346360377,-109.23359513230687
20,30.377952,-97.582937
20,34.042786,-118.272744
20,28.346739000000003,-81.64273299999998
20,40.536312,-111.893031
20,33.173334999999994,-87.266972
20,32.911343,-96.881569
20,47.832334,-100.129459
20,34.044594000000004,-118.173618
20,45.216694,-93.593491
20,45.057667493605344,-117.94152617398288
20,45.65455555894062,-110.8514177793939
20,25.771557,-80.19695300000002
20,25.926456,-80.24453000000003
20,33.557161,-117.140048
20,34.629176,-120.278111
20,34.983038,-81.970945
20,39.76267,-83.22391999999998
20,26.602996587626446,-80.06912112197844
20,30.515644,-91.141407
20,37.33472800000001,-80.805374
20,36.032415,-95.894094
20,28.421389,-81.400902
20,39.57734,-104.87492
20,38.638512,-90.480881
20,38.72448,-104.73233
20,40.650999,-73.866972
20,33.552361,-117.137703
20,41.685513,-88.067291
20,39.120544,-77.200766
20,33.988941,-117.361096
20,30.36841,-97.718743
20,34.06438708289116,-117.27839827481613
20,35.235889,-80.77374300000002
20,28.087955,-82.449597
20,32.527079,-89.97754
20,40.168145,-76.764526
20,35.226421,-80.844208
20,30.731528000000004,-81.66103299999997
20,45.3066,-93.609
20,40.80769,-74.18255
20,36.162877,-86.793476
20,41.69380200000001,-91.603382
20,34.466625,-118.329666
20,38.525086,-123.265046
20,33.414751,-111.891163
20,42.903261,-78.76683299999998
20,34.071661,-118.134358
20,41.244555,-95.819724
20,29.600206,-95.502579
20,38.735779,-77.451261
20,44.77541,-93.288544
20,34.287684999999996,-83.811432
20,29.741365,-95.458092
20,34.428287,-119.737404
20,34.238211,-117.291269
20,30.426615,-97.753166
20,28.629979,-81.539024
20,40.16062,-80.27945
20,42.61367,-71.328903
20,38.92327,-77.047354
20,34.222401,-118.369327
20,41.549676,-72.795908
20,30.43611,-91.152695
20,40.83696,-74.01999
20,40.265617,-103.823158
20,40.709163,-73.841273
20,41.841998,-93.571217
20,41.065206,-122.364657
20,40.594749,-74.232185
20,37.17011,-121.989613
20,47.109329,-92.997162
20,40.069,-75.67187
20,25.837921,-80.206035
20,40.242924,-79.241839
20,33.416482,-80.338222
20,40.779565572544186,-73.5713732239076
20,32.780994,-96.793979
20,39.692562,-84.205528
20,38.839207,-104.25904
20,43.923294,-91.402081
20,39.754862,-104.97337
20,35.258793,-80.873192
20,32.825764,-96.831177
20,32.777679,-96.801315
20,33.484944,-117.142463
20,39.055719,-76.927647
20,36.869469,-76.432983
20,40.132197999999995,-75.38472
20,45.509297,-122.667117
20,35.748745,-78.882774
20,28.549158,-81.257317
20,30.55741,-81.812335
20,33.879029,-98.539922
20,45.077993,-93.373769
20,37.284336,-120.48757
20,37.975196999999994,-122.520943
20,32.690681,-117.118401
20,34.054207,-118.20320900000002
20,27.989832,-82.745285
20,46.877499,-96.963213
20,33.550523,-84.567341
20,40.46336,-76.352221
20,37.531012,-122.363967
20,34.071342,-118.235397
20,42.434601,-71.529213
20,26.514541,-80.05342900000002
20,38.278889,-104.604774
20,34.728008,-86.602936
20,37.990269,-122.067436
20,43.123959,-75.589493
20,36.122673,-86.751488
20,34.496651,-81.844261
20,39.025478,-84.558876
20,36.263821,-86.704468
20,34.879521000000004,-120.436688
20,38.871327,-77.26750899999998
20,30.392151,-97.671753
20,44.403,-120.505412
20,36.00729099999999,-86.612729
20,34.492123,-118.283791
20,47.28205,-93.53378
20,37.541977,-77.488708
20,32.708648,-117.098248
20,37.517887,-77.354134
20,32.735881,-117.079834
20,35.25971699999999,-80.845326
20,33.638341,-117.343836
20,40.060719,-76.278603
20,26.715265,-81.688728
20,39.59987,-77.683022
20,39.702813,-84.228902
20,48.085304,-122.150368
20,39.462868,-111.144791
20,40.64397454,-124.20830369
20,38.07544,-78.40493199999997
20,40.80432800000001,-73.912278
20,29.68923,-95.458824
20,36.75721400000001,-121.665474
20,25.924467,-80.293314
20,39.318963289073366,-76.51143908464189
20,29.657635,-95.387009
20,29.736555,-95.500824
20,40.393965,-104.99348
20,38.246237,-87.568173
20,36.91692000000001,-79.385159
20,33.543842,-84.269859
20,41.883202,-87.920433
20,42.90581,-112.5097
20,40.775745,-74.04051199999998
20,36.124279,-86.696381
20,34.14792,-118.03153
20,37.166393,-93.295359
20,41.16766,-73.228218
20,43.626462,-116.619712
20,37.495079,-122.229012
20,34.150793,-117.331108
20,42.878440999999995,-78.872383
20,42.489098,-83.08107
20,45.03597,-92.998248
20,36.451403000000006,-118.896183
20,43.043911,-83.693855
20,35.142235,-81.50556
20,35.746325,-78.446831
20,36.139847,-86.72647099999998
20,46.0869920251556,-95.88917612983757
20,41.271984,-95.950089
20,37.701424,-121.894394
20,35.824081,-83.97704300000002
20,39.079479,-94.593575
20,41.885206,-71.378535
20,34.258775,-119.113159
20,34.155503,-118.441042
20,34.072748,-117.784394
20,28.757545,-81.517166
20,37.357258,-122.117043
20,38.48283,-90.357742
20,30.44453,-91.139519
20,29.930931,-90.037918
20,38.684971,-75.298385
20,43.003909,-83.64399499999998
20,35.44088,-80.844414
20,40.48093914966353,-74.40287947619245
20,35.78192100000001,-78.647499
20,40.730721,-73.459389
20,33.275911,-111.88907
20,41.420818,-78.74469
20,40.701640999999995,-73.990891
20,40.197693,-76.97539499999998
20,32.807049,-79.947304
20,30.400087,-91.106445
20,29.405516,-98.563709
20,34.311844,-117.474694
20,37.58469,-122.328873
20,29.316811,-98.608215
20,35.688325,-78.845669
20,32.157331,-110.909347
20,36.21476,-86.817673
20,36.861038,-121.687057
20,32.807860999999995,-97.210327
20,26.65715,-81.79853100000003
20,43.159878000000006,-75.21129499999998
20,42.775214,-70.88489399999997
20,38.245736,-122.625522
20,25.926038,-80.151679
20,43.213778999999995,-77.475075
20,32.939854,-80.050186
20,34.10328984244297,-117.53597617093308
20,33.893692,-84.261719
20,25.959845,-80.14698
20,41.647106,-87.744523
20,39.085911,-77.172957
20,38.76222253,-102.77921319
20,40.145039,-75.38708199999998
20,34.059968,-117.787599
20,37.509491,-122.333481
20,32.86217,-83.64885600000002
20,27.973049,-80.644402
20,34.186459,-83.593552
20,32.865547,-96.766007
20,33.440777000000004,-82.117958
20,29.963858,-95.550499
20,36.981647,-121.872285
20,37.525681,-77.52823199999997
20,40.085682,-111.701897
20,35.78233,-78.848198
20,34.138415,-117.242582
20,29.696465999999997,-95.427162
20,32.665465999999995,-97.241615
20,30.130648,-97.605397
20,27.813995,-82.772164
20,33.930454,-117.659058
20,35.228142,-80.77533000000003
20,34.030840999999995,-118.437185
20,32.843369,-117.086136
20,32.597539000000005,-110.87898
20,39.75607752781031,-86.19451403576755
20,40.31528,-76.82814
20,40.159836,-75.11187
20,34.155045,-118.310867
20,37.486401,-77.44252
20,30.462949,-86.42744499999998
20,41.040812,-75.312852
20,29.769090999999996,-95.353539
20,34.037209000000004,-118.308922
20,30.438935,-91.187305
20,40.165363,-75.21869699999998
20,35.899204,-79.663299
20,30.481695,-97.55999
20,29.684832,-95.558716
20,36.232672,-86.78146
20,44.86187,-93.29827
20,40.433467,-109.572648
20,43.522299,-76.213308
20,33.548621999999995,-86.77979300000001
20,34.149755,-118.664847
20,43.14802050569941,-76.12625241243302
20,40.187518,-76.03827
20,37.246193,-121.776833
20,39.442986,-123.804551
20,30.534985,-87.087147
20,40.694232,-112.262989
20,38.676525,-121.359612
20,39.400888,-77.372986
20,30.361132,-97.698112
20,35.177799,-80.792763
20,41.848797,-87.643936
20,33.490303999999995,-117.062873
20,32.91417002662223,-117.23069786969548
20,35.270609,-118.914355
20,34.150512,-117.322993
20,41.841082,-71.876267
20,41.544106,-109.902026
20,41.512581,-74.069565
20,34.119061,-118.152304
20,42.948868,-85.677376
20,40.71853995303765,-111.89968943542527
20,42.73911500000001,-73.857374
20,33.859909,-118.299179
20,26.230314,-80.136337
20,33.011632,-96.862208
20,25.794968,-80.264427
20,44.733772,-122.269665
20,35.655843,-82.697276
20,27.298746,-82.448219
20,40.733132,-111.938942
20,38.583984,-121.503133
20,36.75736,-119.853225
20,35.748806,-78.648949
20,38.762383,-78.634209
20,29.813236,-95.335075
20,36.677963,-76.619361
20,32.838433,-96.777656
20,34.340525,-118.520697
20,39.779442,-84.242729
20,31.414539,-85.556747
20,33.566612,-112.220261
20,34.188408,-80.687813
20,40.021664,-75.247516
20,30.23283,-93.29025
20,38.574008,-121.383103
20,40.008863,-75.069221
20,37.980434,-120.694934
20,45.53767,-122.37873
20,37.741352,-121.580833
20,33.23767,-97.05393
20,33.462153,-112.043577
20,28.403197,-81.419454
20,36.327366,-119.324074
20,27.806416,-82.690834
20,45.536130666515646,-122.69334912241604
20,44.905499,-93.885644
20,32.648308,-96.777023
20,28.376032,-82.20448
20,32.734688,-96.874283
20,45.530791,-122.66522
20,29.678881,-95.552856
20,37.722206,-122.179998
20,32.191831,-110.835476
20,34.886745,-82.391396
20,33.912239,-84.207817
20,44.948479,-92.934319
20,34.400045,-117.401036
20,32.500206,-93.776482
20,43.087204,-77.609169
20,33.997040000000005,-117.931015
20,38.796093,-77.136581
20,25.685034,-80.428354
20,36.803927,-76.430068
20,35.085873,-85.068771
20,35.17794,-106.622482
20,39.807303999999995,-75.615646
20,42.912621,-85.608147
20,42.521484,-83.68915600000003
20,34.226746,-118.38768799999998
20,44.42815,-93.292603
20,40.740925,-73.82133499999998
20,29.965576,-95.419044
20,33.671178999999995,-81.978503
20,34.42260146,-118.58525634
20,39.749962,-86.034538
20,45.019925,-123.956755
20,28.536221,-81.405342
20,39.732431,-84.224227
20,35.014263,-85.251938
20,34.42459,-118.425184
20,41.669853,-72.841286
20,40.348515,-74.474998
20,40.776818990512965,-111.46751046127572
20,39.580392,-75.463342
20,32.348178999999995,-80.62694499999998
20,39.975224,-75.194405
20,39.032214,-77.136493
20,34.035229,-118.149803
20,33.913229,-118.180668
20,28.254515,-81.17739
20,43.160936,-77.53904
20,32.6778,-97.08786
20,32.762459,-117.163506
20,30.39238,-81.66803
20,34.140068,-118.228333
20,33.88941,-80.318023
20,39.917412,-83.014236
20,32.465,-80.80351999999998
20,36.708367,-79.82441700000003
20,32.574268,-117.084099
20,34.482438,-117.337014
20,39.100116491131296,-76.81626677476494
20,38.819235,-76.917868
20,40.77139019946684,-73.87632966006338
20,30.405431,-91.123523
20,30.207891,-97.75642
20,33.910683,-118.255519
20,30.235693,-97.797997
20,42.647591,-70.949745
20,25.724499,-80.43544
20,34.030058000000004,-118.441556
20,27.80233,-82.66243100000001
20,38.84221672993258,-110.96743941254154
20,36.476102,-121.719925
20,28.450001,-81.468858
20,35.2234,-80.866638
20,39.851864,-75.373863
20,28.11518311487143,-82.37163662871181
20,38.631279,-121.504837
20,34.031040000000004,-118.390388
20,33.433448999999996,-81.706909
20,45.749717,-108.556527
20,41.058128,-77.433592
20,33.795788,-117.877975
20,40.07618,-75.48756999999998
20,34.125075,-118.476649
20,35.933225,-78.85885400000002
20,38.557147,-121.370841
20,43.666244,-94.287731
20,25.577465,-80.370795
20,34.218853,-118.240028
20,28.491757,-81.42833900000002
20,35.371944,-109.03914
20,32.960716,-96.727859
20,34.270552,-119.273722
20,34.201431,-118.18923999999998
20,30.481015999999997,-91.099419
20,32.797474,-96.668228
20,33.832122999999996,-84.335274
20,34.818071999999994,-118.902588
20,32.749527,-96.868736
20,40.038439,-76.50946400000002
20,42.350062,-71.116014
20,34.030331,-81.086327
20,36.897723,-121.747873
20,34.01083,-85.044205
20,47.502686,-122.196663
20,36.073406,-86.6924
20,40.06687,-75.31021700000002
20,35.44619,-80.608704
20,40.581886,-122.342924
20,38.485169,-77.852565
20,26.698962,-81.76825600000002
20,37.275019,-77.391276
20,25.74671,-80.371824
20,33.974651,-118.280998
20,38.061212,-77.518727
20,35.539941,-86.166852
20,25.903154,-80.324381
20,33.608713,-117.109486
20,44.77683,-91.5276
20,37.436474,-120.79496
20,35.102753,-80.988632
20,28.251751,-82.188164
20,34.01593,-118.173027
20,39.26542,-78.304435
20,42.238876,-83.341545
20,37.907309999999995,-122.315079
20,30.418356,-91.11335
20,36.206554,-86.77624499999996
20,38.67029,-77.23747
20,32.8821337221485,-85.08026003797015
20,40.737208,-74.058817
20,37.261353,-77.398827
20,34.923409,-82.08505600000002
20,44.964798,-93.28301
20,40.08751,-79.19954399999997
20,38.608906,-121.270538
20,29.898251,-95.411858
20,39.13805,-84.45514
20,33.568146,-86.509636
20,33.979824,-79.192802
20,37.25284600000001,-121.840874
20,39.370011,-76.513499
20,45.57864,-122.443176
20,38.418823,-120.824356
20,32.365544,-80.606654
20,33.930918,-118.178692
20,34.081853,-117.702637
20,40.826429,-74.131332
20,41.845818,-88.006378
20,44.40435,-94.40198
20,40.177602,-75.128247
20,39.96888,-83.022263
20,29.821939,-95.526306
20,40.610126,-74.463959
20,43.5524,-121.95518
20,36.444828,-79.547071
20,33.881057,-117.616922
20,35.125256,-80.916336
20,30.046771000000003,-82.061367
20,48.100243,-122.187744
20,40.760696,-73.858215
20,45.55981,-122.25036
20,41.208172,-73.09389499999997
20,39.752369,-84.139053
20,41.77168250064005,-72.59869694675159
20,28.45147,-81.09999
20,25.81218,-80.20233
20,45.180069,-93.113121
20,37.64491500000001,-122.093826
20,34.185707,-118.159706
20,30.391293,-91.027195
20,26.195408,-80.207844
20,36.068701,-86.688897
20,35.315193,-80.833626
20,39.970849,-76.710827
20,34.13177,-117.681759
20,40.753129,-111.625825
20,37.477729,-77.47290500000003
20,44.98575,-93.2408
20,35.687365,-78.862153
20,34.739841,-86.662178
20,30.964266,-87.760017
20,36.692547,-119.645599
20,35.313598999999996,-80.74247
20,35.855674,-78.339567
20,35.281760999999996,-80.804863
20,33.987971,-117.348176
20,32.78334259971245,-96.80679202033612
20,29.737959000000004,-95.479399
20,38.8741,-76.97742
20,38.769897,-121.24855
20,32.414752,-93.75621
20,29.690465999999997,-95.234543
20,33.821289,-87.181213
20,37.887965,-122.031118
20,36.060955,-95.874518
20,25.811512,-80.189362
20,35.026669,-81.87610600000002
20,33.883804,-117.880348
20,33.460042,-117.135972
20,40.06534,-75.638522
20,40.67942,-74.00359300000002
20,44.392157792833366,-123.06111216486424
20,38.747367,-76.992187
20,32.861069,-97.314651
20,40.742889,-73.829849
20,42.65942800000001,-84.198326
20,40.040451,-76.297409
20,38.879348,-77.253662
20,31.82635100000001,-106.409507
20,32.719532,-96.657043
20,25.938883,-80.205077
20,41.524929,-90.513542
20,33.586327000000004,-86.08252
20,29.744663,-95.362267
20,37.739334,-121.59082
20,40.96679,-80.3999
20,37.952867,-122.327994
20,47.774368,-122.30911299999998
20,30.410172999999997,-91.035988
20,30.5013,-87.22967
20,35.066684,-85.290245
20,33.424479999999996,-86.702789
20,33.95285010321639,-80.96435666045683
20,39.38384600000001,-120.081921
20,41.573991,-93.84457
20,32.76785,-117.144931
20,39.265083,-76.56225
20,36.96326,-109.4559
20,39.975224,-75.194405
20,37.891086,-79.27683
20,39.732315,-75.40593
20,34.414536,-118.444554
20,34.36097502692051,-118.50571274700876
20,29.703306,-96.787697
20,44.649864434983016,-119.64861273708507
20,42.163353,-87.873558
20,35.202518,-80.72599
20,33.914675,-112.145553
20,33.937,-118.279674
20,35.159890000000004,-81.474609
20,33.750489,-84.444159
20,38.014768,-121.998845
20,33.651924,-84.367101
20,32.856907,-96.768661
20,37.352715,-76.731155
20,37.034868,-76.351823
20,41.292779,-124.05661
20,39.09518,-104.86324
20,33.008825,-80.103603
20,27.923662,-82.730721
20,37.823148965655214,-122.31756091059532
20,44.89190698,-93.18583131
20,34.738997999999995,-86.603081
20,33.859955,-118.309158
20,45.534831,-122.583067
20,43.010082,-83.634651
20,38.706757,-77.223022
20,42.474422,-83.182594
20,37.651657,-122.098671
20,37.595529,-121.90602
20,39.029594,-77.426575
20,37.923744,-121.293594
20,48.016041,-113.9559
20,41.02038502673616,-120.85240960063528
20,32.369173,-95.296991
20,41.927577,-84.01190600000002
20,41.40855,-73.786781
20,33.419815,-80.50428000000002
20,40.199714,-74.591234
20,37.851337,-122.222908
20,40.082401,-75.40050500000002
20,33.921203999999996,-116.806496
20,30.658394,-87.91175799999998
20,36.158489,-82.628853
20,35.121189,-81.01191700000003
20,37.404133,-122.069766
20,35.013533,-85.229613
20,33.699704,-84.429304
20,32.179777,-81.933601
20,35.23810200000001,-80.799706
20,33.859676,-118.309631
20,30.651365,-88.117592
20,39.42728161793029,-76.38953804933362
20,25.291063,-80.37762
20,47.66317700000001,-117.395218
20,29.938824,-95.383179
20,36.07725900000001,-96.008703
20,28.355452000000003,-81.508773
20,39.910649,-76.713351
20,47.299031,-111.674573
20,30.010449,-90.01290300000002
20,35.823921,-78.706932
20,39.063472,-94.560554
20,30.220059999999997,-97.836823
20,44.77647,-94.989479
20,39.018337,-76.971478
20,42.47451,-83.11106
20,34.194826,-91.941321
20,38.120015,-122.281277
20,35.44362187,-119.08770919
20,35.262009,-80.878754
20,34.379681,-118.569153
20,34.89267,-82.160782
20,38.821105,-77.649602
20,44.90961,-92.98682
20,43.957207,-93.259941
20,39.6371,-104.890179
20,42.64025,-71.23635999999998
20,37.440807,-77.439079
20,39.483681,-76.252197
20,35.965507,-119.30408
20,39.88521,-104.98766
20,39.444791,-76.31024000000002
20,40.158379,-77.614311
20,34.176731,-80.745132
20,33.551122,-85.073451
20,32.764435,-96.936272
20,34.645625,-86.831593
20,38.889894,-77.21919
20,33.889988,-117.509857
20,35.59460100000001,-97.638489
20,30.423041,-91.168831
20,33.71443,-84.26864
20,28.23640300000001,-82.354774
20,43.87754,-123.01344
20,34.291149,-118.467773
20,32.282848,-110.969559
20,44.86699,-93.63786
20,45.511509,-122.655701
20,33.743635999999995,-84.35846
20,27.6447021959894,-82.67268776854193
20,41.625404,-73.774231
20,44.948635,-92.959137
20,34.933559,-89.994415
20,40.997609,-79.490358
20,40.55677056,-74.31960225
20,45.53939,-122.44894
20,38.446712,-122.191822
20,44.376907,-90.11127
20,38.3784,-81.60794
20,33.987862,-118.402885
20,45.67508,-118.843818
20,38.543722,-121.684273
20,40.068287,-75.14225
20,33.971647,-117.549022
20,28.53705,-81.36963
20,37.731571,-122.423416
20,39.9007,-110.74403
20,37.399441,-122.03833
20,41.597351,-90.459023
20,38.669234,-121.360951
20,37.702904,-122.016785
20,35.080943,-81.106161
20,45.781598,-118.17683999999998
20,33.954516999999996,-118.107254
20,38.474389,-122.779828
20,38.25473,-122.479233
20,42.238876,-83.341545
20,34.449711,-81.121368
20,37.63245,-77.50831600000002
20,36.118919,-95.89843
20,29.75873,-95.413589
20,44.947637,-122.99042
20,41.13599,-77.450401
20,33.469376000000004,-82.066856
20,47.527634,-122.681236
20,35.267792,-80.837906
20,39.379588,-76.520067
20,39.817146,-75.54874699999998
20,41.034997,-77.504264
20,34.082021999999995,-117.698293
20,42.53026,-78.47856999999998
20,35.616421,-97.460449
20,34.142681,-117.25248
20,44.954944,-93.077934
20,32.323161999999996,-111.012749
20,28.368640000000006,-81.56383000000002
20,36.13344,-95.898147
20,34.702515000000005,-80.67675799999998
20,33.8245,-118.299186
20,33.51121,-80.877341
20,40.88748,-73.89437
20,38.608662,-121.434828
20,33.852501000000004,-117.812099
20,38.63196,-90.28633
20,45.192637,-123.19388700000002
20,41.895973,-91.671509
20,30.297956,-97.717714
20,34.73702073080665,-82.27121472319473
20,33.617659,-85.726393
20,39.258478,-122.031708
20,25.734259,-80.385193
20,29.94816,-90.087094
20,33.95697,-118.28057
20,41.228259,-75.801351
20,37.088802,-80.581979
20,34.142757,-118.185654
20,35.7355,-78.650429
20,37.728649377642974,-79.31441187820762
20,33.935188000000004,-118.011848
20,39.39252000000001,-76.707197
20,33.460518,-112.012504
20,40.098592,-75.354685
20,38.596403,-105.426599
20,43.331526,-73.642344
20,42.763802,-73.51220699999998
20,41.038877,-81.941422
20,37.566799,-121.89843799999998
20,37.837769,-122.483017
20,45.722953,-123.199726
20,26.368028999999996,-80.170929
20,32.792595,-96.871955
20,45.00225,-93.23516
20,27.38023638712225,-80.40634989700123
20,29.149839,-82.10408000000002
20,44.790417,-93.242737
20,35.364841,-80.839134
20,26.661361455790228,-80.07051587066618
20,29.671724,-95.531388
20,25.940472,-80.299728
20,30.285327,-97.746518
20,40.512279,-112.311598
20,34.233559,-118.473183
20,33.779671,-84.390869
20,39.431164,-87.403572
20,37.317268,-121.939301
20,35.912312,-78.72247800000002
20,37.453603,-76.87096600000002
20,25.59521,-80.37223
20,36.80184600000001,-121.659615
20,33.724018,-85.876579
20,29.658403000000003,-95.355522
20,30.407884999999997,-97.674561
20,38.561501,-121.80323
20,40.729298,-73.235435
20,37.50808,-121.96557
20,28.443969,-81.470412
20,28.357809000000003,-82.204029
20,35.190103,-118.522048
20,47.382018,-94.628941
20,30.435162,-91.133904
20,40.17567800000001,-75.28157
20,46.58667,-94.69675
20,33.823273,-84.367271
20,28.52107,-81.386543
20,33.747646,-84.38623100000002
20,33.887463000000004,-118.104279
20,38.21003,-122.138453
20,41.681058,-86.885051
20,29.689396,-95.55793
20,35.332213,-119.00308
20,42.4121,-122.984412
20,39.776478,-84.22539499999998
20,41.883273,-122.421704
20,40.845249,-73.914116
20,32.789614,-96.919408
20,34.08726096137005,-117.64695525113274
20,32.875586,-96.684922
20,34.054108,-118.237839
20,40.763611,-73.953358
20,33.87709,-118.136614
20,32.75643400000001,-117.159136
20,40.724342,-73.93610699999998
20,44.968815,-93.252876
20,45.12129,-93.18865
20,34.071869,-117.889168
20,38.45675111,-81.49766564
20,36.285314,-86.728291
20,35.792245,-90.811346
20,30.312,-81.65078000000003
20,37.636875,-122.439697
20,34.073761,-117.75222
20,41.339162,-73.81563100000002
20,38.90057,-77.05702
20,30.166292,-81.55561800000002
20,33.696239,-117.93615
20,30.753431,-85.380135
20,36.124666,-121.024993
20,40.164757,-75.12473299999998
20,35.384476,-97.212814
20,42.301021,-83.774452
20,45.181129,-93.112343
20,35.304568,-80.725911
20,34.125240000000005,-118.228355
20,33.914404,-118.230205
20,34.030438000000004,-117.581799
20,44.94338,-93.27485
20,32.879776,-96.690598
20,32.843104,-117.086109
20,34.054990000000004,-118.23937
20,36.677511,-121.640636
20,37.397241,-77.62678100000002
20,40.730788,-111.987399
20,32.904709000000004,-96.732712
20,34.067308000000004,-117.984268
20,34.23275,-80.668274
20,33.93132,-118.382764
20,38.743785,-121.22612
20,38.330029,-120.907097
20,37.830669,-122.293345
20,33.971662,-118.05928
20,33.748032,-87.055397
20,25.807289,-80.205688
20,37.47081398946061,-122.15836644114418
20,31.87167,-106.408928
20,36.028202,-87.174713
20,35.976719,-78.880495
20,44.369627,-94.190479
20,33.752796000000004,-84.231934
20,28.427667,-81.404614
20,35.364596,-118.909781
20,36.11763,-95.91768
20,42.058395,-88.315392
20,38.708252,-90.50206
20,40.132118,-75.301117
20,34.222251,-117.40974
20,33.509972,-82.028267
20,34.074122,-117.926324
20,34.065334,-117.805824
20,45.49359000000001,-108.949749
20,32.284245,-80.88333
20,36.78908229,-76.28456712
20,38.90607,-76.92624
20,38.356519,-121.343027
20,33.687606,-117.885651
20,41.497078,-94.97096
20,36.159948,-86.774922
20,38.010123,-121.258133
20,36.044232,-79.77334
20,25.67008,-80.416253
20,44.56437,-123.26092
20,29.703745,-95.59258
20,30.449161,-87.270866
20,30.302669,-97.744728
20,40.771431,-73.982282
20,33.935951,-118.047597
20,42.007401,-83.354079
20,40.809558,-124.114077
20,33.62104,-84.46951999999997
20,34.029109999999996,-118.009773
20,29.237824,-82.19368
20,32.763366999999995,-96.663986
20,38.110161,-122.230019
20,47.706871,-122.336182
20,37.406771,-76.469826
20,32.790867,-96.755981
20,33.941814,-118.36245
20,41.094318,-74.156097
20,36.961876,-76.519272
20,36.48788,-119.393649
20,32.773008000000004,-96.837794
20,39.722608,-76.87292099999998
20,34.436814,-119.82232
20,45.90052,-95.36422
20,33.410004,-86.800659
20,29.910085,-90.204924
20,36.450255,-119.259716
20,32.667296,-97.352602
20,28.54221,-82.162018
20,32.837551,-97.09079
20,40.717082,-76.346817
20,44.153126,-121.336958
20,40.79384,-73.93188
20,40.099365,-75.180183
20,34.110858,-117.302934
20,29.785469,-95.776817
20,32.784678,-117.207393
20,33.570547,-117.726353
20,41.201945,-95.947788
20,26.1071,-80.168777
20,40.021664,-75.247513
20,25.686102,-80.393105
20,39.434661,-77.487371
20,33.46303582,-112.42851376
20,37.731177,-122.18823
20,33.766023,-117.937651
20,38.137561,-122.21331399999998
20,34.018208,-118.176582
20,34.058795,-118.253136
20,25.721375,-80.382805
20,31.75146,-106.3019
20,38.554722,-121.404381
20,37.279629,-121.956894
20,33.363805,-111.893952
20,34.127088,-118.474797
20,30.418192,-97.658745
20,42.430397,-83.21929200000002
20,32.714714,-117.014465
20,30.449498,-87.291539
20,28.637696,-81.44348000000002
20,34.989845,-85.20385
20,32.457966,-93.762993
20,25.770159,-80.369194
20,44.91625,-93.27461
20,39.827175,-76.684471
20,34.134701,-117.635292
20,45.012722,-93.187241
20,37.836427,-122.011894
20,34.191609,-82.16082800000002
20,40.316102,-74.24754399999998
20,40.697609,-73.828598
20,38.304294,-122.49303799999998
20,42.071902,-88.313925
20,38.08848,-102.61364
20,38.604033,-77.80045
20,39.173275,-84.399574
20,34.313334999999995,-117.476868
20,40.662361,-78.730049
20,36.812847,-76.098051
20,37.645828,-77.52223199999997
20,34.256541999999996,-118.435097
20,43.8717,-121.40181
20,30.283451,-97.765182
20,27.900398,-82.638931
20,34.086206,-118.218759
20,37.200414,-77.415929
20,35.53243300000001,-97.547562
20,36.09619,-86.65568
20,33.307813,-111.972346
20,45.067822,-93.250092
20,41.08426400000001,-73.459898
20,35.256681,-80.99016800000003
20,42.445316,-82.917564
20,37.676453,-122.117401
20,40.254005,-76.864456
20,44.907479,-122.98631
20,39.754257,-75.55317099999998
20,44.154741,-123.356649
20,47.528465,-122.266342
20,40.782089,-111.910988
20,27.416025,-80.38829
20,38.220987,-81.524213
20,41.41592,-112.05062
20,33.870016,-117.670663
20,37.534586,-77.528747
20,38.936623,-94.608696
20,27.458361,-82.57534799999998
20,29.548733,-82.49935
20,36.791762,-121.665612
20,35.1754,-89.835808
20,29.730641,-95.415712
20,30.236059,-93.19986
20,44.95560800000001,-93.270124
20,34.247145,-92.402013
20,38.891633,-77.069789
20,39.757839,-75.547409
20,39.282692,-76.549288
20,37.779268,-122.167229
20,32.837711,-117.126816
20,34.41305279715341,-119.6956050390258
20,40.735405,-73.974777
20,35.766232,-78.601967
20,28.319762,-82.32524000000002
20,32.458084,-80.734085
20,34.144762,-117.272837
20,35.19743,-80.716187
20,43.567045,-116.196202
20,42.978515,-121.826506
20,41.848846,-87.61335
20,34.836245,-82.62508000000003
20,32.864090000000004,-96.900468
20,33.912098,-84.20875500000002
20,33.880004,-79.77274
20,40.770439,-74.232376
20,38.795232,-120.885165
20,34.735039,-86.627296
20,37.764127,-122.16966
20,33.729749,-84.39257099999998
20,39.160843,-121.04129
20,38.641304,-121.457336
20,28.465192,-81.413143
20,34.579895,-117.826653
20,29.827749,-95.462112
20,26.124286,-80.217434
20,28.179812,-82.469425
20,34.454283000000004,-81.870922
20,39.82077,-84.28555
20,44.858868,-93.350571
20,37.651657,-122.098671
20,39.303326,-120.657272
20,25.77779,-80.32178499999998
20,30.267837,-97.77825
20,34.493629,-117.730593
20,45.449066,-122.578973
20,34.073019,-118.2194
20,35.40308800000001,-97.544594
20,32.911232,-96.895782
20,31.72049,-106.304901
20,37.623984,-120.61481
20,30.538595,-84.59530600000002
20,27.485423,-82.433718
20,32.8002,-97.21224
20,38.726683,-120.671127
20,37.74593,-121.361837
20,34.052376,-118.259346
20,39.40270200000001,-76.67738
20,39.553232,-76.158576
20,39.430161,-74.506233
20,43.950516,-88.583557
20,33.735683,-84.368202
20,41.600900888244624,-93.58492255166252
20,25.851563,-80.380522
20,36.100079,-95.904488
20,28.34277,-81.48385
20,46.284191,-114.181454
20,25.97948,-80.16581
20,33.858902,-118.28933700000002
20,32.726387,-96.762527
20,29.76762,-95.207069
20,46.781533,-105.31638
20,33.908505,-84.429777
20,29.926601,-90.113567
20,33.960155,-118.247437
20,32.308012,-81.05975699999998
20,32.792442,-96.685028
20,37.501732,-77.442913
20,33.873928,-117.589333
20,28.49897,-81.285423
20,33.226412,-86.807304
20,31.591566,-87.977838
20,38.553348,-121.436614
20,26.550040999999997,-80.070625
20,33.803928000000006,-84.38458100000003
20,45.525215,-122.662158
20,33.542185,-80.80041
20,45.434356927655045,-123.82476925790871
20,37.858828,-81.187786
20,42.986591,-83.66684000000002
20,38.793739,-90.565086
20,29.726184999999997,-95.461067
20,40.682549,-73.66282700000002
20,37.58408,-77.463379
20,33.770140000000005,-84.64537
20,28.25814500000001,-81.615963
20,32.683926,-96.814484
20,38.747888,-122.617566
20,40.48321366290816,-77.40450739823626
20,47.588306,-122.338463
20,43.032898,-89.264014
20,43.056683,-74.04486899999998
20,42.94948,-83.68214
20,27.791331,-82.73060799999998
20,32.821628999999994,-96.786118
20,38.662575,-120.938148
20,34.016628999999995,-117.912804
20,45.447274446270725,-123.84189248025967
20,33.868821000000004,-117.730125
20,37.342104,-93.329911
20,29.798317,-95.352316
20,26.117266,-80.35075400000002
20,34.241943,-116.978195
20,36.958447,-121.383614
20,43.59358,-116.381485
20,34.664639,-79.519882
20,42.419,-82.93413000000002
20,38.94907593708538,-94.5323431487344
20,34.412884000000005,-119.556017
20,44.50875900000001,-122.885345
20,45.002163,-93.230392
20,33.958559,-118.231222
20,33.498348,-82.806763
20,34.123455,-117.693504
20,43.998147,-92.299278
20,26.08022332,-80.36184669
20,42.919252,-85.623334
20,37.119308,-109.544884
20,45.13757,-93.47239
20,48.15212,-122.16159
20,30.088169,-81.855713
20,44.768115,-94.091102
20,41.484451,-81.69156600000002
20,39.058832,-94.489688
20,37.467312,-120.849052
20,28.690703999999997,-81.388649
20,44.480713,-93.291789
20,35.375489,-118.947486
20,46.810895,-122.296229
20,36.148811,-86.72040600000004
20,36.980862,-77.702426
20,42.462941,-92.775303
20,33.54673,-84.278481
20,26.165516,-80.159576
20,42.35992,-121.9915
20,26.057327,-80.16233299999998
20,26.426571000000006,-80.089849
20,40.733034,-74.166914
20,34.083290000000005,-118.22168700000002
20,37.94233300000001,-121.298645
20,27.971717119083532,-82.61013865431494
20,39.058536,-122.586217
20,32.070198,-81.20238499999998
20,33.851845000000004,-117.007645
20,27.93833,-82.32088399999998
20,30.559628000000004,-88.20264399999998
20,38.85151,-77.43279
20,32.911355,-96.735604
20,40.42499,-120.680994
20,40.792315,-77.86444300000002
20,33.39397,-111.684746
20,35.272781,-80.84671
20,42.953205,-83.83181
20,38.39106,-121.929932
20,30.39382,-91.159752
20,38.437644,-122.687383
20,26.355144,-80.118422
20,40.610931,-111.938782
20,42.02118400000001,-86.531552
20,39.687534,-75.003937
20,41.19098,-75.784908
20,34.023727,-117.550468
20,39.615154,-77.79196400000002
20,28.579883,-80.851288
20,35.125256,-80.916336
20,47.697725,-122.32846
20,25.870104,-80.20809200000002
20,33.462708,-112.206734
20,33.216946,-80.24427800000002
20,38.624771,-121.517227
20,45.604622,-122.549011
20,35.762015999999996,-119.053238
20,37.61293,-95.89705
20,30.233366,-81.385729
20,32.875963,-85.182949
20,35.745962,-78.592823
20,29.606138,-95.440948
20,33.967471999999994,-118.233185
20,43.000708,-76.60456500000002
20,32.647597999999995,-96.831772
20,40.267893,-105.353483
20,35.799506,-78.693839
20,43.092968,-75.746611
20,27.797333,-82.734325
20,33.226412,-86.807304
20,41.91582,-87.66803
20,33.940464,-84.50331899999998
20,34.0687,-117.839494
20,30.454748,-97.665588
20,34.023911,-118.189077
20,39.617069,-77.785576
20,39.21881,-76.69997
20,40.030929,-79.28869399999998
20,35.892975,-78.628098
20,37.547883,-79.666363
20,29.727999,-95.580292
20,39.93404746036561,-75.07742285692655
20,33.871157000000004,-98.538913
20,30.346176,-97.695786
20,33.457971,-111.834007
20,39.80217,-104.93567
20,28.128443956241004,-82.37629294356167
20,35.245468,-80.83635699999998
20,34.08745,-117.65527
20,39.45083,-74.53704
20,34.067828999999996,-118.031197
20,43.16325,-83.714699
20,34.144939,-118.212517
20,26.031019,-80.248862
20,35.28528400000001,-120.880267
20,30.439404,-91.195895
20,42.987362,-83.764374
20,35.724959999999996,-78.6511
20,33.861258,-117.989288
20,33.876568,-118.082283
20,36.802361,-80.848579
20,42.234882,-121.521362
20,33.582377,-112.010046
20,47.669449,-122.314156
20,40.607981,-74.136257
20,42.970013,-85.64469100000002
20,34.392544,-118.472767
20,29.744165,-95.361115
20,33.509169,-84.235038
20,32.96453118308561,-117.09017157498792
20,33.84895205481601,-117.81692147198764
20,34.806011,-82.282791
20,30.72568900000001,-86.567825
20,41.389904,-78.558582
20,32.843874,-117.175272
20,30.241,-97.736773
20,37.964161,-122.318367
20,30.306983,-97.940658
20,43.04143,-77.462148
20,37.786362,-121.863632
20,34.016342,-118.173187
20,33.982605,-84.542999
20,38.793362,-77.153195
20,30.308281,-97.756248
20,45.581501,-118.589806
20,45.417608,-122.574096
20,30.301909,-97.715283
20,33.748295,-117.832085
20,42.60489000000001,-73.71794
20,40.572102,-74.108032
20,40.53598,-74.576599
20,30.703514,-88.12305500000002
20,34.240082,-117.429932
20,44.50981,-123.108597
20,33.755421000000005,-84.349197
20,39.887728,-83.81218
20,36.080533,-119.040824
20,29.704826,-95.55146
20,33.905762,-117.559372
20,34.909197,-82.326918
20,40.009991,-75.207031
20,33.394875,-82.00531
20,37.56898,-77.478786
20,32.312202,-86.34944200000002
20,38.06231,-122.53377
20,37.901722,-121.467879
20,40.122633,-74.82059
20,41.640275,-88.012772
20,26.667366,-81.91940799999998
20,35.757458,-78.66523000000002
20,40.142019,-75.514815
20,36.85345530492376,-80.86294770202227
20,27.46247,-82.61603000000002
20,32.796165,-96.690735
20,39.42276,-119.751549
20,41.540981,-72.9515
20,32.763177,-96.807398
20,30.497271,-91.12751
20,39.486438,-76.245852
20,33.949198,-79.504193
20,26.350828000000003,-80.117874
20,36.325124,-86.873906
20,36.431409,-121.33644
20,40.201711,-123.894523
20,38.01701,-121.99112
20,44.861782,-93.278351
20,39.09768,-94.59917
20,32.872101,-96.953964
20,33.281310999999995,-84.043228
20,45.049386,-123.785639
20,33.93921,-117.13688
20,33.935681,-118.048858
20,37.026468,-76.331559
20,40.024145,-76.31604899999998
20,26.937548,-80.15682199999998
20,33.940718,-117.261216
20,34.065692999999996,-117.500366
20,25.761299,-80.36839300000003
20,33.87347800000001,-118.193481
20,32.47507,-111.23525
20,36.750289,-119.672606
20,28.373386,-81.5061
20,36.014462,-86.62043800000002
20,34.027641,-118.451575
20,43.061136,-88.442539
20,45.178341,-93.86869
20,28.510256,-81.39805600000003
20,39.818622999999995,-75.462784
20,32.465781,-93.719994
20,25.928859,-80.205578
20,34.208206,-86.494118
20,32.946139,-80.15480600000002
20,33.870016,-117.670663
20,33.1924116609898,-117.12310910169066
20,33.484257,-82.080956
20,42.046349,-88.267708
20,29.99036,-90.066806
20,37.905491,-122.069656
20,40.787018,-73.220512
20,40.368476,-78.77123900000002
20,32.91648,-96.74275
20,25.746445,-80.335723
20,25.7842361925803,-80.20175099334621
20,41.383224,-73.582382
20,42.928962,-73.343396
20,38.241962,-85.503845
20,32.689555,-96.828163
20,32.18666,-81.1983
20,29.606747,-95.205582
20,38.257526,-104.605629
20,30.226274,-97.753136
20,40.55654000000001,-74.31945
20,33.446171,-82.013428
20,27.337908,-82.463926
20,28.871731,-81.284233
20,40.111641,-74.88765699999998
20,34.233944,-118.843063
20,35.26555300000001,-80.884079
20,44.225072,-95.451588
20,37.679804,-122.058383
20,37.061579,-81.943588
20,44.77906107881174,-93.37802767709074
20,25.656594,-80.404609
20,26.030523,-80.16452
20,25.68635,-80.384293
20,34.038521,-118.281151
20,41.90561,-87.66119
20,32.775087,-96.810379
20,32.752998,-117.205041
20,40.748169,-73.759651
20,30.435326,-97.676407
20,37.927809,-122.041045
20,33.744927000000004,-84.39648199999998
20,29.267038,-82.193016
20,38.36328148823565,-122.71203875483172
20,43.156277,-77.680611
20,40.893289,-78.217753
20,28.613778999999997,-81.451675
20,29.916774,-90.120198
20,34.0243,-117.74054
20,25.928859,-80.205578
20,38.552582,-121.693946
20,33.360085,-84.76004
20,38.658131,-120.969048
20,44.8619,-93.29843
20,37.991779,-122.077913
20,35.187328,-80.735336
20,27.716923,-82.67885600000002
20,34.207895,-118.218673
20,41.313104,-81.814008
20,35.772419,-78.587273
20,38.558155,-121.386147
20,35.29203,-119.02935
20,33.963161,-78.847495
20,28.567046,-81.210233
20,33.60622287,-84.48590398
20,36.962538,-76.270034
20,26.509478,-81.859703
20,34.117496,-117.846329
20,30.444717,-84.27959399999997
20,40.71649,-73.81971999999998
20,34.796361,-92.384124
20,35.513744,-97.5466
20,32.758781,-117.005394
20,37.65256047,-77.4247849
20,33.51022124274487,-117.1241819852966
20,38.219116,-122.134071
20,41.120358,-73.375702
20,32.236255,-110.900664
20,38.563564,-121.492874
20,34.000071000000005,-118.409001
20,39.325507,-74.61533100000003
20,37.32383,-121.892059
20,41.79012,-85.84262199999998
20,33.621781,-84.402415
20,46.128639,-94.103668
20,35.18875900000001,-80.786751
20,36.964068,-121.407985
20,34.221405,-118.35981
20,43.430017,-121.715021
20,40.836812,-73.873711
20,33.887463000000004,-118.104279
20,33.778419,-84.390823
20,29.784142,-82.60799899999998
20,35.192347999999996,-80.698387
20,33.30682,-81.14466
20,38.105087,-121.701653
20,34.120842,-117.879792
20,45.11744856812898,-107.34066367098173
20,38.448988,-120.543309
20,32.855865,-96.864761
20,39.267622,-78.307489
20,40.315861,-74.247695
20,34.067464,-117.58678700000002
20,38.34568619709803,-85.75403094250795
20,44.54609,-119.86885
20,34.066311,-81.169563
20,25.8949,-80.20940999999998
20,39.718497,-111.731618
20,35.608077,-80.521322
20,34.014864,-118.168997
20,37.61121154,-77.4478519
20,33.912762,-118.326599
20,46.425979,-95.091058
20,25.884174,-80.323753
20,34.129378,-80.774294
20,33.690437,-117.174255
20,28.331335,-82.698959
20,38.404779,-121.385818
20,43.048401,-83.713516
20,34.207516,-112.753636
20,33.382011,-117.227783
20,41.11183,-80.83493
20,37.535469,-122.07518799999998
20,33.461413,-112.077855
20,36.143379,-86.793159
20,39.945092,-75.190764
20,42.94494,-78.7661
20,30.445534,-91.090698
20,43.143845,-77.732292
20,33.135899,-80.380898
20,38.80538,-90.80347
20,28.62532,-81.3865
20,38.880065,-77.0006
20,40.11479600000001,-75.285576
20,33.88618111594254,-118.03267836514456
20,28.552292,-81.459389
20,33.386732,-111.522635
20,37.63331,-122.39794
20,38.105086,-121.701656
20,40.702853999999995,-73.960342
20,38.64412,-121.38892
20,38.507263,-90.338051
20,40.894379,-74.07204499999997
20,41.07558,-77.57091899999998
20,29.495704999999997,-98.429466
20,36.946517228904014,-81.05010151824449
20,33.984165000000004,-118.072655
20,38.236272,-122.100403
20,26.71536,-80.08528000000003
20,36.224281,-86.815872
20,42.011723,-91.666687
20,31.580833196489426,-84.05170798261618
20,33.998648,-117.855002
20,40.171929,-121.080141
20,28.106608,-82.739688
20,35.26685300000001,-118.985352
20,40.763454,-74.024576
20,27.896808,-82.347561
20,37.777473,-122.236794
20,36.363949,-77.67286700000002
20,34.00293,-118.411255
20,30.3329,-89.5431
20,40.19335,-85.31775999999998
20,45.562809,-122.620399
20,34.03842,-81.0978
20,47.194436,-122.4622
20,28.519512,-82.567226
20,37.6794,-122.1267
20,36.589998,-119.502451
20,34.715958,-78.94823000000002
20,34.277621999999994,-118.604832
20,34.506374,-80.080039
20,42.992283,-83.73288000000002
20,34.141249,-80.49174000000002
20,33.391693,-117.174316
20,37.084492,-80.649925
20,32.888775,-86.624481
20,33.65426,-111.88724
20,47.302883,-122.256409
20,34.077465000000004,-117.467161
20,44.91066098191781,-117.81988263074008
20,37.789467,-122.255486
20,37.613823,-122.48704
20,36.556874,-121.911302
20,38.049972,-77.66171700000002
20,36.813034,-76.43162199999998
20,43.932293,-91.880196
20,34.269695,-118.1493
20,34.068233,-117.800385
20,43.68467688539655,-93.32863211587272
20,29.84573,-95.392952
20,33.770802,-117.985643
20,35.65182100000001,-117.723015
20,39.369827,-76.51371800000003
20,40.856276,-73.82629
20,27.662703000000004,-82.43433
20,39.756882,-84.202789
20,38.560071,-121.478187
20,30.300805,-81.558739
20,43.6315,-70.311272
20,44.186902,-116.98216200000002
20,44.98612761476046,-93.28857064202649
20,40.845031,-73.907555
20,39.308127,-76.946943
20,38.824029,-77.123948
20,30.569798,-87.031425
20,28.476908,-82.53295899999998
20,33.839742,-84.318262
20,39.955111,-74.20666
20,38.800331,-77.078018
20,36.865299,-121.733696
20,43.01851,-124.00102
20,41.792002,-85.83917
20,29.870106,-95.411758
20,34.06515,-117.807012
20,40.297981,-75.295998
20,34.188303999999995,-118.32398700000002
20,30.69297000000001,-88.029388
20,36.010509000000006,-83.841652
20,34.991032000000004,-82.020073
20,38.193275,-122.543607
20,33.993369,-118.403666
20,35.610081,-97.585793
20,38.580105,-77.323135
20,35.168259,-80.822563
20,34.087662,-80.959549
20,32.92453,-96.786148
20,33.917048,-118.080146
20,36.638587,-119.697349
20,40.099504,-75.294688
20,34.746741,-92.262936
20,33.821556,-84.2519
20,35.205104999999996,-113.29738600000002
20,38.05258900000001,-122.227448
20,27.443536,-82.46649599999998
20,37.990102,-122.528841
20,34.095539,-118.244049
20,37.577942,-121.970125
20,28.275132,-81.5999
20,45.100818,-93.300139
20,29.657618,-95.387527
20,34.681034000000004,-92.314287
20,38.174709,-121.262482
20,28.621642,-81.414863
20,41.238085,-73.847599
20,48.040865,-122.179252
20,47.382919,-122.297348
20,33.743262,-84.36775300000002
20,28.44567418084885,-81.47449135741483
20,35.731487,-78.64489
20,27.821121,-82.700017
20,44.971175,-93.202374
20,43.058315,-77.471161
20,34.116264,-109.915802
20,34.082486,-80.940845
20,43.001659,-89.200317
20,33.891068,-118.36132
20,40.52617100000001,-74.323915
20,43.382392,-124.283059
20,26.108595,-80.16875
20,37.476138,-122.202431
20,42.698806,-73.714523
20,39.957078,-75.155891
20,32.663282,-117.061401
20,38.882262,-77.023963
20,40.187256,-74.86644
20,38.357418,-77.47285699999998
20,33.422967,-111.969544
20,37.74365,-97.313761
20,41.845898,-87.983032
20,35.603901,-97.567154
20,43.85325,-70.11402
20,36.144456,-86.657022
20,39.73479,-105.01503
20,45.661567,-110.74613
20,37.690769,-122.391388
20,37.866753,-122.303642
20,39.92947,-76.926458
20,37.86535,-121.66726
20,43.10795,-88.0579
20,39.180382,-119.723846
20,37.271686,-76.656881
20,34.067409999999995,-117.535255
20,34.803482,-87.653244
20,37.632664,-120.974731
20,38.999845,-121.82457
20,34.01897,-117.506721
20,34.113923,-117.863809
20,25.929771,-80.204452
20,34.017065,-118.13893600000002
20,35.101659999999995,-83.26328000000002
20,36.006177,-95.899457
20,39.756544,-76.008146
20,40.667114,-73.995918
20,38.974915,-77.178658
20,34.321278,-117.390001
20,37.44449,-77.613514
20,35.237507,-80.875038
20,34.014385,-118.487091
20,34.704855,-81.214145
20,40.836418,-73.873695
20,30.405256,-97.715897
20,45.083544,-123.471101
20,47.255032,-122.436981
20,30.728485,-85.02005600000003
20,30.213888,-97.733592
20,37.492391,-77.535057
20,34.829223999999996,-82.681389
20,28.371540000000003,-81.404384
20,41.915302,-88.208809
20,41.83199000000001,-83.427739
20,45.673052,-120.830436
20,45.217394,-93.596778
20,26.260412,-80.133423
20,33.952248,-84.130081
20,32.737946,-96.823746
20,30.230549,-97.721176
20,30.435524,-84.28970799999998
20,30.467716,-87.22699200000002
20,30.458183,-91.118616
20,28.552329,-81.46176700000002
20,37.608451,-122.083035
20,45.560858,-122.563725
20,37.966377,-122.322815
20,34.762104,-82.283283
20,40.26870131473414,-74.50939536059137
20,41.57937,-87.60732
20,33.810186,-118.290254
20,45.55981,-122.25036
20,29.822115000000004,-95.56996
20,26.098257,-80.25148
20,33.571011,-86.817879
20,29.373533,-98.498055
20,40.691647,-73.999306
20,31.48885,-85.91355899999998
20,38.61725300000001,-121.336781
20,29.966293,-90.109509
20,35.076631,-89.97585600000002
20,28.40946,-81.424515
20,30.108559000000003,-95.435669
20,40.98672,-74.87224
20,37.811493,-121.577263
20,33.407661,-82.072823
20,39.397991,-76.684044
20,39.081619,-78.215614
20,38.061168,-78.187949
20,29.67085100000001,-95.46183
20,25.748028,-80.320137
20,44.968025,-93.40058
20,30.422232,-84.280647
20,42.98548,-71.47114
20,47.609212,-122.334272
20,26.431261,-81.788788
20,43.092308,-75.899502
20,37.862723,-122.209518
20,43.09222000000001,-75.227295
20,33.988417,-117.904633
20,34.562528,-81.93531800000002
20,35.214893,-80.774879
20,33.444882,-86.727265
20,42.214493,-83.221062
20,27.964518,-82.42598000000002
20,35.796592,-78.539939
20,44.89065,-122.99451
20,44.10282,-121.29924
20,33.40997,-117.60068
20,39.020165204815775,-76.9582307335045
20,40.734882,-74.12369
20,30.0405,-95.42978
20,29.671194,-95.570259
20,42.125599,-72.626221
20,41.059193,-73.829185
20,39.38178900000001,-76.737413
20,37.701073,-121.844093
20,33.408640000000005,-112.3922
20,35.845123,-78.579895
20,25.806433,-80.205731
20,33.59885,-117.87188
20,34.686363,-82.40011
20,40.726007222935074,-112.16269612258832
20,37.858452,-122.483075
20,33.38563,-111.95325
20,28.344234000000004,-81.37309300000003
20,37.426376,-121.916611
20,28.695662,-81.780472
20,40.040744,-77.493532
20,39.98677100000001,-75.207504
20,47.38629,-122.29004
20,25.447845,-80.477173
20,30.514425,-91.168529
20,35.3483,-79.762986
20,35.559305,-82.639556
20,42.014545,-71.044037
20,40.40847,-103.007699
20,37.890944,-122.060525
20,29.984055,-90.102148
20,40.217484000000006,-76.4503
20,35.0628,-80.79671
20,34.892509000000004,-82.28987099999998
20,41.696247,-92.552361
20,39.412838,-76.789803
20,33.941669,-117.874451
20,38.910952,-77.481646
20,41.227601,-73.16284
20,39.9618,-76.724579
20,34.031321999999996,-118.433723
20,33.16938,-87.503914
20,40.44163,-79.83648000000002
20,28.5327,-81.52565
20,47.23849000000001,-122.41609
20,35.207637,-80.84025600000002
20,37.056961,-121.009259
20,35.215412,-80.876785
20,41.859348,-88.067284
20,30.501467,-88.11604200000002
20,33.788246,-118.096428
20,37.39526400000001,-122.068669
20,38.114940999999995,-121.497803
20,37.76107800000001,-121.96162
20,39.169768,-76.731101
20,36.102183,-86.763434
20,45.736039,-93.952574
20,35.352366,-119.015255
20,46.6746532914797,-113.16567063277644
20,36.835407,-76.152077
20,38.703597,-77.87439599999998
20,43.22557000000001,-71.50198
20,32.775539,-86.545753
20,37.575053999999994,-122.046898
20,38.782628,-90.505059
20,34.047822,-118.266564
20,38.653737,-121.354548
20,47.549778,-122.315048
20,25.89622300000001,-80.279575
20,34.120533,-117.904878
20,33.854015000000004,-84.358078
20,36.269605,-119.63696000000002
20,29.904751,-95.470222
20,25.889374,-80.20903
20,34.019502,-118.17589
20,37.884541,-122.308868
20,35.85460066778252,-80.09611487350419
20,28.103411,-82.73990500000002
20,35.48178,-119.296361
20,32.73999,-96.795357
20,37.26033568364496,-80.16806244811931
20,40.644401,-111.930746
20,29.730684000000004,-95.485031
20,40.845142,-73.92654399999998
20,45.317025,-93.560536
20,41.113973,-112.013741
20,32.790665999999995,-80.724918
20,33.140526,-117.183601
20,34.069351,-118.4636
20,34.153824,-118.466202
20,32.173921,-110.910966
20,30.44100165352611,-91.35523438410112
20,36.846668,-76.196434
20,44.16056,-121.25876
20,34.156307,-118.264366
20,38.596097,-121.443976
20,25.640827,-80.335447
20,33.747236,-84.386923
20,34.270552,-119.273722
20,28.019514,-82.756149
20,35.964328,-78.458648
20,25.905825,-80.158722
20,40.389568,-111.834351
20,40.860187,-124.158283
20,35.334114,-97.535988
20,28.193903,-82.595467
20,38.525859999999994,-123.088173
20,45.490962266705075,-122.79138922632794
20,41.561505,-74.169742
20,43.00545,-83.5159
20,29.62326,-95.228531
20,35.53688,-97.590248
20,45.912215,-112.355435
20,29.737913,-95.476601
20,47.46777,-122.217903
20,40.05139946918463,-111.73710465377933
20,30.30798,-97.673996
20,26.73828300000001,-81.913948
20,34.004112,-117.55016299999998
20,33.75095,-84.44467900000002
20,38.834498,-77.218172
20,38.59835800000001,-121.417169
20,39.971806,-78.894307
20,33.924877,-118.104156
20,40.296938,-75.281525
20,37.372645,-121.923447
20,35.119446,-82.159935
20,28.332822,-81.491104
20,42.5683629510757,-113.7914836401282
20,30.28507,-97.742867
20,42.954765,-76.98155200000002
20,36.935188,-121.743284
20,38.260048,-122.060493
20,35.981178,-83.937935
20,39.325851,-76.526609
20,38.455463,-121.503273
20,33.940717,-117.261436
20,40.158951,-80.119085
20,35.351679,-80.841036
20,38.392703999999995,-78.810509
20,26.06448,-80.25206999999997
20,32.925304,-96.803658
20,31.879491,-106.440851
20,34.019025,-117.530375
20,35.799801,-78.625069
20,32.89351,-96.700288
20,42.24534,-83.31713
20,39.762589,-84.14880600000002
20,45.033962,-123.457054
20,39.825809,-85.638542
20,35.473446,-80.785133
20,34.047708,-118.447121
20,33.80773186667534,-84.41713213880341
20,28.606688,-81.386452
20,34.070602,-117.864944
20,36.29623,-78.40561
20,47.610626,-122.345474
20,40.742981,-73.830185
20,43.468442,-70.514877
20,33.177128,-117.351196
20,30.4373,-90.460876
20,36.857867,-82.75607
20,33.920078000000004,-84.378998
20,47.616749,-122.188667
20,42.687182,-122.606926
20,30.388874,-91.170242
20,39.95752,-75.160645
20,40.288568,-75.364823
20,38.908407,-120.850369
20,40.142242,-75.3898
20,27.295021,-82.451714
20,37.004917,-81.09803000000002
20,38.210117,-122.147789
20,30.44055104241161,-91.17795109705364
20,36.845036,-76.284019
20,25.762348,-80.320892
20,41.93565200000001,-79.59522700000002
20,38.80629,-94.675044
20,34.499098062350754,-82.99865126570225
20,34.321571,-118.497025
20,42.36093163,-83.21631789
20,41.777872,-87.63006800000002
20,39.959144,-75.579949
20,32.713122999999996,-117.137451
20,41.669481,-72.84429300000002
20,35.221981,-80.75282299999998
20,37.955119,-78.14907600000002
20,35.790455,-78.716652
20,39.340077,-77.061828
20,39.47112,-80.12358
20,42.989155,-83.653442
20,34.025452,-118.206039
20,32.33021,-90.161954
20,35.92253565771139,-78.54358792267541
20,36.153225,-86.84478
20,40.977838,-111.883253
20,35.33850200000001,-119.03946
20,34.028492,-118.228775
20,36.53716,-78.18932
20,48.18751500000001,-122.202255
20,42.277233,-83.156525
20,40.24008900000001,-75.29280899999998
20,39.284909000000006,-77.327474
20,40.789917,-76.558645
20,32.860122,-96.858267
20,35.278556,-80.793544
20,35.6668,-82.99215
20,33.185589,-117.233543
20,39.69828,-105.2341
20,33.947158,-118.279325
20,40.669744,-121.443043
20,41.835411,-87.630585
20,36.259779,-86.679076
20,33.766697,-118.209486
20,34.106239,-117.532013
20,45.705246,-120.300412
20,37.211892,-77.297354
20,42.520378,-84.443211
20,37.690517,-122.078224
20,42.751942,-73.719902
20,36.158497,-86.777138
20,34.31955,-117.480957
20,40.7014,-73.98862
20,37.069419,-120.191398
20,33.811491,-84.371706
20,39.20653,-105.99493
20,37.436513,-120.776602
20,41.854784,-71.882103
20,45.407348,-116.33074
20,39.123078,-75.716116
20,37.850284,-77.45474399999998
20,32.752559999999995,-96.770897
20,34.331913,-81.531044
20,35.706753000000006,-118.458749
20,37.035644,-119.510131
20,34.246169,-85.49280999999998
20,38.841692,-94.833522
20,47.119049,-122.134743
20,42.86489,-85.8711
20,44.966019,-93.266754
20,34.038691,-118.177212
20,35.007147,-85.310905
20,45.374531,-122.58754
20,39.344305,-77.07699699999998
20,34.200615,-118.339561
20,33.929495,-118.05168700000002
20,39.79834,-104.93092
20,33.137207000000004,-117.163536
20,38.494705,-122.027634
20,34.007952,-118.159701
20,33.811188,-116.379066
20,32.506423999999996,-111.269119
20,33.992911,-117.869909
20,38.560821,-121.471808
20,34.054199,-118.203194
20,42.38334,-83.21757
20,28.309753000000004,-82.699901
20,29.621843,-95.570557
20,34.617794,-118.715675
20,36.153956651515216,-86.7573058601057
20,39.071564,-94.521645
20,41.012775,-76.49029499999997
20,34.976227,-78.856789
20,30.23741126046068,-82.73594498594886
20,28.542457,-81.38218
20,39.992706,-75.284622
20,43.82657647111975,-93.28865647271492
20,39.72565055,-105.01527429
20,37.739335,-121.59082
20,29.694763,-95.404778
20,35.84713,-78.5746
20,34.303421,-118.479546
20,39.745386,-84.183009
20,28.181976,-81.744141
20,38.424736,-77.419527
20,34.06734,-117.55786
20,41.30617976,-72.91440368
20,30.270681,-97.692253
20,39.349163,-76.745705
20,28.384088,-81.505955
20,35.104735999999995,-89.86999499999996
20,40.091549,-76.129532
20,35.45950300000001,-97.724716
20,28.55168,-81.52220200000002
20,42.23822,-71.02365
20,37.248173,-121.831288
20,32.744932,-96.815622
20,39.176433,-94.562359
20,41.981163,-88.06884000000002
20,30.676277,-88.127258
20,27.345028000000006,-82.54470500000002
20,29.964641,-90.072966
20,28.601649,-81.319078
20,32.843174,-117.131775
20,37.644605,-122.093828
20,30.44251,-88.72091999999998
20,37.307339,-76.467616
20,41.301671,-72.909444
20,30.330366,-97.870232
20,32.832371,-83.732956
20,43.175356,-83.863309
20,45.544016,-122.675496
20,29.61215,-95.464943
20,33.888818,-118.29256399999998
20,34.067165,-117.981392
20,42.46011,-88.99521
20,35.126997,-118.411273
20,34.145247999999995,-117.284157
20,32.874629999999996,-96.682442
20,39.40303,-77.43989
20,43.68034,-92.9673
20,41.866104,-88.108223
20,26.62787800000001,-80.067314
20,38.328899,-122.657402
20,28.295792,-80.748277
20,42.821186,-83.78253199999997
20,34.055308000000004,-117.409467
20,30.251431,-97.59568
20,36.743649,-119.809891
20,33.987424,-117.88931
20,35.012301,-117.648847
20,44.951203,-93.025227
20,38.462616,-121.837321
20,33.846844,-86.826782
20,29.565790000000003,-95.06646
20,34.260269,-118.438759
20,38.33427,-77.49749
20,42.501443,-73.55788100000002
20,37.595894,-77.46642299999998
20,30.443540999999996,-91.17849
20,38.476047,-121.424859
20,33.99688,-78.23494699999998
20,36.678149,-79.774001
20,38.92368,-75.95823
20,45.817401,-92.983405
20,30.321743,-97.72583
20,41.283138,-95.980591
20,33.604992,-117.691392
20,33.877019,-118.142686
20,34.142417,-117.25248700000002
20,34.72331,-83.02971600000002
20,41.758526,-87.625824
20,38.670578000000006,-77.253006
20,41.048706,-102.071114
20,40.077583,-76.765411
20,44.072745,-117.002257
20,34.564116999999996,-81.503036
20,28.447071,-81.47086800000002
20,44.445887,-93.942021
20,34.13763400000001,-118.362938
20,37.844582,-122.297729
20,28.037163,-81.201678
20,44.906815,-94.193744
20,33.036784999999995,-116.878075
20,45.06652951,-93.16963077
20,36.780163,-119.78451499999998
20,34.75635,-86.72849000000002
20,30.069077000000004,-95.243736
20,35.132256,-85.239805
20,34.346478000000005,-83.31875600000002
20,37.037602,-78.213707
20,30.407841,-97.678215
20,40.055733,-81.229309
20,34.293327000000005,-81.54592099999998
20,34.186651,-118.474942
20,38.918869,-76.932182
20,47.614113,-122.315536
20,36.992887,-122.019449
20,28.004955,-82.307692
20,38.11512800000001,-85.701584
20,41.28701,-72.925304
20,37.185796,-120.488197
20,47.5957,-122.32099
20,41.469204,-124.040808
20,34.737179,-86.589851
20,26.759959999999996,-80.11614200000002
20,46.096018,-123.109545
20,35.21086500000001,-80.856522
20,32.334889000000004,-86.331661
20,33.856334999999994,-117.978722
20,42.02572,-87.82953
20,28.873021,-81.28370600000002
20,39.941265,-77.62240600000001
20,44.943146,-93.274513
20,33.873356,-117.696854
20,28.488234999999996,-82.650314
20,35.894806,-78.620323
20,40.713413,-73.823975
20,45.93783974625618,-94.35473799660512
20,35.108955,-85.230852
20,47.632197999999995,-122.187233
20,38.25824,-85.74101999999998
20,38.014149,-121.996979
20,29.684552000000004,-95.316597
20,34.19924,-118.33798
20,34.034439,-117.981171
20,37.5107,-121.937271
20,30.180412,-97.750511
20,38.22126,-79.15361800000002
20,28.425613,-81.397705
20,42.34584,-122.87502
20,33.782738,-118.207748
20,37.2612,-119.701462
20,34.49811500000001,-117.738426
20,33.784042,-117.215187
20,45.47328,-123.844251
20,40.768449,-73.865812
20,37.204276,-121.895668
20,38.018738,-121.94288600000002
20,38.673157,-121.631393
20,40.735766,-73.858215
20,34.06776,-80.922546
20,39.20363,-76.63618000000002
20,34.58408,-118.127731
20,32.809172,-117.217989
20,34.710715,-92.343388
20,28.508957,-81.40928000000002
20,42.5223791597246,-83.74771714170576
20,28.528877,-81.459391
20,37.316659,-121.82997
20,45.544155835888176,-122.87322878778994
20,34.068695,-117.839516
20,28.03327,-82.45484
20,40.841496,-73.888535
20,37.033487,-76.342999
20,37.731467,-120.950239
20,35.57283,-82.7761
20,40.7248,-73.68489
20,33.788634,-84.39149
20,39.022949,-77.475502
20,36.18259000000001,-86.845688
20,37.673302,-77.448189
20,29.900461,-82.437855
20,32.842087,-117.119644
20,36.046478,-78.81385
20,29.73654,-95.369
20,40.67392,-121.441846
20,35.4643,-97.68905
20,34.119845,-117.71062
20,34.08913,-118.237527
20,25.745999,-80.391991
20,32.577174,-80.743222
20,34.029351,-118.226145
20,37.99227833729748,-87.5384724135993
20,33.559952,-80.203438
20,42.413437,-83.21901700000002
20,34.047626,-117.307648
20,33.95619600000001,-81.236304
20,28.357135999999997,-80.69207
20,35.314049,-80.810928
20,33.713436,-84.239838
20,41.569767,-87.403175
20,43.194198,-77.62678199999998
20,35.73856,-78.865234
20,33.990218,-117.350519
20,35.84027899999999,-78.579604
20,36.994362,-121.717926
20,34.858375,-82.335155
20,39.081951,-94.49041
20,41.910336,-87.946075
20,25.447701,-80.501592
20,38.417017,-121.932664
20,29.522219,-98.394287
20,29.768263,-95.26532
20,37.36349000000001,-121.897819
20,27.952971999999995,-81.8702
20,38.78737,-90.536409
20,40.72567,-112.204545
20,34.067348241643586,-117.43072628918918
20,32.759934,-97.189505
20,25.675793,-80.367929
20,25.866974,-80.322563
20,40.845345,-73.91350600000001
20,35.363552,-88.943945
20,42.890625,-78.88999
20,42.855042,-83.794632
20,33.462059,-112.461487
20,37.367962,-121.846008
20,32.126125,-81.389341
20,34.152,-118.132477
20,35.261390999999996,-80.846191
20,33.41581,-110.829411
20,32.911968,-96.879075
20,30.698788,-86.751297
20,36.435075,-121.339761
20,44.289777,-121.416268
20,34.81432,-82.33424000000002
20,33.755196000000005,-117.851944
20,38.934383,-94.421006
20,35.45540214,-78.39166759999998
20,37.449505,-122.123795
20,32.654270000000004,-96.877983
20,41.685432,-88.067528
20,33.769212,-84.537501
20,35.383236,-120.630113
20,40.69673,-73.981009
20,30.282409,-87.514455
20,40.829226,-77.805465
20,35.116946,-118.492662
20,40.45571,-74.42477
20,28.357449,-81.495717
20,25.809944,-80.38630699999999
20,36.18054270727071,-119.3285071844133
20,37.807184457598645,-122.47527480067026
20,36.2419545648754,-86.74990296322464
20,48.183407,-124.21621299999998
20,45.443474,-93.584106
20,26.520138,-80.072731
20,40.772155,-73.833727
20,34.034490000000005,-118.17702
20,39.146962,-78.16886099999998
20,32.88376450522955,-117.11645722333375
20,33.673061,-112.11261
20,47.572394,-122.360525
20,34.055008,-118.239357
20,38.702351,-121.365629
20,32.763870000000004,-117.160454
20,34.029948,-118.442055
20,35.006307,-85.207548
20,30.663343,-87.85221899999998
20,32.843136,-96.772782
20,38.502298,-121.436569
20,30.060385,-81.498008
20,41.680267,-86.893887
20,28.069267,-82.45458199999999
20,40.621679,-74.30918199999998
20,40.224811,-75.45330200000002
20,41.061243,-73.51020600000003
20,44.910532,-93.525377
20,40.631293,-111.976576
20,37.817835,-122.270352
20,33.76006,-117.86267
20,37.318287,-121.831551
20,30.418356,-91.11335
20,44.00969,-92.377894
20,29.731711,-95.41063
20,37.075668,-121.987274
20,36.086285,-79.840576
20,30.162235,-97.789093
20,39.969875,-76.781166
20,25.933377,-80.252689
20,38.603195,-121.435455
20,42.325321,-83.627851
20,39.736561,-121.819733
20,30.376937,-86.342606
20,42.821501,-84.818184
20,38.118697999999995,-121.257294
20,32.647095,-117.093452
20,35.082025,-84.819331
20,41.12039924,-73.37404847
20,38.671507,-120.566459
20,33.867385999999996,-80.358253
20,40.872892,-78.331911
20,34.060381,-118.249091
20,39.243431,-94.507423
20,37.595177,-122.058296
20,43.029984000000006,-73.790806
20,30.231473,-97.735737
20,34.05355,-118.205562
20,33.873253000000005,-118.06015
20,34.017208000000004,-117.817284
20,35.202736,-80.734573
20,33.815781,-118.185959
20,30.177141,-97.778931
20,35.79210300000001,-78.745132
20,33.194114,-117.259883
20,38.709507,-121.085358
20,42.41061,-123.426643
20,46.545232,-112.85156200000002
20,40.644917,-111.939163
20,27.841727,-82.795227
20,42.340466,-71.06308
20,28.049887,-80.549076
20,35.83617800000001,-79.04454
20,30.171335,-97.613533
20,39.840145,-85.554764
20,40.66764000000001,-73.99632
20,37.499616,-79.06750100000002
20,36.12786,-80.29113000000002
20,41.043755,-73.835228
20,35.03087,-81.94906800000003
20,40.348937,-76.931568
20,33.502410999999995,-84.427399
20,47.501551,-122.276673
20,34.019622999999996,-118.279121
20,33.64539,-85.503059
20,25.75226,-80.20497900000002
20,39.012974,-122.384594
20,33.61253,-81.804916
20,33.7843,-117.88031
20,47.59042700000001,-122.249347
20,33.762344,-116.30921200000002
20,45.227003,-122.813631
20,37.653507,-77.621063
20,31.237989,-85.5242
20,40.2188551424016,-78.81528496704665
20,37.711235,-121.929922
20,37.256067,-121.871035
20,32.902326,-96.721063
20,33.847051,-117.252934
20,39.316533,-76.744805
20,30.439599,-97.698065
20,38.139973,-121.623758
20,34.044825,-118.216047
20,28.479227,-81.28788
20,33.670877000000004,-84.333451
20,33.939781,-117.226274
20,42.392017,-71.069288
20,30.543467,-91.176765
20,28.45258,-82.58742
20,30.264619,-82.100175
20,35.672871,-81.220505
20,44.25423,-94.926781
20,30.658668,-87.890625
20,36.566444,-121.912909
20,40.581367,-77.616359
20,28.181976,-81.744141
20,35.06472,-80.770088
20,37.650804,-119.007411
20,41.95184,-87.72775
20,32.463709,-110.926783
20,40.820971,-73.95881800000002
20,36.08902,-95.97575
20,28.472253,-81.427973
20,30.4411089418867,-97.52223372412908
20,34.87616,-82.364662
20,38.917361497693456,-76.91774010621587
20,45.544708,-122.676262
20,37.6984798906436,-121.941300629988
20,34.150162,-118.073345
20,33.643301,-117.916727
20,33.84705,-117.831993
20,39.753336,-121.927416
20,39.937519,-79.236547
20,34.010933,-117.732697
20,37.70160300000001,-121.874832
20,41.195,-73.686195
20,34.499653,-118.382042
20,35.781045,-121.329571
20,29.767473,-95.397049
20,33.497547,-80.93441800000002
20,33.908617,-81.217044
20,28.447532,-81.401501
20,38.53868,-121.51269
20,37.78816,-122.38858
20,35.23057199999999,-80.844925
20,36.056757,-79.890851
20,39.573936,-119.808563
20,39.98391509037025,-76.7301571365512
20,36.777177,-121.713105
20,34.071671,-118.134361
20,33.047808408579606,-117.07279086057152
20,32.770099,-96.724154
20,30.52301287636508,-81.63555264434035
20,38.643002,-121.526352
20,25.829468,-80.322085
20,33.73741500000001,-84.230576
20,38.630802,-121.216919
20,40.541721,-74.506889
20,40.275784,-111.71904
20,35.093391,-106.633232
20,45.65144419648336,-110.94295620865373
20,45.20109,-93.344469
20,33.998871,-117.853668
20,34.377811,-118.493652
20,37.737206,-122.402557
20,32.729801,-97.32061
20,39.86824,-75.34120899999998
20,26.4821,-81.78519399999998
20,38.258133,-85.72303000000002
20,45.3121,-94.34353
20,35.804569,-78.646111
20,35.624656,-119.689703
20,34.03553400000001,-118.169891
20,46.892522,-98.477001
20,34.86587100000001,-82.463689
20,35.695011,-78.575211
20,38.81766500000001,-77.18881999999998
20,35.565559,-97.574669
20,34.992313,-81.267868
20,26.093142,-80.22694399999997
20,34.671746,-92.417839
20,37.20768,-121.98973
20,45.095669,-93.449074
20,44.814379,-94.375659
20,30.517221000000006,-91.138233
20,28.011892,-82.789777
20,40.580582,-111.890778
20,33.627998,-81.678802
20,33.868190999999996,-117.728325
20,38.288019,-121.310214
20,38.956768,-76.71706400000002
20,33.88178,-117.51412
20,37.233031,-82.28428000000002
20,32.6936,-117.095039
20,33.799042,-110.506729
20,34.080181,-118.376554
20,39.022762,-77.424824
20,33.931928000000006,-117.660323
20,39.011696,-78.363922
20,37.346328,-121.84242
20,27.996281,-81.977036
20,30.211174,-82.811981
20,34.072326000000004,-118.21915
20,33.932297,-116.987267
20,37.574856,-77.414314
20,25.964096,-80.16555799999998
20,30.291445,-81.636818
20,29.497003999999997,-82.294739
20,47.184699,-122.463848
20,46.810396,-122.296321
20,36.162402,-86.778085
20,34.181412,-82.10198199999998
20,38.868921,-76.844685
20,29.669153,-95.262543
20,47.951865999999995,-122.101395
20,33.813633,-84.366722
20,32.84506,-79.98482
20,34.316471,-80.114365
20,33.448710999999996,-82.117767
20,32.768615999999994,-117.129654
20,40.74568,-73.76843000000002
20,33.949703,-118.170532
20,40.515979,-74.301363
20,35.728491,-79.684464
20,29.718421999999997,-95.320831
20,34.078122,-117.296306
20,40.84487100000001,-73.92049300000002
20,42.815632,-73.766856
20,42.667645,-73.79542099999998
20,34.01593,-118.173027
20,37.899883,-122.516037
20,33.849655,-118.275402
20,33.935340000000004,-118.368791
20,40.08421,-82.90679
20,34.02871,-84.57507
20,37.275248765767685,-121.94621443690323
20,32.730146999999995,-96.857063
20,42.932564,-78.76619000000002
20,33.812283,-118.295876
20,37.580254,-120.9478
20,32.282354999999995,-95.306979
20,32.694953999999996,-117.133865
20,32.900307,-96.71769
20,38.174709,-121.262482
20,38.67844,-121.225563
20,39.004715,-77.434669
20,34.032878000000004,-118.181521
20,26.076459,-80.168604
20,34.039260999999996,-81.093864
20,25.972419977064263,-80.21486163101093
20,25.718063,-80.318344
20,32.71546,-117.12329
20,33.825424,-84.489326
20,37.924908,-122.057625
20,30.240879,-97.737
20,34.023967999999996,-117.335342
20,33.38579,-111.917205
20,44.94842,-92.9094
20,32.706094,-117.147727
20,37.992344,-121.252722
20,28.860187,-82.091539
20,39.361099,-74.435364
20,35.772831,-78.636871
20,37.413932,-77.044321
20,36.120685,-95.863638
20,25.62705,-80.39022299999998
20,36.967157,-76.296953
20,27.215191,-80.400871
20,34.272865,-84.811226
20,34.290869,-114.100885
20,29.802165999999996,-95.372612
20,37.545887,-77.47066600000002
20,42.886897999999995,-85.490379
20,33.990482,-117.924339
20,40.66721,-73.780998
20,37.723862,-76.48204
20,30.343969,-97.714958
20,38.664146,-121.235008
20,33.854557,-117.790454
20,33.334846,-111.963112
20,35.473874,-119.074678
20,40.689381,-73.81793
20,35.908813,-78.785286
20,35.02303,-120.496164
20,40.04705,-74.83194
20,27.7502,-82.678101
20,37.4030292,-122.04691529
20,45.053483,-122.970432
20,40.719862,-73.83366
20,39.408098,-76.667307
20,45.66339,-110.795663
20,38.197206,-121.069629
20,35.728495,-78.553997
20,33.448710999999996,-82.117767
20,34.659199,-82.088409
20,40.33338,-75.45351
20,35.549014,-82.885316
20,40.925113,-74.942842
20,35.310383,-119.003006
20,38.53877,-121.37096
20,35.630457,-78.566271
20,42.667645,-73.79542099999998
20,36.870035,-119.310211
20,43.172771,-77.61261
20,37.50808,-121.96557
20,41.89314,-87.63709
20,36.08983,-95.931182
20,34.01336,-81.14403
20,39.044585,-121.101931
20,25.784821,-80.239403
20,34.79446,-82.41945600000003
20,28.552392,-81.448734
20,32.82309,-96.629593
20,26.326364278667803,-81.74882769545674
20,38.580955,-121.304139
20,38.843708,-94.529382
20,32.394287,-86.211403
20,32.824917,-117.117172
20,40.82674,-73.85438
20,47.910501,-116.844008
20,38.391382,-78.91351800000002
20,45.51536,-117.930949
20,33.069145,-87.56955699999996
20,37.331714,-77.443359
20,33.256505727609365,-80.47389864883195
20,38.026318,-121.94194
20,44.895721,-93.247345
20,30.421381,-97.619247
20,42.941502,-85.667358
20,34.03702,-118.28867
20,30.39764000000001,-97.928894
20,34.190149,-118.131299
20,33.250858,-96.618919
20,42.941502,-85.667358
20,36.863029,-76.306084
20,32.257882,-110.899017
20,32.686977,-96.822914
20,43.98869000000001,-117.02975
20,45.174371,-117.977971
20,40.10687,-74.89535
20,27.756321000000003,-82.63844300000002
20,38.24118733387832,-121.5424239629672
20,39.952588,-83.121362
20,33.875896000000004,-118.16858700000002
20,36.51321400000001,-121.437653
20,34.144729,-81.235061
20,37.624552,-121.756743
20,38.521598,-121.455353
20,40.380072,-111.824564
20,35.388112,-118.982867
20,40.845262,-73.927777
20,34.068695,-117.839516
20,36.046349,-95.965057
20,45.74688,-123.19484
20,44.29864,-88.425861
20,41.794476,-87.631599
20,35.725287,-78.023098
20,36.966322,-120.128457
20,34.024277000000005,-79.993385
20,42.396065,-82.988129
20,40.574994,-77.774072
20,40.06031,-75.32554
20,26.233833,-80.296509
20,42.205711,-71.064911
20,37.801848,-77.47252399999998
20,37.634087,-122.408999
20,26.071017,-80.166667
20,40.701749,-77.541291
20,44.42145,-121.87819
20,45.716099,-94.993518
20,33.764353,-85.89188100000001
20,40.50777,-111.982602
20,32.81385,-96.839905
20,35.213909,-80.837456
20,43.112129,-75.205299
20,34.035877,-118.151372
20,38.993655,-122.526265
20,29.76315,-95.35005
20,37.158287,-122.170707
20,38.825237,-121.013437
20,34.150169,-77.903366
20,35.75302,-78.649693
20,43.257868,-123.216385
20,45.762702,-120.12839
20,30.479382,-97.80336
20,32.700928000000005,-96.753098
20,43.206406,-77.67596800000003
20,40.820919,-73.88906899999998
20,36.109634,-86.72157299999998
20,37.397372,-120.75956399999998
20,25.869202,-80.20865400000002
20,36.148019,-95.837969
20,28.389549,-81.369568
20,36.772327,-76.256546
20,37.316101,-121.938744
20,33.38612,-111.794879
20,34.20529961569688,-79.91833805999795
20,25.885611,-80.164811
20,35.302509,-80.729248
20,40.048418,-75.310402
20,37.99977,-122.03811
20,40.01228,-95.080951
20,35.20625,-80.79549
20,30.17499500000001,-92.070824
20,34.145222,-117.277191
20,42.964386,-83.928841
20,39.564408,-104.969065
20,36.990669,-118.233656
20,44.63038086869893,-117.51996874753227
20,34.207661,-118.21743
20,40.060101,-76.32003
20,33.856152,-117.99791
20,34.878341999999996,-82.414909
20,41.906789,-87.918253
20,42.98444,-85.62514499999997
20,45.61306,-122.67807
20,35.728039,-78.55326099999998
20,34.036308,-117.991089
20,43.484555,-112.062878
20,40.776207,-74.041756
20,40.71834000000001,-111.88826
20,34.316029,-117.496048
20,40.728387,-73.88418
20,29.7981,-95.484917
20,34.244816,-118.422333
20,37.11983,-121.976062
20,35.303413,-80.875252
20,38.597907,-121.504506
20,39.180382,-119.723846
20,32.882181,-96.898168
20,44.978114,-73.456066
20,34.044304,-118.271858
20,40.92144,-74.074272
20,37.204891,-76.574577
20,41.213203,-73.088036
20,40.80416500000001,-73.931038
20,38.906942,-78.007056
20,28.355049,-81.67704
20,47.63232,-122.359688
20,39.268281,-121.001525
20,30.229228999999997,-97.888298
20,38.692295,-122.962418
20,33.963641,-117.324886
20,34.494544,-119.799832
20,45.298409,-93.7995
20,40.73897,-74.216727
20,29.14092,-82.058113
20,32.357764,-95.344651
20,32.661369,-97.281418
20,39.79813,-84.24479699999998
20,27.93782,-82.295502
20,32.337481,-111.047913
20,38.852384,-76.956048
20,44.06988501527753,-121.306432485002
20,32.744701,-117.109909
20,34.066990000000004,-117.452721
20,37.91092800000001,-121.619958
20,47.463097,-122.264404
20,41.80996,-88.06919
20,32.797096,-117.149673
20,30.318871,-87.424187
20,40.130634,-75.208763
20,34.018324,-117.524248
20,40.62909000000001,-73.88799
20,33.822174,-84.252563
20,44.894875,-70.556519
20,35.021992,-82.02671099999998
20,41.396196,-122.380345
20,33.870728,-117.744682
20,34.015976,-118.16179
20,38.878574,-77.26709699999998
20,40.729524,-73.840373
20,35.82870300000001,-78.619692
20,40.742164,-73.897143
20,33.988129,-118.399269
20,32.759648,-97.082247
20,34.071401,-117.612779
20,39.889338,-104.987686
20,33.581978,-112.109619
20,33.545029,-81.882568
20,25.91058,-80.21021999999998
20,34.06749844534841,-117.59440541211325
20,34.0687,-117.839494
20,33.709734678107694,-117.78173088971243
20,26.551949,-82.092537
20,41.306158,-112.026096
20,30.283823,-97.741959
20,44.775291,-93.31839
20,42.272903,-71.1437
20,29.974375,-90.064796
20,30.191736,-81.704697
20,42.840981,-83.748474
20,32.63501,-96.02727
20,36.152906,-86.755444
20,32.86693,-96.66617
20,30.383673,-97.684546
20,37.701374,-121.877808
20,42.132989,-122.633829
20,25.784124,-80.288399
20,40.271912,-77.033085
20,30.428437,-91.063672
20,33.386662,-111.615562
20,34.206956,-117.41336
20,29.641079,-95.243248
20,40.84737,-74.017052
20,33.438408,-86.723877
20,37.795,-121.551269
20,41.266494,-73.933977
20,26.281238,-80.12501800000003
20,35.017405,-117.843257
20,27.908444,-82.506191
20,35.584641,-82.526234
20,43.093849,-76.16571
20,45.48935,-122.67594
20,33.920411,-84.303639
20,37.36187,-121.90349
20,41.578484,-87.635826
20,38.094522,-122.229677
20,38.431808,-122.715767
20,25.448003,-80.46893
20,30.243440000000003,-81.76271
20,40.868654,-122.81083999999998
20,34.027640999999996,-118.274872
20,34.055695,-118.451965
20,34.974522,-81.957893
20,38.685131,-121.485512
20,38.62678170185744,-77.07358717881645
20,35.609272,-97.564827
20,33.701347,-84.116447
20,33.963793515997104,-118.37010025921644
20,26.15483900000001,-81.346085
20,40.150068,-75.05691
20,30.12086,-97.635449
20,38.870218,-77.04605600000002
20,44.943647,-93.07763
20,40.84188,-72.88895
20,38.173691,-121.262199
20,39.350952,-76.750366
20,38.672366,-121.356586
20,38.81803393,-77.22168803
20,29.962044,-90.070963
20,36.96673,-76.294566
20,43.365266,-73.374101
20,36.160648,-95.805149
20,45.97584128357898,-122.82082915247526
20,34.030937,-117.328354
20,34.694534000000004,-86.70566600000002
20,45.368042,-122.594746
20,34.609098,-82.635306
20,45.514894,-94.284203
20,32.836940999999996,-96.993668
20,28.575209,-81.451796
20,35.73795,-78.54163100000002
20,40.839603,-73.929314
20,34.804687,-78.988943
20,29.94098,-95.40721
20,33.949703,-118.170532
20,35.387381,-119.044622
20,34.030481,-118.257644
20,37.887207,-122.309274
20,33.9743,-81.19657
20,47.136902,-95.926788
20,32.663512,-96.900094
20,36.440194,-121.431704
20,45.579517,-118.593725
20,33.704429,-79.67694
20,34.131885,-118.350398
20,37.975972,-121.74242
20,34.601304,-84.34016700000002
20,40.609844,-89.22303000000002
20,32.868519,-96.770111
20,34.110614,-118.481591
20,38.682951,-77.756906
20,29.689774,-95.325325
20,40.556988,-74.308823
20,34.341929,-79.857425
20,47.50334,-92.663276
20,30.354105,-81.55323
20,40.67123400000001,-111.460181
20,37.871063,-122.304966
20,33.629440069038246,-117.83636212292748
20,30.732531,-86.35137900000002
20,43.094075,-76.16635600000002
20,30.517731,-91.028816
20,28.364509,-81.42394
20,38.000683,-120.383591
20,35.799679,-78.683868
20,33.5951,-117.624557
20,42.25246310213922,-73.50051999057054
20,43.05884,-78.83729
20,39.673016,-105.97088
20,41.865958,-88.060803
20,36.167625,-86.663239
20,42.495034,-83.521704
20,26.342945,-80.11784899999998
20,34.750305,-86.759423
20,39.93223,-82.79578000000002
20,39.451033,-76.32096700000002
20,32.774796,-96.811768
20,32.828342,-111.96032
20,34.121162,-118.22979
20,25.671985,-80.36569399999998
20,44.425323,-121.84136399999998
20,38.884335,-94.790863
20,25.848189,-80.146728
20,36.238777,-80.817421
20,47.2411,-122.38562
20,32.951397,-117.196129
20,37.80651500000001,-122.237827
20,33.70345,-84.16691
20,38.811354,-120.120612
20,33.876536,-118.082241
20,25.732615,-80.355743
20,29.960667,-90.091572
20,40.83325,-111.91574
20,45.687708,-118.918606
20,25.924783,-80.29311700000002
20,26.667271000000003,-81.908831
20,32.8895,-117.201855
20,33.102539,-86.739067
20,39.34900403004003,-77.39118218385035
20,42.136242,-72.626251
20,29.636596,-95.252969
20,33.365612,-117.240608
20,34.012234,-118.418549
20,29.438831,-98.498253
20,30.07387,-81.864418
20,34.470669,-86.798058
20,26.606335,-81.71382
20,26.044598,-80.353142
20,40.946714,-73.853891
20,36.339951753443046,-117.48001456204662
20,28.451919,-81.47081800000002
20,35.807522,-78.69394100000002
20,34.704262,-86.588015
20,40.01122700000001,-75.215477
20,40.60101628284168,-75.55719494783612
20,25.92558,-80.28755
20,32.779140000000005,-96.812
20,28.347889,-81.616989
20,40.43784,-74.661457
20,33.004882,-97.223157
20,25.789072,-80.204353
20,30.032564,-97.847054
20,27.916555,-82.337151
20,26.249091999999997,-80.166496
20,34.421818,-119.651184
20,38.736516,-77.192462
20,27.338233,-82.453066
20,39.80682,-75.549355
20,29.716978000000005,-95.547081
20,45.03520200000001,-93.190643
20,25.73288,-80.347741
20,25.789436,-80.203964
20,37.683689,-121.053513
20,40.5485,-74.35576999999998
20,28.424135,-81.460875
20,40.609983,-73.743086
20,36.064817,-79.767034
20,45.57744,-117.53784
20,40.019835,-75.148889
20,34.390163,-117.40934
20,40.429066,-79.95621700000002
20,44.978828,-93.089363
20,32.352967,-95.324237
20,30.462304999999997,-87.252258
20,34.047024,-118.446587
20,41.86567,-87.619137
20,33.838207000000004,-84.380882
20,29.669164,-95.554912
20,30.323027000000003,-97.629908
20,35.427963,-97.556793
20,33.928467,-118.294014
20,33.801726,-118.114658
20,39.84236,-104.98402
20,38.835982,-76.86924599999998
20,47.645622,-122.325867
20,40.051468,-75.109077
20,35.31715399999999,-81.745026
20,45.654147,-121.903105
20,47.415482,-122.297272
20,44.883692,-93.138476
20,37.565277,-77.47903000000002
20,35.664957,-81.220789
20,42.15424,-88.140907
20,32.694508,-96.630074
20,32.580624,-117.092683
20,38.828485,-77.318421
20,40.22467017154586,-76.76513314210527
20,34.151302,-118.692251
20,30.00419,-90.039097
20,33.528304,-112.142842
20,42.627708,-73.700638
20,40.253702,-76.816738
20,45.067955,-93.287048
20,28.171101,-81.301735
20,26.368405,-80.11856999999998
20,43.130959,-78.653403
20,29.206353999999997,-82.18453199999998
20,40.025349,-75.228882
20,39.872592687416684,-75.07840990984401
20,40.544416,-79.730387
20,38.649537,-76.885124
20,43.659355,-93.714579
20,44.86195206620759,-93.27086806252828
20,27.531184999999997,-82.50864399999998
20,47.645610999999995,-122.349419
20,45.431288,-118.360744
20,40.327816,-75.558006
20,33.946938,-118.36826299999998
20,27.504545,-82.71605699999998
20,36.846428,-76.02102
20,29.50969000000001,-98.54004
20,41.424942,-73.62655600000002
20,34.047024,-118.446587
20,33.925707,-118.322134
20,29.698357,-95.301506
20,33.774764000000005,-118.086451
20,44.965466,-93.257858
20,36.154099,-95.960938
20,32.354763,-90.733604
20,37.516018,-77.469095
20,33.451759,-112.221184
20,37.332706,-121.845428
20,32.13403,-110.95629
20,33.713673,-84.23254399999998
20,29.59952,-98.563736
20,38.445541,-122.196442
20,37.500328,-121.958313
20,41.149708,-73.425636
20,30.388645,-97.647741
20,42.63425,-121.879169
20,45.21498,-93.59109
20,33.467096999999995,-117.70121
20,33.173984999999995,-87.40477800000002
20,43.587044,-92.949478
20,40.6634,-73.74079
20,37.011052,-120.184213
20,29.957562,-90.104829
20,41.319351,-77.028328
20,39.655779,-121.565056
20,36.98079600000001,-122.033932
20,39.144478,-94.561867
20,33.857044,-98.520508
20,31.806545,-106.26841
20,33.712687,-117.089284
20,35.828159,-78.622147
20,44.44081,-120.470495
20,34.133824109868364,-117.23074078503976
20,34.158506,-118.457496
20,43.188221,-77.854179
20,39.511536,-119.966347
20,41.302364,-72.91425500000003
20,30.351651,-97.721507
20,43.046173,-83.697609
20,34.1516,-118.396477
20,34.020058,-118.190926
20,40.876442,-73.904411
20,37.901429,-78.547503
20,33.831534999999995,-118.255791
20,32.92453,-96.786148
20,35.927673,-78.574301
20,33.567513,-112.14935
20,40.912209,-73.875099
20,32.706284000000004,-117.147469
20,39.899412,-75.110034
20,44.22204136827362,-93.27603936150896
20,28.539152,-81.285736
20,37.708817,-122.395195
20,44.471851,-93.292381
20,34.51643586142293,-92.34250187829808
20,42.542583,-71.283684
20,35.41162100000001,-97.601158
20,39.752964,-84.205399
20,41.60413,-87.58334
20,28.58224,-81.37522
20,35.2697288988339,-80.8455669876058
20,40.6824,-73.665329
20,37.295494,-120.47514
20,41.122586,-75.282702
20,40.695717,-73.96519599999998
20,30.463703870628052,-90.92123150782145
20,36.0429,-95.936272
20,37.771159999999995,-122.155693
20,40.71068,-74.00272
20,35.70092,-83.04300400000002
20,35.259547,-119.003166
20,47.225,-122.46335
20,33.641575,-117.171295
20,34.13308,-118.352524
20,40.778301,-74.047134
20,35.277943,-80.95101899999997
20,34.11965900000001,-117.806999
20,37.215324,-76.594818
20,25.733299,-80.318344
20,38.262833,-121.235821
20,39.946957,-121.04693600000002
20,33.949665,-118.091896
20,41.626981,-122.804969
20,38.846706,-77.432129
20,43.211279,-78.402734
20,35.20912,-84.86906
20,42.62952,-83.32539
20,33.29453400000001,-117.195717
20,33.3867,-111.584159
20,33.912918,-118.140831
20,34.43796,-117.371723
20,33.998082000000004,-117.931097
20,33.881139000000005,-84.27087
20,33.6810028551403,-84.06241536100356
20,29.0772,-82.074908
20,32.836308,-97.063194
20,33.778721000000004,-84.390709
20,32.83939,-97.186363
20,29.774401,-95.381943
20,32.842102000000004,-117.217697
20,30.236746000000004,-95.458527
20,47.59581,-122.32122
20,38.442375,-122.721397
20,28.332811,-81.495228
20,34.023857,-117.76593
20,34.156433,-118.254987
20,41.373664,-73.610876
20,34.235207,-118.342969
20,32.92620778,-96.81664109
20,34.007924,-117.900615
20,40.571194,-111.420738
20,45.511416,-122.705996
20,33.68806242926746,-84.39972996671484
20,45.036423,-93.358871
20,41.53931400000001,-73.771141
20,34.360859000000005,-117.43438700000002
20,40.225552,-75.348656
20,38.05117,-122.22948999999998
20,30.26497800000001,-97.746597
21,40.599306,-116.4745
21,31.124907,-81.58332800000002
21,30.47245,-91.058029
21,42.420841,-85.660647
21,34.177201000000004,-79.809812
21,44.84147,-124.04934
21,36.842063,-76.230019
21,33.93173575,-118.08994889
21,39.086149,-94.569803
21,42.927888,-85.68565500000003
21,40.252337,-75.669622
21,42.20677,-88.70551999999998
21,26.102911,-80.265793
21,27.893897999999997,-82.33805799999998
21,34.344602,-119.420195
21,45.05603,-93.131311
21,37.018234,-120.131073
21,39.87981,-75.305939
21,34.700859,-86.68875899999998
21,34.282112,-118.760551
21,33.461861,-112.091272
21,33.988476,-117.905663
21,35.435415,-82.531901
21,33.80312,-84.407928
21,34.442712,-118.60427
21,37.98325,-122.315941
21,40.158727,-75.04037
21,37.406723,-77.684567
21,42.289201,-122.835403
21,29.015193,-81.356951
21,28.44667,-81.470866
21,36.996412,-119.527961
21,45.0358664987324,-92.94614911035086
21,44.9408,-93.4563
21,39.111557,-121.082867
21,33.902004,-118.10508
21,41.080997,-73.922661
21,38.873351,-76.99069899999998
21,37.055817,-120.787689
21,40.63403964023289,-111.72390818542613
21,28.407415000000004,-81.404625
21,42.363728,-83.068893
21,32.864940999999995,-96.544624
21,33.925758,-118.368284
21,45.817741155405905,-95.12285828545036
21,41.159816,-112.064508
21,34.139423,-118.015633
21,39.214491,-77.276967
21,25.920771,-80.210312
21,40.736621,-73.907534
21,34.067471000000005,-117.543251
21,37.850998,-122.299454
21,27.408381,-80.400337
21,35.856064,-78.56680300000002
21,40.702443,-73.81648100000002
21,38.85115,-76.97315
21,34.113327000000005,-118.243248
21,30.19865,-97.781837
21,35.861992,-78.464287
21,40.69661,-111.98071000000002
21,37.573605,-122.262344
21,45.02294898011673,-117.92500376645124
21,40.796158,-74.151962
21,35.109685,-90.02921500000002
21,43.80725,-95.30432
21,25.729406,-80.310852
21,40.847389,-73.87119200000002
21,31.242029,-85.630157
21,40.505771,-122.332565
21,45.594921,-122.764359
21,33.987675,-117.363027
21,29.978889,-90.113006
21,34.096573,-118.476906
21,35.84045,-78.596642
21,31.759119,-106.355553
21,28.449055,-81.470923
21,41.678078,-87.662148
21,33.864766,-78.650887
21,37.706562,-122.061455
21,37.357278,-122.265991
21,35.269943,-80.839268
21,37.701515,-122.021149
21,42.411333,-123.147899
21,34.238277000000004,-118.445747
21,41.875713,-71.382683
21,34.413843,-84.110199
21,36.327531,-119.211251
21,47.553482,-122.279877
21,41.17048144320884,-79.71223711929457
21,42.79984,-88.53338000000002
21,43.580223,-123.261932
21,26.10241,-80.250138
21,42.48045,-83.207112
21,25.587354,-80.413287
21,35.762863,-78.596283
21,28.804894,-81.132191
21,35.528243,-119.305009
21,35.095349,-106.497772
21,37.898364,-122.222809
21,32.836464,-97.041094
21,30.348321999999996,-97.712868
21,42.121727,-88.431404
21,39.861832,-77.070488
21,39.825603,-85.67410699999998
21,33.453178,-81.84990400000002
21,41.636627,-88.01232900000002
21,34.762035,-86.589386
21,34.140965,-118.709625
21,40.68258,-73.66615
21,32.788256,-117.160145
21,36.64353,-121.664553
21,39.098146,-94.663877
21,34.082169,-118.224617
21,42.267839,-83.16725600000002
21,39.10902143,-77.18568206
21,41.408464,-74.345903
21,32.848257000000004,-80.013654
21,33.974037,-118.080109
21,32.884277000000004,-117.22789
21,38.562124,-121.514428
21,32.346629,-95.300021
21,39.19777,-77.263273
21,33.998329,-118.461617
21,33.687912,-117.914543
21,33.552853000000006,-112.199135
21,41.769729,-86.08843
21,28.538312,-81.460327
21,32.913047999999996,-96.873169
21,30.422307,-91.184285
21,34.07818,-117.75967
21,47.923032,-122.254543
21,41.099434,-73.797905
21,33.322681,-80.551639
21,33.989822,-117.350021
21,37.81336500000001,-122.250819
21,37.684264,-77.52748199999998
21,41.538896,-73.95173
21,35.620497,-118.848434
21,34.055695,-118.451965
21,37.15881,-121.98262
21,28.605989,-81.386375
21,33.337805,-80.41780200000002
21,34.024857,-118.42836
21,29.131471,-82.094776
21,42.303444,-71.08503
21,35.75193400000001,-78.701759
21,32.748821,-96.682877
21,29.973825,-95.421012
21,43.098615,-75.228723
21,37.568741,-77.416161
21,35.34877,-97.529953
21,33.9505,-84.51657900000002
21,30.461486,-87.31823299999998
21,42.385605,-83.15898100000003
21,40.7741,-111.9491
21,40.709729,-122.405532
21,35.26828,-80.853996
21,39.797855,-84.26356899999998
21,42.332954,-75.279686
21,41.33823,-74.83721899999998
21,34.07291,-118.466553
21,30.651859,-88.224762
21,39.80043053608036,-86.04615569073654
21,36.123338,-119.478277
21,37.026936,-120.563104
21,33.971515999999994,-118.256401
21,41.550794,-73.056936
21,28.367662,-81.366716
21,33.383949,-117.578827
21,38.416628,-122.778651
21,45.70223,-121.47511000000002
21,33.079186,-87.452977
21,37.824707,-122.270416
21,33.919837,-118.233052
21,30.467155,-91.15234
21,38.998599,-122.875472
21,34.412281,-85.157051
21,30.004631,-90.108226
21,33.984390000000005,-118.072073
21,47.881916,-122.233322
21,40.909749,-123.785759
21,30.185068,-81.557907
21,29.653941999999997,-95.565659
21,35.76511,-78.614983
21,39.567596,-89.64609499999996
21,43.034302,-83.541611
21,34.488434000000005,-118.286507
21,35.39337800000001,-119.145518
21,29.645857,-95.312218
21,41.8424,-87.63065
21,30.403142,-97.92673
21,37.842594,-122.2976
21,38.206341,-122.177552
21,37.953205,-79.208651
21,38.700768,-120.077393
21,38.866161,-76.952729
21,38.240163,-121.326109
21,43.635739,-123.21735
21,39.5042,-86.95163000000002
21,28.559171000000006,-81.45943299999998
21,32.358635,-95.31357
21,33.48022,-112.05638
21,38.894101,-77.014042
21,37.824215,-121.99408
21,37.721279,-122.448204
21,35.2369,-80.73786899999998
21,30.692809000000004,-86.129731
21,43.866294,-121.405009
21,32.46014,-93.797318
21,38.671082,-121.596024
21,34.964642,-82.032372
21,25.761291,-80.30278299999998
21,33.916115999999995,-117.098836
21,37.64387,-121.01332
21,33.968340000000005,-118.169556
21,38.78416,-121.27911
21,36.602058,-119.657387
21,35.464298,-97.601112
21,34.202511,-118.472359
21,26.027202,-80.16626099999998
21,45.485898,-120.726706
21,34.093601,-118.073581
21,40.255312,-75.648037
21,38.958084,-85.843613
21,42.742271,-73.697624
21,28.553223,-81.349994
21,40.916155,-74.025254
21,40.465843,-78.790575
21,34.394081,-80.993698
21,35.678867,-120.602521
21,46.389941,-94.263911
21,38.641361,-121.472855
21,39.549742,-75.80269100000002
21,34.495571000000005,-118.622932
21,25.80919,-80.206091
21,43.089231,-76.167415
21,38.676726,-120.749073
21,40.714395,-94.854293
21,35.77840399999999,-78.643473
21,30.563171,-81.82910799999998
21,37.492979,-120.994545
21,29.80091,-95.399182
21,37.451676,-120.849073
21,40.33530800000001,-75.93988
21,47.686695,-122.313347
21,34.893278,-82.43194799999998
21,33.925611,-118.316505
21,32.886333,-96.775893
21,40.778976,-74.056724
21,35.83479699999999,-78.638512
21,38.797732,-77.134848
21,37.862396,-121.274281
21,34.045799,-117.934349
21,39.635019,-106.292591
21,33.331567,-117.124876
21,36.890602,-121.689331
21,44.74118,-123.05212
21,45.29026,-122.76949
21,26.707688,-80.076695
21,38.680307,-119.961234
21,33.870937,-83.42761999999998
21,42.987648,-87.887596
21,35.40615800000001,-97.560089
21,37.377356,-121.94544
21,34.181492,-82.183746
21,36.010597,-83.84187299999998
21,47.29538083053925,-115.16582608168044
21,30.265802,-97.734673
21,34.324647,-118.502322
21,27.661031484471984,-80.86874127349441
21,35.67696,-78.603462
21,39.314594,-76.53801
21,41.537478,-72.800809
21,35.282821999999996,-80.8573
21,41.105419,-93.778406
21,28.449873,-81.475353
21,33.931315999999995,-118.362816
21,37.018035650076776,-120.1288354391092
21,41.455353,-81.71476
21,39.90806221942945,-74.2118847366609
21,37.401353,-77.531748
21,36.646952,-120.252195
21,33.852185,-78.70681
21,38.838753,-77.428253
21,39.92085,-76.70080300000002
21,32.897803,-80.008494
21,33.225001,-84.29856600000002
21,34.81861,-86.9446
21,29.524391,-98.411011
21,37.565993,-77.48060100000002
21,33.864868,-84.439674
21,37.113456,-76.48622399999998
21,32.661827,-96.726509
21,35.249699,-80.931252
21,34.252609,-119.210861
21,38.799863,-77.59792900000002
21,26.325,-80.11683000000002
21,33.968159,-118.167679
21,33.44529,-117.631187
21,34.088766,-117.677177
21,38.90476,-77.06867
21,41.296087,-73.933652
21,37.258579,-122.122177
21,32.792117,-96.805051
21,32.74828,-96.76929
21,45.784236,-108.221317
21,34.148394,-118.372281
21,33.846610999999996,-118.205406
21,34.027801000000004,-118.451553
21,38.572907,-121.517481
21,34.66387,-118.210104
21,39.891827,-121.750901
21,35.629475,-84.392426
21,34.256541999999996,-118.435097
21,30.502335,-84.251289
21,36.141407,-86.666466
21,32.872085,-96.678967
21,44.95163400000001,-93.14677
21,33.650612,-112.114433
21,41.634267,-90.924364
21,33.542158,-112.135243
21,35.8268,-78.620655
21,32.199566,-110.909286
21,27.462366,-82.589664
21,35.215813,-80.88511700000002
21,37.80763,-122.30404
21,45.747896,-119.115732
21,35.823296,-78.82547
21,33.745078,-84.42698100000001
21,35.241402,-80.997437
21,35.134245,-120.570232
21,30.26902,-97.746284
21,39.509528,-121.622373
21,29.695278,-95.557454
21,27.806648,-82.662979
21,40.05963,-75.09594
21,33.083889,-97.027367
21,39.13042,-120.95898
21,35.422844,-78.529739
21,37.036503,-77.630348
21,37.561685,-122.036359
21,37.89625525456477,-102.61255145024008
21,36.085697,-80.063271
21,34.214886,-79.749464
21,34.094349,-80.856575
21,36.793172,-119.700406
21,33.857395000000004,-81.454081
21,35.76533900000001,-78.55905899999998
21,35.047871,-114.588982
21,40.942694,-93.799678
21,32.682272999999995,-96.805274
21,30.296793,-81.771301
21,47.0255,-92.47112
21,32.57470900000001,-83.24333299999998
21,35.306117,-118.914352
21,45.23108,-93.02815
21,42.115322,-75.891199
21,38.924957,-77.20829
21,38.751216,-121.494348
21,26.423991,-80.171573
21,44.28605200000001,-120.886282
21,41.337135,-73.784134
21,40.21422000000001,-75.542496
21,33.12569000000001,-97.036484
21,34.29861,-117.458191
21,42.220123,-83.440025
21,40.721729,-73.835487
21,39.38483400000001,-76.732979
21,33.830662,-118.287476
21,33.810146,-118.290329
21,33.139368,-86.747027
21,33.970963,-117.89621
21,45.037409,-93.042449
21,35.74592,-78.59324000000002
21,40.66416621188801,-73.84588122332646
21,33.80876,-118.15627
21,35.835503,-78.607765
21,32.8218,-117.162361
21,47.75804,-122.17392
21,44.861336,-93.155165
21,40.73866725,-73.74013782
21,27.995711,-82.794528
21,38.35664000000001,-81.64609
21,46.746349,-95.229124
21,38.668415,-77.250687
21,36.453039,-119.488932
21,35.834666999999996,-78.638649
21,30.18997,-81.706482
21,29.138159,-82.218765
21,43.848495,-95.93544
21,47.734131,-122.338639
21,47.180537,-120.89724
21,29.710988,-95.35012
21,35.667287,-78.90454100000002
21,44.470307,-122.811994
21,39.22955,-76.71444
21,36.634449,-119.693184
21,28.302238,-82.70414699999998
21,33.500919,-117.151209
21,38.805213,-77.812559
21,37.609433,-120.993595
21,30.231731,-97.736069
21,45.531581,-122.596768
21,33.937329,-117.557672
21,25.760881,-80.418122
21,37.608942,-120.993599
21,34.125433,-81.241665
21,37.051371,-76.40683299999998
21,33.204409000000005,-84.059938
21,28.988669,-80.928453
21,38.337931,-75.104641
21,27.051277,-82.432891
21,37.358628,-121.906956
21,40.06775800000001,-75.321211
21,40.43008,-112.37881000000002
21,34.143352,-117.257364
21,29.785202,-95.635811
21,33.949795,-118.092033
21,25.606019,-80.357125
21,45.525281,-122.661725
21,35.115103999999995,-85.212113
21,34.129723,-117.93438700000002
21,38.92686,-77.10336600000002
21,47.53239,-122.19598
21,37.704891,-122.471817
21,43.76275,-93.31464
21,36.148366,-86.780384
21,39.158255,-122.993514
21,41.255775,-72.99600699999998
21,33.719933000000005,-117.972046
21,42.683551,-73.84535600000002
21,37.532864,-121.938316
21,44.11906599977437,-121.31675362529128
21,33.882334,-117.645744
21,40.610416,-74.09470400000002
21,32.670948,-114.298943
21,29.822195,-95.334839
21,38.404861,-122.042671
21,44.962009,-93.202396
21,35.151008000000004,-118.923531
21,43.951542,-92.356224
21,34.110424,-118.334579
21,35.814921999999996,-78.605362
21,37.84893,-122.228455
21,38.260766,-122.48292
21,26.612198,-81.803078
21,39.09606,-84.522339
21,39.185532,-123.212273
21,33.358072,-117.533289
21,27.792071999999997,-82.66069
21,28.578034999999996,-81.43866
21,29.27115082726826,-82.19450354536917
21,32.718796000000005,-117.117722
21,40.674821,-75.13980699999998
21,45.045383,-93.10688
21,30.220793,-81.57133499999998
21,32.727563,-117.104385
21,33.891742,-117.506189
21,34.053669,-117.781418
21,30.182445,-97.687603
21,41.618404,-74.154984
21,37.947933,-77.479727
21,37.64015,-122.0904
21,33.819488,-117.240379
21,33.6786,-117.88073
21,38.740238,-77.190002
21,37.817814,-122.252889
21,39.17222,-74.73012
21,37.944448,-122.497035
21,35.42067,-97.565521
21,30.486251,-87.258558
21,45.224918,-93.027878
21,26.121794,-80.168564
21,33.950893,-80.971848
21,36.161034,-86.77718399999998
21,29.556121,-95.387262
21,36.170845,-86.78828399999998
21,40.83395,-111.927332
21,31.203226,-87.311157
21,33.475842,-82.007042
21,34.052597,-118.259377
21,38.76389,-76.805826
21,34.190678000000005,-118.117291
21,44.966799,-93.274921
21,37.632197999999995,-122.109955
21,34.941875,-111.653648
21,33.864644,-118.326397
21,33.870360999999995,-117.74382
21,28.714836,-81.24051700000003
21,25.805096,-80.20596
21,41.291908,-72.80595799999998
21,47.096422,-122.43496
21,40.430653,-79.957886
21,30.533457,-87.285464
21,42.935201,-85.639613
21,34.216711,-119.033507
21,34.067589,-117.566681
21,41.286583,-73.76329
21,41.67805900000001,-72.54034399999998
21,30.390913,-97.682268
21,44.76395,-93.03178
21,38.639879,-78.790165
21,40.907340999999995,-72.640427
21,34.088608,-118.475204
21,34.274983,-118.6567
21,30.474701,-91.117332
21,33.184317,-81.118612
21,39.977321999999994,-83.150841
21,38.555123,-121.403688
21,34.538798,-82.848791
21,40.0677,-76.068136
21,41.56892,-87.356071
21,45.18446,-93.321445
21,33.837196,-117.355545
21,37.588181,-122.357407
21,42.559368,-83.12960799999998
21,25.816501,-80.24060300000002
21,41.867504,-88.012695
21,35.94932199999999,-78.83754
21,34.06434,-118.25069
21,47.158772,-122.40242
21,41.736561,-88.01226
21,29.939891,-95.356401
21,44.885512,-93.004881
21,41.87177,-87.91261
21,40.767925,-73.985725
21,37.15749,-121.982094
21,37.827106,-122.29615
21,40.591209,-73.90786
21,41.005616,-78.539488
21,38.326019,-122.025238
21,39.378335,-123.32818600000002
21,41.961285,-75.73698399999998
21,45.93112,-118.38685
21,30.439665,-91.186386
21,43.03980900000001,-76.14234499999998
21,37.768639,-122.407028
21,36.627007,-119.781851
21,39.289431,-76.74138
21,45.737918,-92.991746
21,36.148874,-86.774749
21,28.03503,-82.759331
21,40.951798,-82.072745
21,36.133251,-86.801315
21,40.049885,-76.30794499999998
21,25.685253,-80.421571
21,28.560451,-81.19122800000002
21,40.254108,-76.82648499999998
21,37.068759,-121.579559
21,28.557355,-81.310867
21,39.386236,-77.409375
21,35.427971,-97.547935
21,36.126724,-77.79549399999998
21,43.869985341816566,-94.6897780890718
21,40.329624,-79.73486700000002
21,27.782138,-82.66095
21,35.243408,-80.690842
21,35.906782,-78.79821
21,34.066643,-81.022469
21,46.352739,-114.21358899999998
21,32.822196999999996,-96.785973
21,35.694389,-78.57494799999998
21,30.146313,-81.700901
21,45.559337,-123.590784
21,27.43124000000001,-82.57547
21,33.419582,-79.974736
21,41.207642,-111.97926
21,41.28878,-105.52468
21,29.773733,-95.455933
21,40.123745,-75.11737099999998
21,33.538494,-112.191601
21,43.094669,-76.05381
21,36.089893,-95.886551
21,35.500481,-97.534325
21,40.540319,-78.907009
21,36.104469,-95.851082
21,43.030136,-77.964897
21,34.135428000000005,-117.972218
21,36.07877,-87.022499
21,36.722536,-78.109532
21,31.771889,-106.377384
21,44.946663,-93.274864
21,34.169649,-79.694373
21,37.242012,-119.734391
21,32.642746,-96.839966
21,42.255531,-73.76708199999999
21,36.683038,-120.656415
21,36.13497,-86.743454
21,39.241317,-123.209144
21,34.391973,-80.106953
21,34.034878000000006,-117.283699
21,38.798358,-121.210765
21,44.861759,-93.2994
21,41.960921,-73.437834
21,36.194679,-86.776146
21,32.865604,-96.770363
21,45.52512,-122.665459
21,33.85117,-84.246475
21,42.199721,-121.809137
21,33.192718,-117.1229
21,36.255578,-119.940912
21,36.986254,-121.964857
21,27.041901,-82.035022
21,30.173826,-92.063271
21,25.880745,-80.208947
21,45.08276400000001,-121.542814
21,39.92428421955145,-111.54430746978976
21,40.858196,-76.766634
21,43.683694,-123.300272
21,35.873154,-78.712936
21,33.939182,-117.148079
21,40.123544,-76.525227
21,35.246767,-80.818331
21,38.628197,-77.293429
21,47.619709,-122.342392
21,47.117982,-122.434821
21,39.759262,-121.857098
21,39.10172,-84.55041999999997
21,36.998394,-120.837097
21,28.027067,-82.152771
21,34.007896,-118.415306
21,40.709145,-74.229576
21,39.12097,-94.56491
21,33.823654,-118.290212
21,37.456219,-120.830843
21,41.206161,-73.19079599999998
21,39.98558,-75.09328599999998
21,33.901289,-117.468628
21,39.52636,-119.701401
21,33.558021999999994,-117.671921
21,40.593235,-75.569962
21,37.33952,-121.852394
21,38.24123,-122.26843999999998
21,41.15898,-121.661127
21,34.378591,-82.58623399999998
21,33.151629,-80.062966
21,37.737873,-122.408043
21,30.861441,-90.53297
21,30.557194,-88.20589100000002
21,30.353337,-97.705624
21,47.59417,-122.323799
21,40.07551789264643,-75.35697340929337
21,34.448223,-119.275124
21,43.13789000000001,-77.634651
21,25.584306,-80.38897
21,43.960317,-121.348032
21,42.155097,-87.954752
21,38.033489,-78.862358
21,33.029018,-96.992424
21,39.616192,-89.646927
21,34.26611,-118.475521
21,34.018895,-118.180568
21,40.568394,-74.326553
21,33.968163,-118.16787
21,29.848081,-95.321666
21,37.319928,-121.832774
21,37.563979,-77.443895
21,28.57777,-81.463638
21,34.002076,-118.332229
21,35.304,-80.84885
21,34.752996,-117.166407
21,34.890421999999994,-82.4091
21,33.501931,-86.81455
21,40.839414,-73.884046
21,34.381573,-82.810989
21,33.654175,-112.065585
21,38.656736,-120.998579
21,28.419869,-81.70611600000002
21,45.059914,-93.306869
21,37.025015,-121.987082
21,33.193634,-117.364894
21,32.279221,-110.978172
21,47.250478,-122.257743
21,40.935802,-73.856041
21,28.088129,-82.454727
21,33.859798,-118.03614
21,40.712155,-73.83533800000002
21,45.042507,-93.330772
21,33.895156,-118.046793
21,34.785332000000004,-82.542941
21,40.679375,-74.003151
21,28.244646000000003,-82.22685200000002
21,37.551078,-122.294131
21,45.460678,-122.703972
21,34.025501,-118.17038
21,37.352606,-80.046937
21,30.424614,-81.57028000000003
21,39.897032,-74.989918
21,35.872664,-78.712897
21,25.594286,-80.47847
21,30.440922,-87.282772
21,34.909369,-82.326957
21,32.221695000000004,-110.875214
21,34.629448,-86.95018
21,32.319259,-90.158799
21,42.38126,-88.140573
21,36.643796,-81.985723
21,34.598665000000004,-83.463528
21,37.22699,-121.973618
21,29.164699,-82.06166999999998
21,35.217991,-80.908539
21,45.1389,-94.79346
21,45.690883,-121.772821
21,30.111904,-95.385841
21,35.253476,-80.843508
21,38.532317,-120.768336
21,35.87043,-78.562828
21,26.420731,-80.089821
21,33.289445,-117.228
21,34.196739,-118.474418
21,25.788139,-80.20188900000002
21,33.301695,-117.46789
21,38.87968,-77.22116
21,42.404325,-83.218276
21,37.537195,-122.281273
21,33.65596,-117.57913700000002
21,38.502399,-121.436829
21,43.4855,-121.90543999999998
21,37.317204,-121.940353
21,41.206383,-73.10425699999998
21,34.178494,-118.118061
21,33.412163,-86.80587
21,43.876836,-95.592479
21,38.430065,-78.874702
21,41.308423,-73.097495
21,32.455773,-96.845198
21,41.053157,-73.529087
21,41.5921,-73.76479
21,33.20657,-87.568539
21,44.405182,-123.945103
21,37.364044,-121.901993
21,29.993082,-90.049263
21,37.948505,-121.300491
21,40.89360900000001,-111.89283799999998
21,30.41329600000001,-91.060272
21,26.114418,-80.311194
21,38.632463,-90.300906
21,35.102646,-89.870209
21,29.026211,-82.231216
21,35.226944,-80.796707
21,28.542082,-81.434464
21,34.243432,-119.161668
21,34.072111,-117.913223
21,45.507904,-122.743753
21,37.250431,-121.909958
21,33.909792,-118.326585
21,34.442006,-81.996392
21,30.410427,-81.564766
21,33.553139,-112.17749
21,45.515531301281385,-122.68802761973048
21,37.255669,-121.956184
21,29.77784,-95.456673
21,35.218274,-111.567375
21,37.424516,-77.43838199999998
21,34.035148,-81.11636700000003
21,38.90857000000001,-77.009183
21,39.98289000000001,-82.9846
21,40.759225,-74.051793
21,34.120038,-117.819526
21,34.233468,-118.183683
21,35.829597,-78.34169
21,39.76576,-84.15992800000002
21,38.79757,-77.01073000000002
21,34.997401,-85.280603
21,33.814319,-84.36526500000002
21,29.387917,-98.512154
21,41.125438,-75.357225
21,25.692555,-80.365984
21,29.860491,-95.262482
21,33.759335,-84.37207
21,25.78784,-80.209907
21,37.4188,-121.881498
21,40.331293344305365,-74.0982663627906
21,40.51648,-75.50719000000002
21,38.435223,-111.699479
21,34.121825,-118.659242
21,39.699249,-105.204659
21,33.520229,-86.855003
21,28.332585,-81.581242
21,34.557982,-118.141208
21,41.773806,-72.46485600000003
21,40.007023,-74.97288499999998
21,34.32513400000001,-118.503159
21,32.730095,-96.825233
21,40.489822,-74.301534
21,37.586995,-122.348413
21,39.519528,-76.17123199999997
21,29.969802,-90.029051
21,33.912289,-118.278358
21,32.758762,-96.994949
21,33.461723,-112.11729
21,27.969267,-82.453796
21,33.872768,-118.202225
21,37.683861,-122.128242
21,26.891073,-82.023227
21,25.588403,-80.358654
21,33.197303999999995,-87.565337
21,38.45147252064489,-121.40784144343658
21,35.307949,-97.411636
21,40.37061,-79.98233
21,32.36275076850718,-90.23083090739142
21,40.805153,-74.076874
21,29.773392,-95.410637
21,38.584221,-121.364532
21,34.124021,-118.342536
21,33.928523999999996,-118.239166
21,40.044981,-76.283679
21,44.96490597703473,-93.20173144296072
21,37.056553,-120.926529
21,25.820903,-80.206654
21,33.28862786277157,-80.51647067031614
21,41.117845,-74.118779
21,33.49428,-112.23733
21,48.179234,-114.093964
21,30.288078,-97.574554
21,34.071873,-117.871223
21,47.570149,-122.291539
21,29.784109,-95.574511
21,33.874272,-118.195735
21,36.70356,-119.770622
21,25.78727,-80.178543
21,33.769484999999996,-84.232605
21,37.518327,-77.662001
21,42.227773,-85.887045
21,41.423224,-73.625311
21,26.166687,-80.159469
21,38.57172,-121.50885
21,39.872571,-75.077873
21,34.02969,-117.66764
21,34.146573,-80.851771
21,37.269168,-79.23597
21,33.689907,-117.173899
21,34.018009,-118.052849
21,37.589833,-121.870241
21,37.573553,-118.735352
21,34.145267,-118.207735
21,27.795790000000004,-82.661636
21,34.144798,-118.167526
21,33.745293,-84.389954
21,33.896177,-118.191223
21,34.02132,-118.161674
21,39.891724,-84.18764499999997
21,37.324734,-80.03421800000002
21,33.696244,-117.936161
21,38.094291,-122.230017
21,33.70545,-117.95441
21,46.99705,-114.420607
21,28.03298,-82.45500899999998
21,26.13642,-80.1695
21,32.818739,-96.869335
21,40.028999,-74.818947
21,33.883837,-84.289282
21,33.820679,-84.168671
21,44.60119843461703,-92.8935778136592
21,37.700218,-121.777733
21,34.298598999999996,-118.418251
21,40.779134,-77.763297
21,39.66762,-78.4419
21,33.940529,-118.028332
21,43.76903,-117.79013
21,36.716187,-80.535332
21,37.900863,-122.070229
21,37.822692,-122.3201
21,37.414371,-121.981106
21,45.541019,-122.607658
21,38.740002,-121.273895
21,33.62433314307392,-84.4579446311738
21,37.895636,-77.70434399999998
21,30.455758000000003,-91.161096
21,30.320112,-97.541595
21,34.067448,-117.981911
21,30.50925100000001,-91.144386
21,39.377864,-112.079075
21,40.052157,-76.396112
21,28.342065,-82.596758
21,41.830223,-88.168304
21,38.882234,-77.011666
21,30.202684,-92.018272
21,38.510316,-121.459794
21,34.067995,-118.024475
21,25.722376,-80.319055
21,34.077733,-118.286796
21,40.97693,-73.75851999999998
21,34.027601000000004,-82.152539
21,35.770409,-78.619865
21,33.94725,-117.300117
21,29.807102,-95.524452
21,32.721115000000005,-117.154747
21,30.707195,-88.122665
21,32.515797,-93.747612
21,34.134827,-117.960007
21,45.120967626356496,-104.6441423887985
21,38.597008,-121.504082
21,33.369934,-80.99809300000003
21,32.230553,-110.926705
21,35.17474,-80.895752
21,38.69649,-121.765393
21,42.57812,-73.87823
21,34.087128,-118.313544
21,41.497059,-94.758179
21,36.66297700000001,-119.574409
21,34.018795000000004,-118.478598
21,43.099957,-76.156808
21,35.260822,-80.897041
21,35.182849,-120.703809
21,34.266682,-118.47202
21,35.82930800000001,-78.692371
21,41.73148,-87.62443
21,34.910841999999995,-110.170647
21,43.198181,-77.54847
21,30.79840064034081,-86.58397078472812
21,41.222758,-111.978826
21,34.083488,-84.264122
21,37.328579,-121.895592
21,40.912581,-74.746052
21,38.376247,-122.716128
21,39.756138,-75.493658
21,45.505089,-122.67373
21,47.77288,-91.673694
21,28.529038,-81.299677
21,37.364384,-121.901871
21,25.752957,-80.303635
21,47.244375943912296,-122.41929173411172
21,26.172117,-80.899897
21,33.868118,-84.249542
21,35.55973400000001,-97.518005
21,37.361384,-77.49831
21,34.039715,-118.440567
21,35.731331,-78.651222
21,28.493858000000003,-81.427217
21,28.439696,-82.636874
21,37.76181,-122.405846
21,34.14844,-118.469609
21,41.79689000000001,-87.630676
21,32.754171,-117.108959
21,34.039162,-84.036354
21,38.018752,-121.937094
21,33.693940000000005,-84.40382
21,35.85615900000001,-78.641304
21,30.401121000000003,-85.71791800000003
21,36.385193,-119.215744
21,38.761021,-121.259514
21,34.029335,-118.444765
21,36.178145,-86.58245600000002
21,44.86267,-93.42501
21,34.026252,-117.753549
21,34.043293,-118.171402
21,42.69268870000001,-73.82502437
21,36.03636861,-79.78881955
21,29.409016370633093,-98.3893811698037
21,35.988677,-121.494121
21,37.316876,-121.919242
21,44.518445,-118.629174
21,41.55116200427269,-73.03943753207666
21,35.079304,-81.005753
21,36.415264,-117.273737
21,35.93776300000001,-78.208107
21,37.396426,-77.672802
21,35.89085,-80.55729699999998
21,41.636627,-88.01232900000002
21,33.766791999999995,-117.795197
21,35.98135113698968,-77.2770917411934
21,33.92855,-118.280883
21,39.545551,-119.78798700000002
21,33.515359000000004,-86.823369
21,37.211412,-77.372835
21,28.36851,-81.370918
21,37.49561905843022,-88.16995024639047
21,35.364949,-118.967601
21,40.740101,-73.845428
21,39.909448,-86.07664799999998
21,33.57679,-84.34111800000002
21,35.265188,-118.906274
21,34.085583,-118.30172
21,41.665266,-76.26171
21,36.225774,-119.465925
21,40.63028,-74.016828
21,39.199222,-77.918021
21,47.73277,-122.14245
21,37.806507,-122.237831
21,42.520018,-71.508668
21,34.54312,-118.03088
21,32.71241,-97.063004
21,34.052859000000005,-118.258897
21,28.447594,-81.47094200000002
21,36.143935,-85.37223399999998
21,44.241775,-121.474224
21,40.845828,-73.93089499999998
21,29.016201,-81.323868
21,25.80837600000001,-80.262854
21,33.997040000000005,-117.931015
21,30.185033,-97.853031
21,45.686043,-110.503622
21,39.13851,-84.53294
21,37.317589,-121.934334
21,37.808498,-122.366852
21,33.760086,-118.147148
21,36.7474329469836,-119.80276465358828
21,35.149212,-80.791656
21,26.236842,-80.172783
21,45.40259957291888,-120.78936695994952
21,37.694519,-122.05648
21,34.01306,-117.344
21,27.37442,-80.409882
21,47.69371500000001,-122.329522
21,33.78919243796449,-84.39082503278546
21,29.813259,-95.37262
21,47.319443,-123.139923
21,43.034859,-87.923508
21,45.539482,-122.559971
21,29.189345,-82.140147
21,34.470364000000004,-117.34641299999998
21,29.77438,-95.3121
21,29.409228999999996,-81.119339
21,32.899213,-96.718218
21,37.536672,-78.194041
21,30.595533000000003,-88.154274
21,33.679657,-117.879443
21,35.04699826223828,-81.80918812712758
21,30.444018,-91.227087
21,36.900018,-121.690524
21,40.285288,-111.725327
21,40.80690900000001,-73.906707
21,40.332915,-75.969111
21,40.71214000000001,-112.245027
21,28.814744,-81.413212
21,34.051458000000004,-118.188764
21,39.904698,-74.97166800000002
21,33.741495,-84.406897
21,38.71438,-121.4876
21,42.141186,-72.551231
21,32.733065,-97.387801
21,28.447071,-81.47086800000002
21,27.56884,-82.42543
21,34.773972,-81.183867
21,38.695733,-76.872573
21,38.657242,-122.662754
21,29.320038,-98.531074
21,43.533445,-91.940771
21,44.96602,-93.26571
21,40.794117,-77.624753
21,33.714756,-84.24092900000002
21,30.126520000000006,-81.703788
21,38.893497,-112.411575
21,40.297199,-79.15435
21,34.043725,-81.768637
21,36.835484,-76.28720899999998
21,41.414293,-73.40890999999998
21,40.40701,-76.600438
21,30.253071,-81.516144
21,30.546834000000004,-91.03653
21,30.200878000000003,-97.772171
21,34.152714,-118.094696
21,45.189756,-117.997102
21,37.74491,-122.40505
21,40.678674,-102.960333
21,32.350214,-95.328939
21,30.372093,-81.761215
21,40.683616,-75.288533
21,32.839065999999995,-97.150192
21,33.92503,-118.326576
21,39.802208,-86.083428
21,33.917334000000004,-117.437588
21,30.51571400000001,-81.795455
21,42.902949,-85.67732600000002
21,29.902664,-95.551941
21,37.994461,-122.069885
21,35.240265,-80.939392
21,37.69998,-121.9258
21,38.39939475041199,-82.38112091978846
21,36.130744,-86.727506
21,36.154682,-86.759506
21,33.779175,-118.207103
21,42.901107,-85.677684
21,40.69176078,-111.95215344
21,34.793186,-82.25625600000002
21,40.55295200000001,-78.794258
21,40.401752,-80.106636
21,47.490562,-104.342407
21,33.977213,-117.202237
21,28.107897,-82.739937
21,34.021671000000005,-80.946304
21,47.742874,-122.186913
21,34.034126,-118.027214
21,33.86478,-98.552102
21,27.871734999999997,-82.326691
21,33.640144,-112.099716
21,41.464615,-81.698235
21,42.066695,-88.179665
21,34.037607,-118.038793
21,32.167007,-81.21599599999998
21,34.037153,-118.637988
21,36.466228,-121.390471
21,33.737019000000004,-117.833633
21,34.086009999999995,-81.18341099999998
21,33.16451668723504,-84.86688494641844
21,39.624062,-74.842626
21,38.191891,-85.732231
21,36.251207,-121.787037
21,32.133373,-111.106018
21,29.698890999999996,-95.497101
21,29.979427,-90.095233
21,38.04985,-122.760335
21,30.32329600000001,-97.580406
21,40.431781,-121.978222
21,39.362497,-75.70092700000002
21,39.963621,-76.66884499999998
21,40.700365304752815,-73.81530404055681
21,44.62969,-123.05773
21,34.086609,-80.947349
21,45.536345,-122.694958
21,29.779586,-95.340565
21,42.981941,-83.652191
21,43.466428,-88.366573
21,39.319456,-77.353566
21,30.352882,-91.127158
21,30.78447,-88.276489
21,40.577403,-75.891036
21,40.852982,-78.776703
21,29.832594,-95.51902
21,44.09144000000001,-123.09927
21,35.494949,-81.022324
21,30.408278000000006,-84.159468
21,34.624124,-117.20713
21,40.081146,-104.635054
21,34.03226,-117.3266
21,28.83713,-81.76764399999998
21,27.76298,-82.66168
21,40.073516999999995,-75.532043
21,33.964283,-118.120224
21,41.30677,-95.99501
21,26.384122,-80.107715
21,42.760166,-73.94593
21,30.409036,-91.101325
21,41.86965,-87.88578000000003
21,29.77426,-95.301125
21,35.082517,-80.940502
21,45.97687,-94.40894
21,33.647507,-114.34708700000002
21,47.610698,-122.332215
21,46.559947,-111.910291
21,32.96501,-96.82152
21,34.04797,-118.266563
21,39.72089,-84.28076899999998
21,35.216099,-80.856247
21,40.718506,-116.132927
21,42.050562,-73.89752800000002
21,39.62045,-104.89949
21,44.919664,-93.275065
21,32.734287,-96.696465
21,43.617539,-122.083092
21,40.184525,-77.23833499999998
21,37.25646,-122.11588
21,38.377423,-122.901276
21,37.620444,-77.501214
21,33.462159,-112.069354
21,31.802111,-106.302391
21,33.910975,-118.168819
21,36.34969353658509,-90.5250155921434
21,33.46181,-112.078086
21,45.557236,-122.678406
21,33.891068,-118.36132
21,39.641655,-121.430672
21,41.611931,-72.89888
21,38.89214000000001,-76.847306
21,39.01535,-76.97794
21,28.538486,-81.331505
21,45.87634205796301,-112.00854420608516
21,34.13763400000001,-118.362938
21,35.029943,-85.313203
21,30.317482,-81.73088100000002
21,26.678401,-81.79851
21,34.472929,-109.607297
21,32.882863283000546,-117.22803711835272
21,35.45864500000001,-120.748935
21,39.828337,-86.27565899999998
21,31.240459,-88.312798
21,36.98822,-122.00375
21,32.755688,-96.856735
21,40.6335031984299,-111.83417916244584
21,41.047329,-73.54306
21,41.122192,-73.331757
21,29.727981,-95.620998
21,33.279655,-111.966682
21,39.045909,-94.411004
21,41.589102,-90.571363
21,40.361938,-79.77166
21,45.5075,-122.72064
21,32.7425,-96.656914
21,34.077183000000005,-118.282005
21,47.289486,-122.306389
21,33.428814,-111.926285
21,34.572848081423885,-77.90084481202173
21,38.587179,-77.293746
21,36.675899,-80.71073100000002
21,33.912874,-118.145867
21,29.827326,-95.410614
21,41.551478,-73.033101
21,37.281792,-121.808235
21,40.757898,-80.11569300000002
21,38.721368,-77.55651999999998
21,39.55694,-110.76189
21,47.577267,-122.319374
21,46.35499834992239,-94.64340805962256
21,33.925022,-118.209785
21,38.555316,-121.370794
21,28.447773,-81.47094200000002
21,42.50916123369928,-79.20675873718638
21,45.222590999999994,-93.029099
21,35.39843,-119.145582
21,32.800259000000004,-117.149948
21,44.015593,-116.153736
21,40.870417,-74.057348
21,42.409618,-83.165359
21,34.023986,-117.744348
21,46.35122,-94.76957
21,33.88463,-118.35241
21,30.536595582816425,-84.58945870359139
21,37.515584,-77.659545
21,45.555484,-92.990848
21,35.221001,-80.81706199999998
21,29.539949,-98.379265
21,45.182714,-117.987162
21,40.072283,-80.741146
21,35.464386,-97.565582
21,33.92848,-118.28932
21,29.811033,-95.506348
21,34.234833,-118.290855
21,38.004898,-122.540237
21,29.49634909615757,-82.93891310652285
21,37.07906126958332,-76.3955032821827
21,34.035140275792905,-118.32958817425568
21,40.7779991624795,-74.04747605288483
21,44.675033,-123.851435
21,40.555908,-75.489372
21,27.447745,-82.544782
21,37.641109,-122.406021
21,40.72588,-73.766533
21,36.171806,-86.768288
21,41.634636,-87.578239
21,34.779709999999994,-82.099712
21,36.75275300000001,-119.775828
21,34.119669,-117.811233
21,29.731084999999997,-95.402946
21,30.44545,-87.24226999999998
21,34.149931,-118.08808700000002
21,27.982513,-82.32643900000002
21,29.918388,-90.004696
21,32.695114000000004,-96.894516
21,33.936508,-84.159424
21,29.553877000000004,-98.587135
21,33.89415,-84.262047
21,40.363127,-74.304902
21,39.557085,-76.26111
21,32.470668,-96.838531
21,28.59548,-81.504959
21,35.044106,-85.31420899999998
21,25.960225,-80.189004
21,30.437878,-87.261948
21,43.00369600000001,-83.747803
21,33.783091999999996,-118.22683
21,44.88977,-93.35351
21,32.795738,-96.815933
21,38.59903900000001,-121.408394
21,32.942013,-97.312836
21,40.586016,-73.936925
21,46.91821,-123.71943
21,42.33728,-79.586182
21,40.504372,-111.891251
21,30.392345,-97.725639
21,33.528619,-81.886387
21,33.480218,-112.044922
21,33.729711770850514,-117.38772511426264
21,47.661568,-95.988031
21,46.508822,-112.779461
21,29.944974,-90.089961
21,30.227891,-97.692065
21,35.533951,-97.58345
21,33.669166,-112.051624
21,34.046286,-118.238094
21,37.606258,-76.5951
21,33.994064,-118.404282
21,34.144786,-117.273602
21,45.624371,-123.083842
21,34.030179,-117.684538
21,41.620071,-83.541519
21,38.574719,-77.314819
21,40.662586,-73.84947199999998
21,30.466040000000003,-91.129097
21,37.620403,-122.425995
21,33.462092999999996,-112.049942
21,29.795549,-95.45079
21,39.77102100000001,-84.193269
21,33.126989,-117.104666
21,25.78639,-80.19519
21,33.856856,-118.028743
21,33.462137,-112.042627
21,30.471544,-91.156502
21,45.632897,-121.098255
21,39.634381,-74.932126
21,42.162936,-88.054165
21,28.383746,-81.55119599999998
21,33.978484,-80.86559100000002
21,37.545995,-77.32766
21,39.44198,-76.356858
21,38.392751,-113.01172
21,35.420681,-97.636269
21,32.759121,-117.204511
21,33.850346,-84.246565
21,33.331142,-117.15908799999998
21,33.877659,-117.65889
21,34.419417,-119.686291
21,25.733685,-80.29570799999998
21,29.733727,-95.359268
21,33.924558000000005,-117.915717
21,28.047534999999996,-82.738541
21,43.060699,-83.723618
21,37.421981,-77.480913
21,40.891371,-76.80228100000002
21,33.626163,-117.718849
21,37.734898,-122.408661
21,39.181117,-121.029915
21,45.68915,-121.38908
21,36.347515,-86.930283
21,30.452592,-91.062501
21,32.922259999999994,-117.22861
21,36.988595,-121.490924
21,34.110836,-117.533334
21,29.420139,-98.436905
21,40.563264,-124.211744
21,34.16344,-119.227452
21,35.42424559576309,-82.52821326216446
21,41.98093,-88.080276
21,28.19592833505537,-81.70930266341347
21,47.391701,-122.290733
21,39.964548,-76.418154
21,41.170202,-79.057675
21,32.1632,-110.9263
21,28.447931,-81.470943
21,35.753876,-78.635849
21,26.546086,-81.855901
21,38.720165,-90.30896
21,34.337006,-118.507751
21,34.068878000000005,-117.839455
21,42.933084,-85.671872
21,33.764496,-84.38511700000002
21,42.800041,-84.349046
21,30.254303000000004,-81.516678
21,36.826344,-76.283417
21,34.066921,-117.436943
21,38.697902,-78.427807
21,34.221744,-118.363341
21,30.314056,-81.66433
21,34.068657,-118.042221
21,41.79003,-87.82453000000002
21,44.959168,-93.200103
21,36.075439,-96.006592
21,32.743683000000004,-96.816071
21,47.712029,-122.30172
21,38.907133,-77.009571
21,33.10295900000001,-80.075577
21,40.880202054782494,-111.93732619232208
21,30.254459000000004,-85.941909
21,42.34884,-83.103185
21,28.550995,-81.101665
21,33.340246,-111.848983
21,33.458324,-112.355972
21,38.401787,-81.730295
21,38.786233663374006,-76.89686179124405
21,35.20985,-80.75718
21,32.246616,-110.88196299999998
21,43.560029,-123.282018
21,25.802523,-80.31707800000002
21,29.737913,-95.476601
21,46.843941,-92.364708
21,42.484101,-82.91745
21,34.168121,-118.58812
21,33.705387,-117.954247
21,33.975231,-117.549034
21,48.81813,-122.327118
21,34.224255,-80.726088
21,33.163137,-87.549194
21,34.305227,-110.206006
21,35.75299000000001,-78.63155
21,41.795513,-88.39224200000002
21,44.797012,-92.897301
21,34.042839,-81.098017
21,45.773421,-92.928814
21,32.852917,-96.562721
21,35.623718,-97.567146
21,45.52235,-122.685731
21,33.480781,-86.920856
21,37.511556,-77.467309
21,45.43372700000001,-122.565988
21,39.058632,-95.916992
21,44.902909,-93.198977
21,40.71666,-111.83388
21,40.229401,-84.197378
21,30.56911,-85.33381
21,40.656877,-80.092534
21,26.098089,-80.250725
21,29.737369,-95.515733
21,40.143707,-75.11560300000002
21,39.793366,-77.23105799999998
21,34.068115,-118.02873999999998
21,37.258087,-121.963051
21,33.683865000000004,-84.310005
21,33.4933,-112.22056
21,33.760659999999994,-84.4845
21,39.634037,-86.438988
21,40.585738,-122.360733
21,33.4702,-112.203346
21,40.84508,-73.9192
21,28.447119,-81.364642
21,39.75290179233669,-86.22032761532678
21,47.066551,-122.445099
21,34.19618,-118.40266
21,34.01289000000001,-118.17894
21,33.688448,-117.334467
21,45.401912,-122.572392
21,34.955631,-118.935724
21,44.858868,-93.350571
21,33.982997999999995,-117.342972
21,33.57963681204996,-84.35451865156003
21,34.875774,-118.893184
21,29.948824,-95.416687
21,34.689401000000004,-118.112646
21,39.810708,-76.945227
21,34.028032,-118.275736
21,35.324767,-119.037912
21,37.437155,-77.600574
21,29.851781,-95.298855
21,32.223234999999995,-86.117808
21,45.35092,-92.9992
21,36.24684,-79.99613000000002
21,42.424918,-83.093486
21,39.193993,-121.054197
21,25.916679,-80.324883
21,40.879061,-124.082327
21,32.921496999999995,-96.848145
21,33.911245,-118.172382
21,30.433976,-91.113605
21,36.713433,-79.908401
21,41.758247,-87.62593100000002
21,38.022152,-121.967644
21,29.565001,-98.655346
21,35.983119,-78.715347
21,35.26017,-77.572678
21,34.030698,-117.59831
21,35.574286,-82.502375
21,33.849817,-117.87616
21,39.893387,-75.221536
21,39.98332,-75.09841999999998
21,47.30958,-122.24818
21,40.114204,-74.98786199999998
21,28.172886,-82.76739599999998
21,36.298173,-119.243019
21,40.435959,-79.749207
21,34.798255,-80.35208100000001
21,41.891882,-87.614215
21,34.19,-118.18104
21,37.253017,-121.943726
21,45.526428,-122.581459
21,41.061562,-73.859227
21,30.19565200000001,-97.785034
21,40.15508,-77.62066999999998
21,33.916882,-117.283699
21,42.985394,-85.693031
21,33.924965,-118.20986200000002
21,35.078131,-120.540037
21,34.632496,-82.599602
21,41.08791232089477,-73.45704674685737
21,43.293018,-83.735352
21,39.6689,-75.67074000000002
21,34.693958,-118.169807
21,42.332275,-122.870568
21,29.99081969246869,-90.07028460459675
21,32.88790583594852,-96.70506119681976
21,34.8241,-82.454933
21,38.44692,-81.846336
21,47.909679,-122.782181
21,39.951416,-83.38025400000002
21,41.169102,-96.138245
21,34.394777000000005,-118.471037
21,27.96501,-82.44511999999997
21,28.461853,-81.377344
21,33.14555,-87.543846
21,41.873627,-87.804436
21,31.219483,-83.460864
21,39.701126,-121.785782
21,36.017354,-95.91157
21,33.947767,-118.295914
21,25.928163,-80.13566800000002
21,38.688785,-121.379392
21,32.719309,-117.081927
21,35.352471,-119.024486
21,41.373562,-74.614502
21,39.394768,-123.391548
21,29.731455,-95.480386
21,42.993137,-83.65708199999997
21,40.740547,-73.841454
21,40.940735,-87.220741
21,25.910158,-80.210365
21,38.766975,-121.253204
21,35.218788,-80.686432
21,25.883551,-80.21345500000002
21,43.580223,-123.261932
21,34.067656,-117.584344
21,42.316498,-71.23383299999998
21,39.291797,-84.318122
21,47.483543,-122.27034
21,42.85446,-73.773833
21,47.75594830490227,-122.19070315302756
21,30.461127,-87.300913
21,41.23820900000001,-73.02325400000002
21,31.76339,-106.48721299999998
21,38.896062,-77.104986
21,34.190543,-79.836732
21,44.92315,-93.40172
21,33.745556,-84.349213
21,34.384541,-118.48476399999998
21,34.031044,-117.327983
21,30.226557,-97.769524
21,34.498605,-117.776123
21,35.891467,-77.822745
21,29.742794,-95.399361
21,34.120426,-118.271271
21,26.060528,-80.16317
21,32.759663,-97.063004
21,33.919835,-118.235521
21,41.766307,-72.686364
21,45.345363,-118.161479
21,34.015546,-117.346882
21,34.287514,-118.406822
21,32.923908000000004,-96.764305
21,34.261685,-118.439976
21,38.719936,-121.358627
21,42.64913,-82.83804
21,44.425257,-123.061221
21,32.312103,-80.492144
21,38.71722000000001,-121.466652
21,29.438459,-98.463837
21,34.094128000000005,-118.206276
21,34.615909,-117.207086
21,35.83479699999999,-78.638512
21,35.278725,-80.793533
21,36.034952,-86.643601
21,29.659556,-82.417689
21,34.511634,-81.96803299999998
21,39.39539600000001,-77.42191600000002
21,32.895969,-96.898048
21,39.960139,-75.17988299999998
21,33.56897,-112.117439
21,34.159012,-80.910202
21,32.241726,-110.933895
21,38.544298,-121.509336
21,42.7655,-123.3381
21,31.748014,-106.318951
21,35.098856,-80.310326
21,45.787408,-118.232282
21,33.462593,-112.134552
21,34.142637,-118.47159
21,27.828377000000003,-82.679057
21,42.430332,-83.09401700000002
21,39.10632800000001,-94.573435
21,34.15933728,-118.4655869
21,42.274342,-71.109161
21,38.216373,-122.603455
21,43.106334,-123.357624
21,34.865831,-82.380655
21,38.334568,-122.712936
21,44.862245,-93.260528
21,44.918385743880656,-93.14471840814043
21,38.640087,-121.429153
21,34.15218,-81.253422
21,34.119946,-117.720413
21,39.75290179233669,-86.22032761532678
21,34.036747,-118.316303
21,32.801376,-116.974426
21,47.30919957138391,-122.3001587385068
21,38.917596,-123.058446
21,34.031109,-118.435277
21,28.457882,-81.309912
21,37.56221,-121.905434
21,33.832122999999996,-84.335274
21,30.301908,-97.715286
21,41.744893,-73.986786
21,28.355623,-81.495456
21,43.149488,-77.55625500000002
21,38.86811,-121.335166
21,42.378738,-83.215485
21,42.304958,-83.744156
21,34.220993,-118.473106
21,35.83479699999999,-78.638512
21,38.373852,-85.756935
21,33.565332,-117.106478
21,33.857490999999996,-117.980553
21,33.805473,-84.413437
21,38.900253,-76.792488
21,40.730898,-74.047987
21,39.452354,-77.350945
21,45.766489,-92.965144
21,40.71643,-73.97559
21,45.50686,-122.7173
21,39.104571,-77.544736
21,40.845055,-73.916702
21,41.042713,-73.78624
21,34.064201000000004,-86.57180799999998
21,32.654270000000004,-96.877983
21,34.059385,-118.42097
21,32.908188,-96.730438
21,25.82284,-80.32151999999998
21,34.512071,-81.963977
21,41.50986500000001,-74.074226
21,34.044259000000004,-117.156797
21,33.801968,-118.114662
21,34.420884847476856,-119.60561156215856
21,44.30136,-88.265575
21,41.120399,-73.374252
21,37.291483,-79.943124
21,32.669159,-97.311851
21,30.335911,-97.60289
21,39.70738,-104.82741
21,34.013447,-117.44487
21,38.030571,-120.236247
21,34.054951,-81.15598299999998
21,27.814040999999996,-82.659126
21,36.154921,-86.769277
21,29.723064,-95.501099
21,33.339420000000004,-79.474228
21,33.771062,-84.39047
21,32.791934999999995,-96.767396
21,36.188339,-86.81675
21,30.437275,-91.180145
21,42.42498,-123.3319
21,28.579395,-81.20744
21,36.080544,-119.052883
21,45.12399,-93.33592
21,41.844566,-87.956917
21,43.053489,-83.67023
21,40.79919934,-73.33791375
21,32.993842,-117.256425
21,37.909599,-121.288193
21,39.526562,-76.191963
21,42.167757,-123.646218
21,41.521573,-111.944215
21,35.940821,-78.68604300000001
21,44.78575900000001,-122.656716
21,40.84132,-74.16278100000002
21,29.95745,-90.09395
21,36.791911,-119.808601
21,42.836105,-83.703262
21,41.663151,-87.739021
21,37.563213,-122.038643
21,39.23234,-81.51126
21,29.675087,-95.583463
21,45.55981,-122.17327
21,40.000759,-111.483902
21,32.260174,-111.00238799999998
21,36.841675,-76.046193
21,40.071278,-75.133659
21,34.073761,-117.75222
21,34.05196,-118.44944
21,36.844786,-76.170433
21,30.251539,-97.748942
21,41.685513,-88.067291
21,31.92417,-83.772098
21,44.97327,-93.4006
21,45.584483,-118.458028
21,33.669106,-112.113464
21,33.390228,-82.085503
21,25.811402,-80.193826
21,36.147972,-86.777496
21,33.894283,-84.464119
21,47.71268900000001,-122.328182
21,32.148621,-110.957848
21,41.954641,-122.592396
21,44.861206,-93.318808
21,33.496732,-111.80374
21,34.063038,-117.195887
21,37.347507,-121.840889
21,39.964899,-75.18485799999998
21,34.145641999999995,-79.908752
21,35.609127,-97.550407
21,35.01769,-85.225649
21,40.809132,-73.19768499999998
21,42.212112,-87.95539699999998
21,34.06844258292165,-117.37467884961426
21,44.892005,-93.600537
21,33.939152,-86.458611
21,38.06652,-122.22563
21,45.174088,-93.300316
21,37.638741,-121.570597
21,35.529781,-97.565697
21,33.860076,-118.21602
21,34.066719,-117.235031
21,47.27761387802468,-122.25855231226797
21,42.98060774782665,-83.72894167860159
21,29.801432,-82.513992
21,39.67908900000001,-74.829498
21,25.889278,-80.209335
21,41.90567,-87.96884
21,34.98515,-85.331629
21,39.94554877262141,-75.16507744753281
21,27.536762,-82.488752
21,34.475923,-82.65289
21,34.137821,-117.331102
21,40.726375,-122.934532
21,36.115726,-95.851105
21,35.125592,-82.11076899999998
21,36.29829,-119.260817
21,40.811668,-73.285172
21,43.76749,-92.98983
21,34.011001,-84.559095
21,36.167853,-86.786345
21,40.73577,-73.858197
21,33.652590000000004,-112.27892
21,32.243443,-110.909663
21,42.671062,-73.748825
21,30.228306,-97.744324
21,34.390353999999995,-118.476219
21,28.332648,-81.58556999999998
21,30.246115000000003,-93.179276
21,47.30213,-122.25233
21,34.172071,-80.84705
21,40.4746,-74.40699000000002
21,39.19039,-123.207671
21,30.388568,-83.85406400000002
21,29.725129,-95.350443
21,28.330983000000003,-82.666193
21,39.286255,-76.73877
21,38.641285,-121.471451
21,25.459088,-80.475266
21,40.71468,-74.1537
21,33.972072,-118.12299
21,32.826443,-96.872391
21,32.895488,-96.757106
21,36.744235,-119.668954
21,33.778895,-117.877272
21,45.21486,-118.02496
21,39.0884,-82.53763000000002
21,40.138907,-97.591211
21,35.816723,-78.600858
21,40.756832,-73.954491
21,45.618977,-120.738346
21,41.98868,-88.08023
21,39.533791,-119.766586
21,37.701633,-122.153656
21,39.752410999999995,-86.146423
21,32.705414000000005,-96.932884
21,35.272781,-80.84671
21,33.700443,-84.090324
21,38.8663,-76.99142900000002
21,47.683311,-122.344398
21,33.745632,-84.389481
21,29.73176,-95.387527
21,36.191513,-86.777618
21,28.40156,-81.415782
21,36.11663,-86.72556999999998
21,34.159659999999995,-118.466141
21,33.873402,-118.266029
21,38.207302,-122.170906
21,40.369981,-76.189142
21,28.37063,-82.697447
21,45.507927,-122.708946
21,32.700945138775346,-96.82294964744172
21,42.94646,-83.65270699999998
21,34.060001,-81.015266
21,34.439499,-119.83374
21,39.00513,-77.03786099999998
21,44.956286,-93.192513
21,34.028141999999995,-118.4312
21,45.601644,-118.63981
21,30.215352000000006,-81.760865
21,42.38335,-83.029854
21,33.944297,-117.390155
21,38.286195,-122.107138
21,32.85525,-83.63616999999998
21,41.905888,-87.921165
21,35.335934,-97.441322
21,39.006689,-77.153109
21,34.018961,-118.178654
21,31.11282700000001,-83.42789499999998
21,34.071873,-117.887756
21,33.745651,-117.84256
21,34.033251,-118.162122
21,38.852104,-76.91757199999998
21,34.193851,-118.947899
21,34.048874,-118.191925
21,33.992844,-117.356461
21,37.401553,-76.808313
21,35.050681,-82.51571700000002
21,35.789372,-78.659286
21,40.157539,-75.072452
21,26.527973,-80.172661
21,33.666022999999996,-117.303368
21,38.834384,-77.44928900000002
21,35.406212,-97.557266
21,35.75444,-88.513664
21,30.6601,-87.200337
21,33.540024,-81.854709
21,34.037071000000005,-118.08908999999998
21,35.218786,-80.813469
21,39.66722130756536,-78.44475388489509
21,38.628669,-90.315524
21,38.972396,-76.327439
21,39.978516,-76.758133
21,30.025872999999997,-90.011543
21,41.045471,-76.012733
21,45.23936,-93.65233
21,36.06580853445021,-79.31634306869833
21,35.766075,-78.573738
21,45.528792,-122.686761
21,28.633786,-81.20734300000002
21,37.991226,-122.529732
21,45.043704,-93.452731
21,36.750248,-119.82505
21,42.984814,-85.675446
21,40.787837,-73.938131
21,27.828499,-82.638649
21,26.10659,-80.16851
21,35.786384999999996,-78.72065
21,38.141727,-85.583275
21,40.665275,-73.801923
21,37.39428,-77.642746
21,37.193642,-121.697716
21,35.013462,-106.067673
21,36.13902,-118.80768
21,41.54634,-87.31087
21,40.36641955356422,-86.78078055340393
21,45.583848,-118.622722
21,37.804085,-122.30273400000002
21,35.16367,-80.89520999999998
21,36.233515,-119.087168
21,33.816843,-84.362721
21,42.52205,-87.82398
21,26.237229,-80.136626
21,28.946734000000006,-80.949101
21,45.56069,-122.17204
21,33.932007,-118.10125
21,29.601551,-95.215637
21,38.860254,-77.219886
21,40.701775,-73.991577
21,40.289719,-74.792112
21,34.033283000000004,-118.181114
21,34.13217,-117.94976
21,27.806648,-82.662979
21,30.250174,-81.536163
21,33.825352,-84.489227
21,39.303663,-76.91409200000002
21,35.19994000000001,-80.77295699999998
21,41.15861535052701,-104.25921320865508
21,44.644848,-93.29525
21,34.558342,-111.907521
21,33.052829,-96.696199
21,42.596455,-85.93840300000002
21,33.805893,-118.14267
21,43.002022,-83.77269
21,30.003587,-90.031467
21,37.55262800000001,-122.304565
21,33.705177,-117.85498
21,39.8873,-75.104584
21,30.388976,-97.694465
21,34.86253,-82.279381
21,41.22467,-95.975945
21,35.8383,-78.67434
21,33.002752,-117.081231
21,38.712645,-121.378786
21,35.11534,-118.376118
21,32.833012,-96.612625
21,37.824707,-122.270416
21,33.910975,-118.168819
21,34.585466,-118.133943
21,34.433743,-118.385757
21,32.895523,-96.898064
21,29.112005,-82.02076
21,35.52829699999999,-97.58136
21,40.017586,-75.172798
21,30.332127000000003,-91.016197
21,34.055374,-118.196743
21,33.935405,-118.280342
21,47.38628,-122.29039
21,45.212888,-93.58725
21,42.221093,-122.722861
21,39.305267,-76.729888
21,29.808034000000006,-95.301989
21,33.628671000000004,-112.200285
21,41.170355,-73.194187
21,45.533572,-122.687158
21,35.93389000000001,-78.40982
21,33.540699,-87.451607
21,36.835156,-79.91945799999998
21,33.352539,-112.451354
21,38.107196,-121.39121000000002
21,40.683586,-73.65519499999998
21,32.691144,-117.168033
21,34.088589,-118.475449
21,29.404863,-98.557137
21,37.701082,-121.84625
21,36.83403,-76.13784
21,40.824109,-73.931133
21,28.199983000000003,-80.709825
21,25.818481,-80.206023
21,33.848040000000005,-117.87128
21,40.005741,-76.61702700000002
21,46.699930429235934,-113.44026446288376
21,34.383269,-81.78185
21,34.077187,-118.28133400000002
21,34.118147,-117.842081
21,36.184021,-86.77551600000002
21,38.852977,-76.98458199999997
21,32.794098,-96.699883
21,26.029153,-80.165261
21,29.874418,-95.433929
21,30.479692,-84.363014
21,34.863811,-86.10077700000002
21,39.378635,-76.450066
21,33.569657,-112.117406
21,32.91639,-95.467799
21,38.005534,-121.835298
21,33.65497469885989,-84.36501145322626
21,31.599974,-106.19339
21,35.895649194546245,-84.54197287519196
21,45.539075,-118.457877
21,39.782856,-86.153374
21,40.84665,-73.92532299999998
21,43.144566,-77.555537
21,33.200855,-87.580162
21,28.058918,-81.78867
21,29.95223,-90.086107
21,30.787132,-85.150664
21,36.153214,-86.687691
21,40.665989,-73.78887900000002
21,38.663838,-121.272192
21,42.914828,-78.76631
21,46.019964,-94.412902
21,34.594302,-82.636314
21,40.112308,-75.116915
21,38.88,-104.7571
21,37.608135,-77.360687
21,34.043301,-117.800774
21,27.996293,-82.389638
21,42.52432,-122.852401
21,39.91226,-86.04063000000002
21,40.509593,-121.956272
21,30.437718629691897,-91.02665305094229
21,34.654662,-82.2575
21,44.11009,-116.954519
21,38.77180900000001,-90.279945
21,29.68805200000001,-95.587639
21,34.544996999999995,-119.878027
21,41.840204,-124.109177
21,41.86210300000001,-88.10659
21,39.42010300000001,-76.640625
21,37.747368,-78.490689
21,29.619902000000003,-95.445935
21,30.18530100000001,-81.55629
21,30.386995,-97.744209
21,35.013113,-78.291956
21,34.1532,-118.363847
21,34.506824,-118.624962
21,34.630818,-118.218766
21,35.215610999999996,-80.780746
21,33.71907,-84.833511
21,38.86593,-77.05114
21,36.845833,-76.243217
21,40.931458,-73.856391
21,27.821105,-82.697841
21,34.89267,-82.160782
21,45.312963,-93.827778
21,34.040222,-118.579018
21,32.871793,-80.039457
21,34.279088,-118.469644
21,47.72309,-122.32364
21,37.155901,-121.655141
21,41.86639,-88.039474
21,33.776913,-84.391014
21,35.351254,-80.864677
21,29.970572,-90.029818
21,45.580819,-118.586152
21,45.364822,-122.368485
21,42.268929,-84.47689100000002
21,35.307053,-80.859909
21,32.720408,-96.832973
21,42.670096,-73.83785
21,40.736709999999995,-74.083153
21,33.999885,-117.353006
21,35.357431,-86.01050500000002
21,37.73679,-122.40319
21,38.597619,-77.315016
21,37.27715900000001,-122.00718700000002
21,41.052228,-73.810476
21,32.914986,-96.760422
21,34.276177000000004,-118.385814
21,36.09686,-86.708839
21,36.38029,-121.000984
21,26.303932,-80.119362
21,45.343097,-118.235152
21,36.799433,-114.113151
21,34.743854999999996,-86.63024899999998
21,37.890049,-79.59099599999998
21,27.473417,-82.56399300000002
21,34.036919,-118.300363
21,30.44977,-97.695442
21,36.979283,-121.892155
21,25.866352,-80.206958
21,39.143002,-121.861023
21,42.984672,-78.872869
21,35.767814,-78.575968
21,37.682365,-122.0744
21,33.931303,-118.38751
21,28.631886,-81.388451
21,34.022428000000005,-118.166923
21,41.008331,-73.697777
21,32.710991,-96.787782
21,40.7356,-73.26249
21,41.101711,-73.992599
21,42.948512,-85.656632
21,34.071812,-117.883921
21,34.069140000000004,-117.79786
21,27.806471,-82.68363199999997
21,39.28786,-74.62491
21,33.854057,-117.92896299999998
21,37.884064,-122.05333
21,37.996346,-88.934174
21,40.881977,-76.01213800000002
21,37.470184,-120.730594
21,40.82957800000001,-73.094658
21,42.405018,-82.959969
21,43.695191,-116.403611
21,30.598440000000004,-87.030619
21,35.286713,-84.815735
21,47.56098400000001,-122.378772
21,33.724390268165,-84.39400076825906
21,33.57719,-112.1169
21,40.515700578496386,-111.07206702179396
21,39.239192,-121.409302
21,40.30548,-111.69865
21,35.710205,-79.673416
21,39.224304,-76.064314
21,34.066479,-119.007124
21,44.991816,-93.066053
21,41.887285,-75.582327
21,44.92375016191041,-95.4320847983578
21,33.137944,-117.176436
21,41.243105,-74.176401
21,33.28261,-111.81346
21,33.480247,-112.038319
21,34.032932,-118.219734
21,30.229132,-97.886988
21,25.688304,-80.32197
21,40.123505,-75.04306700000002
21,26.669532,-80.172635
21,36.986881,-121.986038
21,38.224540999999995,-122.126472
21,37.426795,-120.784306
21,45.33254,-93.74198
21,45.069717,-93.287025
21,30.449775,-91.138962
21,40.84398,-73.945051
21,35.493198,-97.489532
21,28.466718,-81.46429
21,40.326154,-79.58524
21,37.957967,-122.503377
21,25.81282,-80.207146
21,32.736178636394804,-97.06181645347088
21,37.332008,-122.017372
21,32.789516,-96.782082
21,40.392015,-104.608017
21,30.167121,-97.790925
21,38.602276,-121.43676
21,25.941699,-80.245276
21,42.708338,-73.858283
21,33.886345,-117.517601
21,39.82461,-86.18131
21,34.173161,-118.535988
21,33.964890999999994,-80.995958
21,28.474869,-81.446175
21,42.001563,-72.164437
21,37.027713,-76.378401
21,34.117995,-117.907556
21,36.626261,-121.839205
21,35.693115,-78.583957
21,34.995585999999996,-81.946526
21,42.240486,-83.335922
21,31.130751,-90.13844
21,34.15967,-118.46619
21,33.646825,-117.361444
21,40.023983,-122.096359
21,33.242299,-80.53457
21,34.081828,-117.702656
21,33.50818276,-112.44413495
21,33.911861,-84.356895
21,45.560863,-122.550659
21,40.63913,-81.573808
21,44.36948,-123.7092
21,34.029888,-117.711663
21,41.94359,-88.04195
21,32.759319,-117.162064
21,32.152268,-110.933637
21,40.759871999999994,-73.700859
21,28.444627,-81.470603
21,29.990733,-90.067087
21,38.882583,-77.02211899999998
21,32.683926,-96.814484
21,34.634482,-120.405498
21,36.203363,-119.402106
21,40.636821999999995,-75.270569
21,36.992058,-78.697567
21,38.872467,-120.037642
21,33.641009999999994,-117.804199
21,39.541479,-104.868971
21,47.420006,-122.287292
21,44.950915,-93.105
21,40.772869,-73.989532
21,35.818711,-111.441274
21,37.423611,-122.095901
21,36.91625,-76.25413
21,35.196751,-80.79128299999998
21,33.461588,-112.450371
21,35.196781,-80.726448
21,33.880187,-117.603745
21,40.008571999999994,-75.210747
21,41.998469,-74.003906
21,34.152149,-118.150581
21,47.689291,-114.263469
21,42.547718,-83.788818
21,38.71510148,-77.46722817
21,34.07189727,-117.94643998
21,34.177303,-81.322639
21,35.049843,-85.26400500000003
21,38.021137,-122.539078
21,34.041920000000005,-118.277298
21,36.060902,-95.733276
21,33.45659852011939,-111.889539956513
21,42.07406402,-90.17510533
21,42.90032100000001,-78.433093
21,33.42727,-112.04346
21,39.847949,-74.492411
21,39.18736,-77.68002
21,39.97063,-76.69291
21,34.477493,-83.042854
21,29.034869,-81.95776
21,33.922562,-84.48479499999998
21,39.9202930925373,-76.74599289857505
21,32.496598,-93.7596
21,41.732292,-91.642161
21,30.289301,-81.981941
21,36.153935,-86.758271
21,33.11705,-80.127601
21,39.946262,-81.984261
21,35.879814,-87.801926
21,32.978809000000005,-80.077538
21,30.626972,-88.11863699999998
21,39.755226,-76.107111
21,43.659927,-93.32048
21,28.56351971612661,-81.55851960143298
21,39.951796,-76.758752
21,33.98048,-118.20994
21,35.88105,-78.50237299999998
21,34.000665000000005,-117.84496
21,34.098064,-118.31462
21,42.76207,-74.114388
21,34.796712,-118.86701200000002
21,40.98864,-73.8405
21,32.45111,-93.754501
21,31.237619,-85.523979
21,32.903529999999996,-96.55645
21,43.206692,-83.714973
21,34.168121,-118.58812
21,38.67145900000001,-120.121212
21,40.77896476,-82.49104857
21,43.047737,-77.65791800000002
21,28.673207,-81.492819
21,33.925114,-118.209972
21,44.890167,-93.396751
21,39.072885,-94.532165
21,35.04674077017285,-81.8103039260778
21,39.505391,-76.268327
21,38.891848,-76.95604200000002
21,39.097257,-94.574454
21,35.29950200000001,-118.878531
21,39.79663252811529,-87.50879645305868
21,39.93361,-82.84258
21,37.128649,-120.255028
21,40.414486,-111.870277
21,41.272458,-76.451803
21,33.136955,-80.31037099999998
21,38.322318,-122.025779
21,41.87185,-87.8298
21,36.833842,-76.137732
21,43.126155,-73.509789
21,42.429604,-71.442879
21,27.283852000000003,-82.4489
21,33.136777,-117.171038
21,32.899204,-116.888145
21,40.549115,-121.72668600000002
21,35.796577,-78.53581199999998
21,40.082832,-74.93549300000002
21,34.206607,-117.413803
21,33.462158,-112.035346
21,28.403782,-81.578243
21,25.921168,-80.293123
21,36.147217,-86.74363699999998
21,46.82582,-92.450357
21,34.08168,-117.719498
21,32.895903999999994,-96.899226
21,33.669166,-112.051624
21,33.812046,-118.294995
21,39.860207,-86.39404300000002
21,43.064575,-83.52298
21,39.294799,-76.53162900000002
21,38.77180900000001,-90.279945
21,34.056087,-118.255882
21,45.210385,-93.583139
21,40.951231,-77.695312
21,39.26508307438247,-76.56225085221976
21,33.941959000000004,-117.55542
21,37.706104,-121.077545
21,34.13966,-117.245624
21,33.97922158225069,-117.54867911282754
21,32.781840562664115,-96.79732918693163
21,33.562946000000004,-86.73254399999998
21,41.567235,-87.322133
21,38.245017,-122.445311
21,42.919048,-83.474777
21,29.712961,-95.520993
21,25.856142,-80.253502
21,39.968223,-75.129144
21,38.386077,-122.827702
21,41.14703,-96.17276
21,34.042846999999995,-118.272886
21,33.204639,-87.56777199999998
21,43.142227,-77.64697199999998
21,42.370213,-83.083954
21,46.934612,-92.927673
21,38.802691,-121.205903
21,40.76699137668244,-73.83796334231452
21,39.20621,-122.037073
21,31.756075,-106.274101
21,37.983323,-121.28696
21,34.427917,-119.733612
21,45.010889,-93.08955
21,43.04744,-87.97264
21,29.676152,-95.267088
21,37.503829,-77.437496
21,38.946973,-76.83828199999998
21,28.263097,-80.727901
21,29.64453300000001,-95.538765
21,27.417444,-82.456583
21,35.80432000000001,-78.59504
21,28.315962,-82.42040899999998
21,34.002506,-118.410843
21,45.782808065196114,-119.32460188808764
21,33.46209,-112.11829
21,36.15276400000001,-119.286315
21,35.040536,-85.112831
21,35.4227,-118.947011
21,33.945541,-80.524422
21,37.70965,-122.12437
21,41.106555,-73.41577099999998
21,33.99143099768643,-118.28077197018489
21,36.833923,-76.136276
21,39.574809,-77.625465
21,34.019895,-117.987799
21,37.044347,-79.358991
21,43.00898400000001,-77.439217
21,34.466705,-118.329903
21,32.61734000000001,-96.425461
21,39.285024,-120.700769
21,42.806242,-112.374204
21,39.693317,-86.199067
21,28.494156,-81.418863
21,40.711029,-73.980591
21,25.811667,-80.38154899999998
21,37.943311929521826,-121.233969926256
21,32.424389,-82.442589
21,39.79663252811529,-87.50879645305868
21,39.09722,-84.52235999999998
21,33.846577,-118.206764
21,33.620113,-79.00617199999998
21,33.945634000000005,-118.251602
21,28.45165,-81.40056
21,36.211183,-119.654934
21,38.68887700000001,-121.084068
21,35.83540700000001,-78.669601
21,32.886378,-96.887534
21,34.223025,-118.248799
21,32.477771999999995,-80.97187
21,41.625404,-73.774231
21,38.6296,-90.22379
21,38.520987,-121.448299
21,34.009327,-117.963399
21,45.103569,-93.459518
21,37.280373,-121.864998
21,33.858340999999996,-118.299248
21,42.086288,-70.921631
21,27.780936,-82.67931800000002
21,35.111958,-89.869922
21,26.391251,-80.097972
21,38.581329,-121.388423
21,34.067464,-117.58678700000002
21,25.811668,-80.138474
21,41.44619107226636,-72.78879046405416
21,37.470098,-120.731908
21,40.161705,-75.88253
21,37.7882,-122.198982
21,44.16320200000001,-93.949206
21,32.398309999999995,-111.12707
21,35.09723067266894,-81.67188048323787
21,40.134833,-85.12737299999998
21,30.431852000000006,-91.077234
21,26.962212,-82.361188
21,38.62207,-121.1141
21,43.61336,-123.56792
21,33.426071,-117.609734
21,35.054328999999996,-80.769653
21,35.82550399999999,-78.621483
21,32.803177000000005,-116.946785
21,33.33083,-111.9808
21,47.22909808136353,-114.97577547972212
21,33.901958,-118.278397
21,35.740434,-80.364207
21,44.21607,-92.64964
21,39.881145,-86.269463
21,33.832159999999995,-118.167536
21,43.262624,-75.456542
21,34.035354,-118.328901
21,32.815984,-117.159243
21,34.007333,-117.348054
21,38.491613,-78.808298
21,30.441524,-84.436952
21,41.550794,-73.056936
21,29.708346,-95.401877
21,38.834538,-77.097862
21,46.16891500000001,-123.75589
21,33.821556,-84.2519
21,34.474812,-111.381042
21,40.901474,-74.126862
21,42.52370300000001,-122.830545
21,44.249166,-69.807469
21,29.78397,-95.467896
21,43.044391999999995,-73.537064
21,39.20223355274582,-94.49318289711717
21,42.45068,-82.917381
21,41.056069,-75.78003199999998
21,40.624898671910174,-74.30651307070586
21,33.852367,-117.462662
21,33.260821,-117.072938
21,28.006163,-82.303185
21,32.869858,-80.00885699999998
21,45.16405,-93.03111
21,35.814461,-78.604851
21,48.09642,-122.18471
21,33.775333,-78.983063
21,38.9428,-109.607138
21,33.431831,-112.297909
21,33.949665,-118.091896
21,33.62911500000001,-117.634241
21,35.129777000000004,-81.560462
21,32.665095,-97.329648
21,37.627453,-79.576126
21,36.091144,-86.704212
21,38.761706,-120.584981
21,36.517813,-121.783825
21,25.90498,-80.32467
21,37.294247,-121.960655
21,34.077319,-118.469945
21,38.271683,-122.677245
21,35.860741,-78.548485
21,44.99956,-123.002575
21,37.01317,-76.3243
21,29.962609000000004,-90.062072
21,34.029837,-118.156547
21,42.381917,-122.865193
21,35.391632,-97.560684
21,35.391682,-97.510834
21,40.603589,-74.054115
21,42.060034,-88.049149
21,40.10687,-74.89535
21,45.544491,-122.40332
21,28.146214,-82.740463
21,34.093776,-118.309188
21,33.758872,-84.37925899999998
21,34.10917,-117.98118
21,34.030907,-118.216629
21,40.850603,-73.946782
21,34.01861787,-118.17322612
21,35.86040999999999,-78.84923
21,34.148982000000004,-118.46903
21,29.992815000000004,-90.048869
21,35.26685,-118.985342
21,27.148961,-80.38166
21,36.158691,-95.95594
21,39.047266,-94.447436
21,32.350181,-95.326232
21,28.515872,-81.591166
21,37.284575,-76.709777
21,44.997608,-92.959061
21,34.50697,-117.503717
21,28.283596000000006,-82.693986
21,30.410434,-91.104821
21,28.559268,-81.495092
21,34.501256,-117.57291399999998
21,37.097162,-119.511734
21,29.593656,-82.923434
21,38.448107,-121.942288
21,37.224286,-93.226064
21,33.774271,-118.078171
21,30.469136,-83.398433
21,45.277387,-93.557873
21,28.393024,-81.506078
21,33.825497,-118.228226
21,41.87132,-87.75471
21,33.462315000000004,-112.23819
21,33.61737,-84.44997
21,39.831917,-76.685501
21,37.56909,-77.478665
21,33.913389444189484,-117.2851145261894
21,29.8909,-95.420692
21,39.097616,-94.57205
21,32.902561,-117.222389
21,40.78090200000001,-124.125545
21,36.085539,-86.690712
21,27.995963,-82.348136
21,26.433631,-80.08944100000002
21,36.187245,-82.035101
21,31.771317,-106.445268
21,34.010307,-117.823433
21,27.9531,-81.870216
21,30.470873,-85.959047
21,38.676231,-77.23661
21,30.249846999999995,-97.729151
21,33.996368,-117.870354
21,33.736829,-84.98866899999999
21,33.662420000000004,-117.754887
21,34.067326,-117.553571
21,42.781956,-83.534386
21,37.584808,-77.440688
21,38.876742124372115,-94.52612042381986
21,40.10438900000001,-75.21318000000002
21,38.150974,-122.449379
21,37.991538,-122.300389
21,36.14067435247353,-86.7321789260543
21,40.610756,-74.031441
21,40.065157,-75.58450400000002
21,33.938111,-84.157259
21,40.786697,-73.823868
21,32.881237,-96.877066
21,36.036945,-79.786372
21,25.789073,-80.20444499999998
21,37.538467,-121.927246
21,38.436432,-78.854271
21,44.88592,-93.295952
21,28.810112,-81.682743
21,29.951966,-95.3209
21,40.707574,-84.005735
21,36.402028,-119.780319
21,39.206512,-94.491356
21,38.797421,-77.56564300000002
21,29.89798900000001,-95.429253
21,31.550825,-85.284607
21,41.68679,-91.499763
21,33.928509000000005,-118.29158
21,35.92325,-81.26192900000002
21,42.28514000000001,-71.5671
21,34.054482,-117.978162
21,25.748524,-80.319855
21,33.873402,-118.266029
21,38.762218,-78.63383499999998
21,40.779158,-73.5729
21,33.9136,-84.20464
21,40.082606,-75.08350899999998
21,33.127433,-117.212678
21,41.08374953250368,-73.92411589587245
21,47.49607443786861,-122.27035403193344
21,45.180172,-93.112755
21,41.277802,-88.23960100000002
21,34.067418,-117.435805
21,35.22992,-90.213128
21,33.538251,-117.674919
21,33.862306,-118.199285
21,44.88369,-93.13871
21,33.873611,-118.23611499999998
21,34.04797,-118.266563
21,37.531832,-77.27494899999998
21,43.666937,-94.650067
21,35.680275,-78.936788
21,37.794169,-121.983731
21,33.998259999999995,-117.369415
21,32.694457,-96.82308
21,35.92284799999999,-80.590141
21,34.076622,-117.745209
21,38.327171,-122.313926
21,39.412852,-123.336109
21,25.867393,-80.208443
21,39.742867,-84.167234
21,37.902592,-122.514183
21,33.853965,-117.92415
21,43.030231,-77.965118
21,47.119486,-122.43485
21,35.771011,-78.583244
21,33.859325,-118.290604
21,27.71670300000001,-80.947265
21,38.703517,-120.85628
21,35.477112,-97.465332
21,32.877926,-85.15158100000002
21,45.519994,-123.007562
21,30.449745,-91.180571
21,41.814769506255075,-87.91406750637094
21,39.125607,-121.575218
21,42.155097,-87.954752
21,39.929281,-84.18859599999998
21,33.382442,-111.967003
21,43.026064,-85.65358
21,41.238734,-76.99896600000002
21,37.885479,-122.308411
21,33.48793,-80.839325
21,34.029509000000004,-118.261485
21,34.102947,-118.195045
21,33.91642,-118.273941
21,30.182707,-97.541183
21,38.36031,-120.753988
21,39.13104600000001,-121.544397
21,38.76598,-90.124374
21,34.272584,-118.449158
21,32.251221,-110.914047
21,32.64998317,-96.88193679
21,47.664986,-122.322037
21,40.769554,-73.708752
21,42.38101,-83.146627
21,39.713999,-121.800194
21,26.311783,-80.169731
21,40.407326,-104.993233
21,38.489044,-122.85927
21,41.164433,-73.377998
21,34.072454,-117.930311
21,39.777549,-104.989023
21,33.710546,-117.781931
21,38.898995,-77.446613
21,25.577634,-80.37694599999998
21,41.512661,-88.098213
21,24.575999,-81.72784399999998
21,42.054897,-87.825989
21,38.138276,-87.473085
21,35.869878,-84.440435
21,34.516607,-82.309566
21,29.82607,-95.375451
21,33.93451,-118.352692
21,32.26552,-81.87333000000002
21,40.619389,-74.02375500000002
21,40.329083,-111.736074
21,39.14513469,-94.55965877
21,29.675611,-95.381798
21,41.64957,-93.634672
21,35.82550399999999,-78.621483
21,44.194999,-94.019031
21,38.971881,-120.955419
21,37.526825,-77.428841
21,40.003208,-75.194473
21,33.865922,-117.78797
21,36.610036,-119.313822
21,34.028236,-118.229942
21,36.150474,-86.749127
21,45.295783,-122.989714
21,44.098506,-121.301875
21,33.203742,-87.56738399999998
21,38.48473,-121.444901
21,28.650174,-82.07129599999998
21,37.325176,-121.886246
21,39.520245,-119.78346299999998
21,34.029872999999995,-118.392464
21,38.099869,-85.82450899999998
21,40.752056,-74.000999
21,35.414623,-97.318161
21,32.234299,-110.958704
21,38.44574,-122.724037
21,43.016379,-78.260961
21,33.08448,-80.65303
21,37.329343557179776,-120.563224553487
21,34.036747,-118.317745
21,37.160648,-109.85846200000002
21,44.673695,-93.013626
21,42.341304,-83.442222
21,30.09143471703485,-97.67956137610588
21,38.276164,-104.604119
21,37.772948,-122.40655
21,30.44487,-87.228661
21,39.830826,-105.006203
21,33.766697,-84.52847299999998
21,33.942935999999996,-117.472694
21,39.584488,-76.097379
21,44.434366,-121.928424
21,44.12187,-94.12967
21,27.727013,-80.54606
21,25.829285,-80.245094
21,34.566018,-84.521609
21,40.899135,-74.240463
21,34.043137,-118.273588
21,30.443846,-97.742393
21,30.24680972084881,-92.8479158873899
21,26.260412,-80.133423
21,42.385609,-83.25618
21,33.744537,-118.004768
21,39.943645,-75.19534300000002
21,28.497656,-81.272589
21,38.55075,-121.42342
21,41.698673,-71.15259300000002
21,44.966032,-93.259895
21,42.052021,-88.02847299999998
21,37.810625,-122.364573
21,41.164945,-73.354371
21,40.534733,-122.336201
21,40.30383,-83.06379
21,37.865192,-121.667648
21,34.064377,-117.79586
21,45.661743879100506,-110.64782738632844
21,38.817741,-77.639099
21,47.464703,-92.523218
21,41.770833,-72.680858
21,32.29298,-95.305444
21,30.42698900000001,-81.656216
21,35.06127,-114.5892
21,33.930729,-118.389847
21,43.146801,-77.573219
21,33.872746,-118.27328500000002
21,41.53707100000001,-73.044106
21,37.753131,-122.40301200000002
21,32.708645000000004,-117.098251
21,36.456101,-119.322473
21,39.29763,-76.502602
21,42.984756,-83.73317
21,34.036431,-117.321893
21,36.702522,-77.549582
21,33.767713,-118.032571
21,41.698153999999995,-71.475037
21,45.027092,-92.971855
21,26.61181,-81.65324100000002
21,40.6937,-111.46942
21,32.720329,-96.827461
21,40.553972,-111.93868
21,37.765419,-122.404861
21,29.725718,-95.476395
21,41.599361,-87.68096
21,29.374215000000003,-82.20241700000003
21,40.878082,-73.903992
21,37.568367,-77.478042
21,33.730988,-84.231412
21,30.423187,-91.138741
21,35.475765,-94.255753
21,33.423645,-117.608498
21,38.930693,-77.243037
21,30.698469,-86.751518
21,30.354677438591217,-91.67821526483692
21,38.608975,-121.328794
21,35.831188,-78.569229
21,29.735853,-95.384361
21,39.78254,-86.14619
21,47.29538083053925,-115.16582608168044
21,26.30415,-80.16937
21,30.421875,-87.31729
21,41.192161,-73.19480300000002
21,40.772441,-74.032176
21,42.082926,-73.973451
21,45.29502,-118.03807
21,37.780518,-122.39808700000002
21,35.891379117794564,-119.40534710827156
21,33.672422,-112.03085
21,34.106766,-117.898956
21,41.632141,-72.873695
21,34.134246999999995,-117.353165
21,26.167287,-81.16575999999998
21,35.90717196447417,-86.44522547680643
21,39.982309,-85.633742
21,42.22688,-122.73758
21,33.737913,-118.305569
21,37.86521,-121.66764
21,39.64614,-106.31176
21,38.232722,-122.10859
21,32.720734,-97.533299
21,34.137756,-118.013927
21,47.391701,-122.290733
21,33.58248,-111.8905
21,38.62505,-121.38296499999998
21,26.65614,-81.812134
21,29.470213,-81.181765
21,40.729518,-113.403552
21,32.791271,-96.746307
21,40.779308,-73.94358100000002
21,42.199977636136055,-96.24189734413032
21,36.147221,-96.002213
21,41.471314,-81.731616
21,34.022029,-118.172947
21,42.202831,-71.822315
21,35.022915000000005,-82.330226
21,38.631734,-121.219532
21,35.540681,-120.713394
21,37.104335,-121.975085
21,37.670332,-122.115954
21,37.994782,-122.069526
21,33.788827000000005,-117.88653
21,38.89168,-76.95625
21,36.327334,-119.297286
21,30.090945,-97.72751
21,38.642353,-121.395027
21,34.719482,-86.62754100000002
21,39.77034,-89.666901
21,40.853658,-73.965014
21,37.284764,-79.551613
21,35.396546,-118.985226
21,34.015034,-117.086778
21,43.044159,-83.665222
21,34.095732,-117.900047
21,35.20167199999999,-80.76059000000002
21,45.524899,-110.621615
21,36.059108,-86.716167
21,34.50418353064296,-120.22642493190656
21,25.553113,-80.374246
21,33.995222,-118.001407
21,30.492047,-91.165918
21,35.969669,-119.289565
21,36.101742,-86.71264599999998
21,36.42981,-120.031351
21,33.865542,-117.326963
21,34.120963,-117.890091
21,33.420142999999996,-86.69459499999998
21,34.001476000000004,-117.351822
21,28.291561,-82.67747299999998
21,37.302811,-121.815689
21,35.841045,-78.61179399999997
21,45.495102,-122.523521
21,26.050129,-80.214763
21,28.453674,-80.821114
21,38.906778,-78.003273
21,30.296888,-90.403954
21,38.609308,-109.53601
21,32.658415999999995,-117.074722
21,40.753624,-73.744217
21,30.914056,-87.028161
21,35.83712,-78.61326600000002
21,42.38497,-83.171654
21,38.36925,-122.712801
21,33.581928000000005,-112.166227
21,40.253745,-76.82069200000002
21,44.982422,-93.243502
21,28.545687,-81.376751
21,41.108627,-73.40625
21,33.815705,-84.363692
21,30.56328,-87.04023000000002
21,34.046608,-118.268818
21,45.63874000000001,-118.68494
21,29.805655,-95.425781
21,29.290348,-82.172625
21,32.903152,-117.116127
21,40.497757,-74.410885
21,33.611521999999994,-85.781754
21,30.350201,-90.988222
21,26.645983,-80.10099
21,44.177725,-93.949095
21,34.319790000000005,-118.49444
21,33.872753,-117.331366
21,30.264404,-97.730515
21,30.326746000000004,-97.693838
21,41.18475079516799,-80.43553233108312
21,29.703704,-95.58088
21,40.186599,-75.999459
21,35.821682,-80.889207
21,30.718884000000006,-86.569366
21,40.083683,-74.93486
21,29.41662,-82.108627
21,45.59948,-118.638308
21,36.045249,-86.714732
21,36.65039,-121.725278
21,34.194818,-81.353398
21,39.505599,-86.069594
21,30.308023,-97.515045
21,28.0275,-82.22223699999998
21,33.938655,-117.291158
21,35.00071,-80.866562
21,33.810244,-84.374554
21,42.10952800000001,-123.67758
21,33.982681,-118.280394
21,41.827824,-88.028145
21,27.880175,-82.801518
21,37.970372,-120.28165
21,33.081168,-79.992836
21,32.759506,-97.076057
21,38.866559,-77.062846
21,33.994678,-118.355011
21,33.919801,-118.103685
21,40.685192,-80.095619
21,46.73625,-92.17113
21,39.14507031422069,-76.64488434755019
21,38.450733,-121.942276
21,40.923763,-72.707916
21,35.366707,-117.61964
21,29.732363,-95.383095
21,37.76778,-122.39599
21,34.01854,-117.91984
21,40.428639,-79.937794
21,28.555984,-81.313457
21,38.661013,-121.36435
21,33.597919,-117.676453
21,38.814857,-104.819939
21,43.65154623964476,-93.98098826363572
21,40.694408,-74.261337
21,33.414871000000005,-111.904404
21,33.941364,-118.096634
21,38.648003,-121.325073
21,36.00976,-96.0052
21,32.705236,-96.827152
21,38.730312,-90.332359
21,41.66267,-87.59124
21,40.4566,-74.24645
21,35.419758,-97.508003
21,26.014923,-80.167252
21,34.06773,-117.435066
21,34.034924,-118.175224
21,37.446945,-122.273567
21,34.8915,-82.55521800000002
21,37.891293,-122.049194
21,47.15813,-122.35592
21,41.89963,-71.36506999999997
21,39.661298,-86.08323399999998
21,28.29390900000001,-81.60470600000002
21,44.943146,-93.274513
21,41.871464,-87.83530400000002
21,34.776939,-118.170824
21,29.679827000000003,-95.335472
21,34.83436,-117.186516
21,30.077936,-82.677561
21,33.990986,-117.931801
21,34.072272,-118.053628
21,33.04081,-97.005123
21,47.788516,-122.143441
21,35.24414,-85.873323
21,30.369924,-91.079628
21,26.194038,-80.209023
21,39.753768,-76.014696
21,45.28602,-122.565609
21,27.130619,-81.985297
21,34.720009000000005,-86.592751
21,35.608788,-118.946053
21,33.88739,-118.343826
21,28.188037,-82.72515
21,33.421916,-111.942375
21,37.92638400000001,-121.429435
21,42.555531,-79.11215200000002
21,40.167023,-75.290276
21,40.795436,-72.915059
21,38.960566,-76.912266
21,39.03308272,-77.14203715
21,38.5439121721337,-121.76835179270854
21,35.609203,-97.620842
21,34.100978999999995,-118.248697
21,34.425119,-79.841776
21,34.073234,-117.091418
21,32.933307,-96.822698
21,29.549557,-95.150077
21,29.0261,-82.157845
21,33.384597,-117.24809
21,30.535299,-97.692169
21,39.778414,-86.141277
21,41.567298,-72.910777
21,40.229569,-76.430941
21,33.970118,-118.081946
21,40.674343,-111.901459
21,34.8465,-82.446754
21,33.968002,-118.247673
21,42.38138,-122.90762
21,33.974651,-118.280998
21,34.212646,-118.349106
21,42.327222,-122.941288
21,38.5316,-112.61055
21,30.358189000000007,-97.688147
21,32.213555,-110.892199
21,38.720666,-90.305759
21,40.626759,-73.727974
21,39.642381,-75.810851
21,38.550697,-121.422218
21,32.250293,-110.96096599999998
21,30.516469,-87.268359
21,35.40987,-80.854897
21,35.732838,-78.620147
21,33.652415999999995,-81.45581800000002
21,36.817041,-76.28152
21,38.489385,-121.390362
21,40.58785200000001,-79.749863
21,32.793365,-97.05706
21,45.07298,-122.93088
21,43.078773,-83.709007
21,28.322329,-81.39955400000002
21,43.148121,-83.734268
21,34.761719,-86.579178
21,30.304359,-97.841187
21,35.028321000000005,-81.287903
21,43.28008300000001,-87.921196
21,34.067703,-117.593521
21,32.681583,-96.744484
21,35.609778999999996,-97.558357
21,34.239887,-119.182053
21,30.71668,-81.66885
21,36.087455,-86.920709
21,47.60472100000001,-122.336243
21,41.56729817,-87.32913136
21,47.446606,-122.267479
21,32.759405,-117.173479
21,39.328359000000006,-120.236345
21,44.20632,-73.50787
21,33.568776,-81.756873
21,38.886548,-77.221001
21,33.684959,-85.26213800000002
21,25.92404800000001,-80.32233000000002
21,33.900238,-84.244011
21,39.454039,-76.31538
21,40.041798,-75.252174
21,34.779956,-92.21416
21,46.139666,-93.703009
21,37.39210900000001,-121.831585
21,25.8219,-80.206549
21,40.567778,-122.360433
21,33.90177,-118.3693
21,40.803161,-73.934547
21,28.065973,-82.56749
21,40.804504,-73.91243
21,42.487082,-95.150754
21,40.337207,-76.416294
21,35.835075,-78.582481
21,37.939613,-122.32483700000002
21,34.069839,-117.103908
21,33.614162,-117.706779
21,33.738319,-117.826508
21,30.34996,-97.51874
21,30.40365,-81.660804
21,34.072643,-80.98009499999998
21,45.320068,-93.561648
21,33.64066,-111.9775
21,43.017097,-73.796898
21,37.798083,-121.092426
21,29.52077,-98.51128
21,33.6381733415907,-83.98188471754082
21,42.377151,-83.03936800000002
21,33.879636,-117.555209
21,41.018871,-76.86779
21,32.6777,-97.080292
21,35.227668,-87.14425200000002
21,44.855658,-124.040891
21,43.802547,-117.933949
21,34.374271,-80.134323
21,35.40987,-80.854897
21,40.367354,-76.291365
21,34.777525,-92.236954
21,40.621239,-74.168983
21,28.496512,-81.729011
21,40.19450300000001,-79.728718
21,45.492081,-122.640579
21,45.71571,-119.00571
21,35.807174,-78.722688
21,39.46934,-87.033838
21,25.68968,-80.16385799999998
21,30.430071,-91.056786
21,36.641496,-119.790836
21,46.506705,-112.773168
21,33.817337,-118.18936200000002
21,43.6372768876856,-95.39856791450786
21,36.205934,-121.128918
21,34.091987,-117.47699
21,41.75174000000001,-87.97381999999998
21,45.587152,-118.639936
21,28.546412,-81.382301
21,27.140661,-82.409745
21,37.59589,-122.50392
21,32.923891999999995,-96.764886
21,33.913311,-83.784925
21,41.808369,-87.63265200000002
21,29.950657,-95.393188
21,34.232378999999995,-118.473211
21,38.85458,-76.965714
21,45.811117,-122.547142
21,34.170797,-81.22699200000002
21,39.702540635873305,-86.1135971542067
21,40.522265,-111.891305
21,26.746977,-81.424605
21,32.808052,-96.77845
21,33.002173,-80.628982
21,30.395365,-91.025334
21,35.865235,-119.89659
21,25.70603,-80.28754
21,36.881433,-80.893435
21,41.122341,-73.33228299999998
21,32.446809,-90.144506
21,41.880512,-87.645821
21,30.542625188681875,-87.19669461208727
21,29.600807,-95.228569
21,36.092753,-86.839763
21,38.786789,-90.533142
21,30.380646,-97.715973
21,30.424307,-91.007534
21,38.365427,-121.453825
21,35.54032,-120.713
22,35.770531,-78.635361
22,30.269159,-90.985064
22,37.685261,-122.129883
22,28.209545,-82.73955500000002
22,26.327932,-81.74897
22,30.081212,-82.063404
22,42.385609,-83.25618
22,40.555622,-78.094296
22,29.701109,-82.45782
22,43.846484,-123.044846
22,38.64045023899728,-122.5964677327986
22,36.241447,-80.24619
22,45.603084,-94.45454
22,37.935050725756,-122.51653790415516
22,38.19305777531532,-81.5005838867116
22,36.022456,-119.025793
22,40.79704,-74.47592
22,33.481705,-81.713921
22,41.80178400000001,-87.630703
22,40.594986,-74.235187
22,40.73434500000001,-74.12576700000002
22,41.843304,-87.631287
22,30.112795,-97.782295
22,33.12681,-117.108266
22,35.016739,-82.338433
22,34.059465,-80.972738
22,34.489739,-118.619076
22,39.85099,-76.907317
22,34.037234999999995,-118.284027
22,34.558836,-118.561094
22,40.801303999999995,-73.930077
22,30.450601,-91.180266
22,32.869583,-85.043686
22,34.88263249,-114.14841056
22,33.743481,-84.379349
22,47.58337,-122.221695
22,41.16377,-73.374689
22,35.02661,-120.272432
22,38.608971833998645,-77.30642437898013
22,26.808909999999997,-80.09806800000001
22,33.136722999999996,-117.169128
22,37.012743,-81.105417
22,34.029403,-117.129992
22,39.768181,-75.538635
22,40.63243,-73.883367
22,38.620398,-121.419509
22,44.928587,-93.143849
22,35.047277,-118.171981
22,42.316776,-83.083794
22,36.326535,-119.272882
22,34.644135,-120.514929
22,35.75445900000001,-78.612465
22,25.686003,-80.39307
22,37.458261,-79.835468
22,37.74502158,-122.15014815
22,30.49638400000001,-84.342979
22,38.771812,-121.25135
22,37.199395,-120.209589
22,44.85207,-93.48447
22,43.136649,-75.271056
22,33.955238,-118.247414
22,33.968163,-118.16787
22,26.962016,-82.350971
22,37.26921915990224,-77.32665896378838
22,25.588907,-80.376305
22,40.75776,-73.99685
22,33.759492,-78.918584
22,30.248416,-81.762778
22,38.5678,-90.3936
22,38.72168,-90.700027
22,26.547377,-81.795242
22,33.811199,-80.639397
22,40.640905,-111.452601
22,36.818844,-76.34364000000002
22,39.098184,-77.104034
22,25.565823,-80.428828
22,32.680217,-117.110384
22,42.746346,-83.413931
22,32.725119,-111.519214
22,33.94641,-118.029809
22,35.346538,-82.441826
22,45.037197,-93.017639
22,36.590711,-119.610633
22,34.80127,-82.24678
22,40.118477,-75.154503
22,45.9767639634801,-95.66421389534156
22,39.266693,-76.560585
22,34.127601,-117.918158
22,39.631147,-84.198577
22,36.059697,-86.670919
22,40.546981,-111.895237
22,39.076217,-94.605542
22,40.72782,-73.97168
22,34.215306,-81.39694399999998
22,32.389437,-95.285888
22,34.141655,-118.227592
22,44.83931422212201,-123.00839066446775
22,34.297318,-118.473602
22,32.794294,-97.236491
22,29.785239,-95.598571
22,29.079129,-82.257442
22,29.666332,-95.342705
22,38.543926,-121.33488
22,28.539169,-81.276459
22,37.701664,-121.769714
22,35.735508,-78.650459
22,34.232377,-118.47316
22,32.80863,-83.66301999999997
22,41.048301,-76.871305
22,30.375686,-97.673109
22,33.64209,-112.115936
22,40.194055,-122.2045
22,36.156396,-86.631408
22,40.413562,-74.447989
22,36.670487,-121.638563
22,32.793895,-97.453515
22,44.281471,-92.670166
22,38.660557,-94.36924
22,33.686781,-85.252253
22,30.029183000000003,-89.982603
22,34.109173,-117.981178
22,40.05213300000001,-75.559134
22,32.250715,-110.857938
22,40.74744000000001,-73.96864000000002
22,30.828570000000006,-85.758174
22,35.21952800000001,-80.836212
22,30.16853,-81.54196
22,37.675262,-122.032116
22,33.989917999999996,-118.064026
22,44.10904,-93.87873
22,28.264058,-82.346953
22,39.16008400000001,-84.552544
22,40.6411635873764,-74.21124100649733
22,40.510445,-80.135856
22,38.137898,-121.207226
22,34.029428,-117.329795
22,42.163353,-87.873558
22,47.385944,-122.827842
22,38.648434,-121.225464
22,25.798738,-80.246048
22,35.3525,-119.03888899999998
22,37.989528,-121.25486399999998
22,38.74596,-90.4311
22,31.790518,-106.371309
22,45.62739000000001,-121.21425
22,30.185441,-81.638921
22,36.68477,-106.11804
22,32.961717,-117.246093
22,37.52172,-120.933069
22,42.878726,-78.87558100000003
22,38.55817800000001,-121.385853
22,44.18004870393667,-92.57194876626696
22,32.925743,-96.815933
22,26.037372,-80.163534
22,46.736946,-92.162673
22,33.91489,-118.181458
22,44.812428,-93.398163
22,40.439301,-80.00891899999998
22,40.509941,-78.399712
22,39.927073,-86.029824
22,36.444276,-77.72377
22,36.083595,-95.856766
22,34.160065,-118.469734
22,25.799502,-80.20537900000002
22,33.4334,-111.889741
22,44.738338,-92.903984
22,38.554956,-121.371634
22,37.386616,-121.90554
22,38.055889,-77.350449
22,35.18416,-80.76135
22,25.77779,-80.321777
22,34.136165000000005,-117.57586
22,29.962354,-90.090062
22,36.972019,-121.990094
22,29.72941,-95.44641
22,29.848679,-95.32756
22,39.987131,-82.856999
22,32.356784000000005,-111.03528
22,33.520794,-86.84993
22,37.894883,-122.499615
22,40.131983,-86.128259
22,40.984466,-87.256348
22,39.74756,-105.0814
22,38.663838,-121.272192
22,43.208349,-77.686769
22,30.410058000000006,-84.845098
22,27.539765000000006,-82.503399
22,44.983692,-93.287682
22,30.379584,-91.067354
22,28.17584395395195,-82.39202141722494
22,40.17617,-111.64645
22,37.865564,-122.564017
22,33.884983,-118.203842
22,47.368479,-122.294047
22,33.603819,-117.171517
22,35.787063,-78.644437
22,36.182194,-86.608047
22,35.89165,-118.99133700000002
22,38.92976,-94.755819
22,30.17679333672439,-82.6871716972223
22,38.88453300000001,-77.225975
22,32.759760618053626,-117.18887686673553
22,37.867544,-122.218137
22,36.170390999999995,-86.768417
22,30.301267,-81.523146
22,25.673847,-80.322951
22,36.984224,-122.023174
22,41.907456,-87.661755
22,36.138302,-85.624358
22,34.746343,-81.32469
22,33.098861,-80.122582
22,41.53826,-72.95849799999998
22,34.018613,-118.173508
22,33.043916,-117.285735
22,45.658097,-110.763989
22,34.042095,-118.276367
22,35.591503,-97.434662
22,40.747559,-73.319221
22,26.355945,-80.11904799999998
22,37.386897999999995,-121.99601
22,33.855117,-117.975926
22,34.055739,-118.452239
22,36.23827100000001,-86.781
22,45.33645,-93.001325
22,27.316513,-82.111848
22,38.599964,-121.415352
22,33.268082,-117.436683
22,37.449246,-77.627593
22,34.729294,-83.009331
22,40.831021,-77.838724
22,34.06865716,-118.15103888
22,34.056049,-118.183029
22,34.817559,-79.159935
22,45.621431,-121.531254
22,45.515935,-122.699206
22,38.192905,-120.829239
22,44.965481,-93.287987
22,38.621288,-77.693761
22,36.545704,-119.358582
22,45.07294,-94.17435
22,40.738503,-74.217003
22,38.398527,-109.449418
22,41.397546529572494,-75.666950940725
22,29.849449,-95.476608
22,38.026756,-121.941864
22,34.551163,-118.510971
22,33.777218,-84.46321800000003
22,35.524525,-77.31926
22,37.669868,-122.392555
22,29.758531,-95.616213
22,33.920269,-118.281127
22,36.078744,-86.961845
22,37.92724013,-122.06066966
22,40.49703240375281,-79.93709206542998
22,34.941233000000004,-118.931196
22,33.997040000000005,-117.931015
22,25.643213,-80.334324
22,40.716351,-73.803169
22,43.108231,-77.49982800000002
22,42.04799000000001,-117.72497
22,34.035328,-118.369446
22,29.725718,-95.476395
22,45.03582,-92.862961
22,40.37698,-111.81588700000002
22,42.42192,-123.02698999999998
22,34.303253000000005,-118.479771
22,28.449932,-81.470863
22,34.222202,-83.72828100000002
22,40.73735833148604,-73.97449851000798
22,28.342242,-81.416267
22,47.225,-122.4635
22,39.389889,-76.722443
22,36.548336,-120.511444
22,35.795895,-78.51001
22,33.154756,-117.338064
22,29.940723,-95.414185
22,42.814804,-73.980678
22,36.984516,-122.029732
22,38.67046,-90.599564
22,39.45725798588058,-76.65061354600596
22,42.06646,-87.75541
22,30.054806,-81.611305
22,41.932789,-88.038078
22,37.654362,-122.490753
22,42.938851,-121.82766
22,33.908054,-117.45368
22,38.615656,-77.311459
22,45.829731,-108.383736
22,39.31108832340568,-94.55180525734636
22,32.90073752387571,-117.22020506802929
22,43.142219,-77.63642800000002
22,33.957291,-118.247336
22,33.654469,-117.379097
22,38.663673,-120.96405
22,33.952721000000004,-118.36916399999998
22,26.75934,-80.09135400000002
22,35.126049,-80.915939
22,41.095277,-73.444441
22,38.800090999999995,-77.07682
22,33.911739000000004,-118.15995
22,29.438309000000004,-98.50518
22,37.8374397752865,-77.97382235489857
22,47.25653300000001,-93.601097
22,39.797554,-86.106581
22,36.110676,-86.75529300000002
22,32.72083,-117.100935
22,33.972511,-83.847825
22,40.657385,-73.98293100000002
22,33.884743,-118.35271000000002
22,34.022414000000005,-117.552236
22,33.987576000000004,-118.362668
22,38.996205,-76.894722
22,38.71262,-120.841557
22,40.748139,-73.967889
22,33.859921,-118.299194
22,45.1811,-93.534015
22,44.93413,-93.27453
22,32.865496,-96.813447
22,37.404787,-120.748562
22,37.74116,-121.58024
22,34.40316,-119.526375
22,41.77473,-72.668366
22,40.071938,-75.34575699999998
22,34.356392,-117.438225
22,35.799061,-78.4748
22,36.301258,-91.443184
22,33.665138,-84.418549
22,37.826302,-122.277092
22,41.009858,-74.10619399999999
22,40.388256,-111.833611
22,36.157863,-86.799654
22,34.067399,-117.571285
22,28.543858,-81.382874
22,40.31073,-82.846397
22,40.100411,-75.293888
22,37.129621,-93.269867
22,38.474388,-121.408821
22,38.503555,-90.338707
22,25.811457,-80.196432
22,39.056156,-104.851158
22,32.70304799064301,-113.88982415144972
22,44.95164000000001,-93.146516
22,33.781296000000005,-117.879534
22,34.114809,-117.97776100000002
22,39.618387,-75.796628
22,32.85767,-96.880722
22,37.256137,-122.056293
22,43.808044,-93.289406
22,38.372958,-121.358401
22,38.040489,-122.787773
22,32.907539,-96.729608
22,40.227581,-79.590747
22,41.69887661914015,-93.57625365212644
22,36.714143,-121.717993
22,37.74162000000001,-121.57582
22,39.531413,-106.393093
22,37.756392,-122.148785
22,39.5323,-110.81785
22,33.171504999999996,-87.52490999999998
22,37.040219,-76.395686
22,34.107797999999995,-118.33072
22,26.392846999999996,-80.095268
22,32.749481,-97.289185
22,37.932167,-77.46817
22,40.55677056,-74.31960225
22,29.612238,-95.464951
22,43.637526,-95.52823
22,35.794537,-78.582642
22,30.391073,-95.495674
22,38.570973,-112.452787
22,37.48995423299079,-120.86871743144576
22,35.401058,-97.575912
22,33.56757,-112.121208
22,27.430725,-82.575468
22,34.061151,-117.963226
22,39.166172,-123.210869
22,35.702095,-78.601608
22,39.21534419041055,-86.59300446469022
22,40.75506,-73.996268
22,39.403919,-77.377975
22,33.912785,-118.269623
22,42.38232493380364,-83.422032594283
22,39.37902,-77.47206
22,32.72043,-96.840742
22,39.49568,-105.338301
22,40.780872,-73.639363
22,33.382011,-117.227783
22,36.765982,-76.264553
22,40.708664,-73.830687
22,33.638226,-112.237747
22,44.16195,-121.2578
22,35.834835,-78.671143
22,34.011383,-81.148788
22,34.118793,-84.077072
22,33.621320000000004,-117.71434
22,28.341482,-81.484101
22,34.037307,-118.038466
22,40.81862,-84.27441
22,37.435269,-77.256999
22,36.85345530492376,-80.86294770202227
22,39.089844,-121.551794
22,34.114835,-80.98908399999998
22,35.266913,-80.922388
22,39.465378,-121.5588
22,39.01616,-77.01935999999998
22,39.048564,-94.364328
22,34.055456,-118.452016
22,40.10638400000001,-75.213463
22,32.785603,-117.145325
22,26.556374,-81.750298
22,25.898418,-80.33930699999998
22,34.45473,-118.616073
22,41.149688,-78.850196
22,36.10472100000001,-96.020561
22,40.583832,-73.982826
22,38.878159,-104.835574
22,32.72931,-117.15936200000002
22,45.03232,-93.34684
22,38.301033,-120.705919
22,40.24057,-75.659927
22,38.703709,-121.345932
22,41.950916,-87.882538
22,36.13147,-86.898384
22,34.027458,-117.570029
22,32.823875,-86.618545
22,30.15984000000001,-97.776622
22,38.815134,-77.477047
22,34.034649,-118.267052
22,41.306667,-96.073715
22,39.91,-75.326762
22,37.544413,-77.308949
22,28.4719812868668,-81.40902399977965
22,40.925081,-73.827826
22,44.95115,-93.11611
22,45.70217013337278,-120.33178210201103
22,26.456116,-80.17441600000002
22,36.889967,-121.77322
22,36.781011,-119.841512
22,44.11092,-121.29401
22,37.8969,-122.101841
22,35.720751,-79.667588
22,34.080704,-117.628487
22,40.740961,-73.78663900000002
22,29.74225401864175,-95.3588283057434
22,32.94296622260597,-80.0524055953977
22,35.731949,-78.587193
22,35.80386,-78.694069
22,31.50396,-84.31725300000002
22,43.191727,-83.81425300000002
22,36.140684,-86.73218299999998
22,43.789967,-95.012398
22,26.38859152781301,-80.17100214919962
22,38.901332,-77.080947
22,41.872442,-87.791668
22,41.172559,-73.190083
22,34.059242,-118.252563
22,47.084643,-118.988311
22,38.655121,-121.033607
22,45.656797,-110.628993
22,32.908188,-96.730438
22,40.583508,-73.970558
22,38.525006,-121.44034
22,37.915276,-122.31752
22,39.536151,-103.61959
22,40.686407,-122.286777
22,33.151916,-80.972625
22,37.764801,-121.413239
22,38.009279,-122.121446
22,33.585390000000004,-117.232819
22,28.374464,-80.80416899999999
22,39.93029237,-86.16453767
22,40.711995,-73.7287
22,37.684356,-122.131161
22,40.696529,-73.980995
22,34.081753000000006,-117.709263
22,41.62603,-87.57908
22,33.99345,-118.069351
22,33.19883,-87.543114
22,25.911226,-80.30505600000002
22,28.493792,-81.459929
22,30.285461,-97.846786
22,30.21615,-81.76108
22,40.681869,-74.002545
22,35.550976,-117.713688
22,39.086949,-121.54533
22,33.818695,-117.239978
22,42.959724,-85.673454
22,33.928036,-118.254044
22,27.368504,-80.41307900000002
22,34.270344,-116.846809
22,27.48362,-82.636703
22,41.88569,-87.64619
22,34.214832,-118.351936
22,40.0453,-76.42517
22,35.226261,-80.841972
22,33.475245,-88.76628000000002
22,31.262465,-89.338792
22,36.952729,-78.213082
22,36.323823,-86.705149
22,37.263736,-75.96149
22,32.19523,-110.892648
22,34.580021,-117.934029
22,32.68221,-96.806716
22,33.75781,-82.504354
22,40.585545301243855,-111.89990401214644
22,40.765522,-73.86274399999998
22,30.387026,-97.648537
22,41.853157,-88.03892900000002
22,28.033169,-82.13155400000002
22,33.873159,-118.072504
22,33.291352,-111.93812
22,33.877662,-84.249848
22,41.68675,-87.6011
22,33.36953,-97.178139
22,45.66251,-118.78268
22,34.017308,-112.797967
22,39.255285,-78.216363
22,38.386136,-120.782655
22,32.836845000000004,-96.925362
22,39.720528,-121.837463
22,40.64679,-89.599998
22,35.020542,-82.252873
22,35.753116999999996,-78.648903
22,38.48317700000001,-78.810091
22,41.529,-81.65198000000002
22,35.278412,-80.78035
22,37.697717,-122.091144
22,29.737672999999997,-95.496346
22,45.010086,-93.197688
22,41.659431,-71.54870600000002
22,33.685573,-117.897151
22,28.449055,-81.470923
22,33.891289,-117.271812
22,32.838062,-116.681076
22,29.31547,-98.592873
22,35.078661,-80.845668
22,45.731407,-111.09375
22,28.341025,-81.482628
22,34.178977,-81.325438
22,38.464256,-121.417501
22,34.145043,-117.27376
22,27.970081,-82.45943
22,29.43833900000001,-98.460945
22,33.635578,-83.97803499999998
22,35.69010615331798,-119.23001646938692
22,36.286167,-119.799291
22,45.881256,-95.490211
22,25.870604,-80.323219
22,33.762271999999996,-84.53583499999998
22,36.74504,-119.820779
22,40.88168263,-74.12639737
22,33.928026,-118.237023
22,39.841661,-104.984119
22,42.280637,-83.44142
22,34.03352,-81.08830999999998
22,40.214873,-78.271675
22,32.177240000000005,-110.774411
22,32.837201356731235,-96.98813080741414
22,42.496212,-83.358414
22,30.439907,-88.71358000000002
22,31.113064,-86.111089
22,44.79995,-122.743596
22,37.229967,-93.279788
22,34.027187,-118.209587
22,34.025551,-118.20638999999998
22,41.767978,-72.683555
22,33.476686,-112.11306
22,33.796281,-117.894481
22,36.772278,-119.745377
22,35.32490900000001,-81.187634
22,34.048658,-118.448184
22,39.300631,-76.547437
22,40.159431,-75.214958
22,40.064583,-75.320868
22,36.0531699655721,-84.00314927061078
22,29.600685,-95.482239
22,35.62501500000001,-82.21063199999998
22,38.544781,-121.473984
22,40.11744,-80.40858100000001
22,47.538937,-122.334801
22,39.636157,-84.278514
22,41.07980300000001,-73.921806
22,35.395885,-118.803972
22,40.771292,-73.564261
22,42.03592,-72.68608
22,28.15421,-82.740716
22,25.833117,-80.206261
22,29.772776,-95.56266
22,35.207004,-80.865359
22,33.80608400000001,-117.880329
22,30.5374,-87.19516
22,38.894101,-77.014042
22,32.724052,-117.164902
22,27.762998,-82.66170100000002
22,33.788634,-84.39149
22,36.161312,-86.78449599999998
22,34.055612,-117.165343
22,40.74435353,-73.77131581
22,41.026886,-73.605621
22,35.894558,-78.858566
22,33.87718,-118.148011
22,44.058705,-93.392726
22,34.170799,-118.605888
22,47.164489030613105,-95.93301415397676
22,45.411443,-105.38221
22,33.842657,-118.299221
22,33.66769910000001,-84.41588759
22,37.997682,-122.53489
22,35.652992,-97.531677
22,26.88932776438289,-80.13177752456603
22,34.203834,-117.414626
22,33.884594,-84.469887
22,39.34512019138649,-76.50948643647901
22,26.185261,-80.152076
22,32.775096999999995,-97.287758
22,34.063078999999995,-81.04633100000002
22,33.894686,-118.366655
22,39.17588,-84.51957
22,32.853487,-117.232285
22,27.89680838571597,-82.34756112059426
22,37.399689,-122.031654
22,36.96673,-76.294566
22,33.428127,-86.744232
22,33.832432,-118.208939
22,32.810340999999994,-96.900162
22,33.857515,-117.875741
22,40.84186,-111.91617
22,35.420818,-97.494766
22,39.90428,-76.247509
22,26.696702,-81.920317
22,39.525444,-106.215438
22,30.709696,-81.672207
22,29.748503000000003,-95.379227
22,35.78112,-78.636421
22,40.804478,-73.918076
22,39.867886,-121.613457
22,30.340772,-97.753783
22,40.732826,-73.26173399999998
22,43.794875,-93.304116
22,32.892432,-117.210191
22,41.584778,-72.05282700000002
22,38.87214,-77.04321999999998
22,36.57961249,-119.63286281
22,35.062979,-85.07429599999998
22,39.097858,-77.10481999999998
22,32.253597,-110.891157
22,41.548862,-85.05637
22,25.781444,-80.199667
22,35.44515999999999,-97.21254
22,34.713122,-120.489176
22,41.10693,-73.419075
22,39.01520900000001,-77.10013599999998
22,38.227762,-122.095026
22,29.778484,-95.410744
22,29.990368,-90.033412
22,32.901767,-112.742418
22,38.309647,-122.713095
22,34.28558,-118.41177
22,35.326775,-80.732101
22,47.110821,-123.132797
22,29.162233,-82.14665699999998
22,36.307833,-119.709128
22,25.816086,-80.206008
22,41.061556,-76.334976
22,43.332584,-71.607079
22,39.37786459904013,-112.07907557434044
22,33.960156,-118.243052
22,38.019943,-121.258926
22,25.883915,-80.26303100000001
22,34.087253999999994,-117.650813
22,31.798063,-106.332603
22,32.264388000000004,-88.815933
22,45.420581,-122.572997
22,41.742921,-72.735414
22,38.798786401563646,-77.01895594560138
22,34.113152,-80.947716
22,39.880943,-75.546791
22,32.930440000000004,-96.75804
22,43.894336,-93.908281
22,45.075806,-93.332954
22,33.924521999999996,-118.048172
22,41.592249,-93.794501
22,33.67237,-111.970051
22,40.189591,-75.296839
22,38.867548,-77.31554799999998
22,34.34148,-118.505928
22,29.682952,-95.569691
22,34.269901000000004,-80.60765
22,40.909751,-123.78576499999998
22,36.61874,-119.45771
22,34.480265,-118.292675
22,43.97843241670617,-92.46811509088292
22,38.591568,-121.730095
22,33.778585,-117.208175
22,33.98568,-118.24411
22,29.967556,-90.05663
22,36.326576,-119.224709
22,37.843297719775,-87.5656163688299
22,37.926754,-122.321557
22,42.19223141650108,-93.57073903039183
22,38.682713,-121.33628799999998
22,46.375004,-92.790047
22,39.560719,-107.361458
22,34.037106,-118.297088
22,32.676656,-96.693984
22,34.71071362478871,-120.17921805324468
22,38.482174,-121.413328
22,35.478241,-97.519188
22,33.585026,-84.513145
22,34.317253,-118.489563
22,37.55364,-113.194617
22,41.677054,-72.768276
22,35.113074,-81.07494100000002
22,27.890864610539,-80.59369683227254
22,36.154682,-86.759506
22,29.75230800000001,-95.373711
22,33.576912,-81.769196
22,40.15395,-76.290368
22,39.268065,-121.015681
22,36.159375,-86.781003
22,33.509379,-112.152669
22,33.426403,-86.955528
22,45.588284,-122.545468
22,34.492092,-118.283428
22,30.218195,-97.772673
22,36.764511,-119.880264
22,33.74347,-84.373938
22,29.965290000000003,-95.429527
22,34.033306,-118.125023
22,43.03115,-88.04731
22,32.693366999999995,-97.470909
22,37.700802,-121.92276
22,32.998914,-96.824693
22,38.545666,-119.500135
22,33.879265000000004,-84.272797
22,38.635113,-121.382957
22,29.82066,-81.376901
22,33.912239,-84.207817
22,30.182865000000003,-97.687622
22,33.46329,-111.99506
22,29.803907,-95.372482
22,40.672387,-120.812449
22,34.03706,-118.291573
22,27.337761,-82.46392900000002
22,34.021965,-117.813141
22,33.416735,-111.891472
22,40.762203,-73.624245
22,33.862154,-117.538473
22,34.144890000000004,-117.278709
22,37.333441,-120.572365
22,34.06784176810232,-118.03053259793266
22,35.385278,-119.044444
22,25.786044,-80.189153
22,37.687484999999995,-122.133484
22,42.571581,-123.372441
22,39.015305,-77.004623
22,44.96921,-93.287802
22,40.832645,-73.95034799999998
22,34.873928,-81.752625
22,38.617943,-121.401381
22,36.327996,-119.672806
22,39.97917,-86.39281
22,37.95,-121.961314
22,35.850623,-78.798932
22,30.08467555031736,-90.428863763378
22,38.588737,-121.401505
22,34.032795,-118.274528
22,40.743214,-74.214005
22,42.500041,-83.54507
22,40.613819,-122.573273
22,27.820745,-82.66478000000002
22,25.464246,-80.494545
22,33.714733,-84.240814
22,36.307554,-119.71421399999998
22,43.706223,-122.287826
22,25.954897,-80.341819
22,38.425445,-82.238877
22,33.988689,-118.399811
22,26.08234,-80.172348
22,34.031689,-118.418961
22,40.420525,-78.447389
22,38.821339,-77.12751800000002
22,37.396159999999995,-121.907608
22,44.943534135604175,-93.27483773187028
22,37.690862,-122.470575
22,38.79773400000001,-77.57960200000002
22,33.682623,-78.99988499999998
22,29.66022,-82.41957
22,30.261865000000004,-97.735967
22,45.53684000000001,-122.684453
22,39.176142,-74.814092
22,38.638304,-121.203135
22,43.118253,-77.818608
22,37.17197,-121.672333
22,38.502378,-121.789123
22,42.19220900000001,-91.813334
22,33.725717,-112.113405
22,40.000587,-104.9813
22,39.67136264,-119.99899507
22,34.08186,-117.718445
22,35.134813,-119.452708
22,30.382893,-81.672638
22,33.868590000000005,-118.000212
22,37.704563,-121.924347
22,45.163605,-93.285576
22,40.838536,-73.93007
22,32.658449,-117.074515
22,33.714787,-84.241371
22,38.75072,-75.97676
22,33.745653000000004,-84.345247
22,41.341091,-72.234603
22,42.904133,-85.872398
22,36.84221148,-76.21658921
22,29.776784999999997,-95.272026
22,33.776408,-78.791089
22,32.288671,-86.187793
22,40.240836,-79.480802
22,35.191622972320594,-90.00825047450061
22,35.13557553274567,-89.8680031295306
22,34.044154999999996,-118.177979
22,39.951741,-111.278109
22,36.604058,-79.95108499999998
22,43.089085,-70.77151500000002
22,33.91263,-118.153548
22,40.750671,-111.568326
22,34.266079,-118.469398
22,38.466682,-121.496956
22,33.415442999999996,-117.603447
22,41.208768,-78.574904
22,37.298301,-121.869032
22,37.547215,-121.919724
22,35.931129,-78.574256
22,29.520729,-98.506851
22,34.195358,-80.303759
22,39.487985,-76.864074
22,46.94467663742569,-114.1197431082052
22,42.886363,-78.76758199999998
22,36.975658,-121.505728
22,30.740713,-88.107803
22,34.579190999999994,-83.459259
22,39.714901,-104.739776
22,37.261059,-79.941528
22,41.305572999999995,-75.765022
22,39.69653,-104.80997
22,41.570339,-72.72489200000003
22,39.683155,-105.887863
22,38.642231,-121.383336
22,40.2003,-110.907627
22,37.408806,-122.069798
22,40.462853,-123.842553
22,35.027861,-85.307603
22,29.777396999999997,-95.428711
22,37.96102,-77.90434
22,44.196373,-121.398594
22,33.619968,-84.4869
22,44.9489,-92.92586
22,29.677546000000003,-95.269745
22,40.785074,-77.72421800000002
22,34.7041690347924,-86.6818821426073
22,32.64043,-117.055557
22,26.042999,-80.163147
22,37.080156,-120.19304
22,41.11869,-74.16035500000002
22,32.49175429328684,-86.41112923580927
22,44.965755,-93.279326
22,41.547815,-73.068152
22,30.288072,-97.574547
22,34.053601,-118.639951
22,40.074585,-75.14031999999997
22,30.498341,-87.35661999999998
22,33.60575,-117.690192
22,39.304844,-76.899007
22,42.718363,-73.83373900000002
22,28.250217,-82.245678
22,38.515902,-85.772645
22,40.026701,-111.761137
22,39.30699,-121.110416
22,39.29627,-76.833376
22,33.85395169241975,-117.97502160016072
22,33.71423,-84.268364
22,41.592091,-93.771117
22,36.989011,-121.558182
22,33.56184840186328,-84.3149077888283
22,40.430653,-79.957886
22,36.036368,-79.78881899999998
22,31.762064,-106.360756
22,34.631126,-118.153328
22,35.449841,-97.489029
22,39.93405900000001,-86.158005
22,34.01927,-117.49856
22,27.852009,-82.664642
22,34.036999,-118.37748
22,47.473255,-121.744786
22,39.906487,-86.044624
22,30.216043,-81.513786
22,34.87948,-82.359973
22,40.773239,-74.041748
22,33.997040000000005,-117.931015
22,47.353699,-93.000687
22,38.495773,-122.755478
22,34.018852,-118.19123799999998
22,38.863142,-77.148834
22,36.010117,-83.840599
22,28.027219,-82.194312
22,40.0001,-82.93911
22,34.185686,-83.59222199999998
22,45.10058283784341,-93.2998573775611
22,42.60858,-83.21553
22,34.046735,-118.268591
22,37.89113,-122.06091200000002
22,35.324589,-80.826897
22,40.082355,-75.444923
22,33.503201000000004,-112.043671
22,34.053090000000005,-118.229471
22,39.750562906075714,-105.39898037860203
22,26.155529,-81.666725
22,25.782623,-80.37507099999998
22,30.599072,-83.546612
22,40.356732,-78.430263
22,41.87537,-87.64933
22,40.845345,-73.91350600000001
22,34.170237,-118.385978
22,34.645610999999995,-117.21653
22,40.023628,-75.225204
22,33.962523,-117.32206
22,35.797638,-78.49526999999998
22,34.905297999999995,-82.240001
22,26.112221,-80.168532
22,38.80224108677481,-111.52016758865584
22,25.599605,-80.316154
22,28.002098,-82.325805
22,42.50181,-71.11133000000002
22,32.717585,-97.285718
22,42.040997,-87.984955
22,26.714822,-81.608639
22,40.542903,-124.075971
22,33.960091,-118.280327
22,33.869529,-117.67176
22,38.663918,-121.225723
22,32.932216,-97.041536
22,29.086444,-81.979399
22,44.93857,-117.84157
22,33.970551,-118.375244
22,29.778906,-95.475875
22,32.806557,-96.840546
22,37.542862,-121.92181399999998
22,38.498528,-121.207138
22,33.49994301779985,-117.61803030911628
22,34.035472999999996,-118.43808
22,25.915672,-80.335144
22,39.76401,-105.5991
22,30.409494,-86.811643
22,42.85439372042249,-78.79108071289637
22,34.000782,-117.35221
22,25.867117,-80.322662
22,36.847827,-77.909278
22,38.524895,-121.467789
22,40.890606,-73.094376
22,38.093272,-122.229783
22,33.912238,-84.207817
22,33.912056,-118.159836
22,40.690693,-73.998749
22,34.0048,-84.5646
22,34.823601000000004,-82.291382
22,45.28244,-93.00332
22,39.960462,-76.728993
22,32.902218100000006,-96.76887631
22,38.046416,-120.248635
22,38.596024,-121.401497
22,38.912186,-77.4758
22,34.138858,-117.243669
22,37.522659,-77.823029
22,47.46777,-122.217903
22,43.28862,-124.22492
22,34.440795,-118.41913999999998
22,25.680768,-80.456441
22,30.723869,-88.370384
22,42.38234,-83.182732
22,34.48976500000001,-117.390678
22,33.825777,-117.523831
22,26.34586,-80.11822
22,27.786397,-82.683552
22,32.779201268993475,-117.07036614362204
22,33.408499,-111.891374
22,35.36525,-80.742149
22,32.916335,-96.742535
22,28.523019,-82.23716999999998
22,34.063109999999995,-117.417617
22,25.732124,-80.384361
22,41.810898,-71.351601
22,40.549633,-75.425919
22,37.649065,-107.807889
22,32.914493,-97.317075
22,40.34681,-121.763919
22,33.733055,-117.40597
22,44.420855,-123.061605
22,34.484379,-79.32285300000002
22,43.04472,-83.641479
22,26.508196,-80.07459200000002
22,39.627844,-77.775075
22,34.026796000000004,-117.33272
22,38.398634,-122.71348799999998
22,44.832569,-95.483543
22,35.183899,-80.750748
22,38.17005,-78.28054
22,41.136283,-112.025564
22,34.088608,-118.475204
22,37.28557,-121.868092
22,35.076524,-106.638847
22,32.570274,-96.82265
22,41.7149,-87.63618000000002
22,34.05722,-117.991768
22,34.047695000000004,-118.260821
22,37.667516,-122.098048
22,33.385589,-111.909048
22,33.233909999999995,-80.449936
22,37.18092100000001,-93.244642
22,35.768715,-78.523209
22,28.539135,-81.27646700000003
22,44.18004870393667,-92.57194876626696
22,29.784945,-95.666611
22,38.880997,-77.004568
22,37.940159,-122.324768
22,40.56964,-74.62563
22,33.94001,-118.34613799999998
22,42.360813,-83.054199
22,32.351869,-110.974788
22,37.13355,-76.885993
22,30.402961,-91.179569
22,35.26794,-119.00299
22,46.73209,-112.020569
22,35.439725,-80.368305
22,33.856914,-118.029584
22,40.739983,-73.845642
22,33.87355,-118.21682
22,40.242412,-75.648209
22,32.688232,-97.24037
22,37.017418,-76.45027900000002
22,34.535271,-117.835526
22,44.94977,-92.9863
22,26.655535,-81.668221
22,25.686088,-80.46165
22,41.056905,-73.514696
22,32.855408000000004,-97.150002
22,30.692086,-88.025432
22,34.067933000000004,-118.026865
22,32.720409000000004,-96.900063
22,45.217739,-93.595261
22,37.931492,-122.060346
22,35.787739,-78.668037
22,33.945794,-111.429874
22,40.11355,-75.462974
22,25.698926,-80.447632
22,33.027641,-117.22979
22,38.00935,-78.48236999999997
22,34.337767,-79.546624
22,37.063534,-122.057007
22,37.20146,-93.261898
22,33.757182,-112.50189
22,36.060967,-95.856559
22,34.618047999999995,-120.149414
22,38.878233,-77.267044
22,45.803705,-119.441664
22,40.158568,-111.669351
22,37.423658,-121.92284
22,45.683987,-92.990089
22,38.630009,-121.40152
22,43.593632,-116.36908400000002
22,27.772352,-82.675333
22,34.155198,-118.647677
22,33.734193,-111.97814
22,32.426446,-111.15899
22,26.008238,-80.16659200000002
22,33.846066,-87.258896
22,38.867172,-77.31766800000003
22,33.925367,-118.211548
22,27.309598,-82.447817
22,34.234178,-118.473197
22,40.32885,-111.63719
22,44.982541,-93.287428
22,46.678452,-92.740553
22,35.064101,-80.75760600000002
22,34.244862,-80.6537
22,32.851007,-96.771298
22,39.90127,-79.704484
22,41.259294,-121.987327
22,28.422524,-81.250674
22,25.926025,-80.17607
22,44.026132,-92.488227
22,33.918056,-84.33802800000002
22,40.880068,-73.902206
22,37.246464,-80.208316
22,37.423339,-77.612092
22,40.662918,-75.383965
22,39.24823,-76.679298
22,34.257274,-118.472353
22,34.06917,-117.59349
22,25.875647,-80.23459100000002
22,28.007467,-82.453164
22,25.946739,-80.194122
22,40.33578,-105.09302
22,33.98979,-117.350057
22,34.003769,-118.281158
22,42.922836,-122.428592
22,37.687484999999995,-122.133484
22,34.152427,-117.323845
22,30.164607,-97.692906
22,40.058551,-76.274136
22,32.76278614982241,-97.0629537100932
22,45.023209,-93.0896
22,36.151848,-86.85120400000002
22,38.052479,-103.715096
22,41.738437,-72.66448100000002
22,36.065744,-119.232333
22,45.03541589,-92.79236197
22,32.898941,-117.218869
22,36.544782,-76.57643900000002
22,34.456258,-92.757655
22,33.916121999999994,-98.510162
22,38.416096,-90.388611
22,39.127962,-121.541825
22,45.88998913743072,-95.51027655555956
22,29.691168,-95.535194
22,33.48884,-86.91803
22,34.134426,-117.674232
22,38.622988,-78.58168
22,43.017697,-85.676787
22,26.19981,-80.1478
22,30.382893,-81.672638
22,32.797905,-97.212082
22,34.661755,-118.757145
22,37.315931,-121.82927
22,28.443251,-81.470274
22,37.703403,-121.736855
22,40.964135,-80.305204
22,35.804871,-78.59597
22,38.978532,-120.884848
22,41.694413,-91.638475
22,37.68129,-121.159447
22,34.02898192389474,-118.39638590756228
22,32.560867,-96.822342
22,35.795921,-78.67603299999998
22,40.7624,-74.215251
22,36.962705,-120.062075
22,40.064072,-74.970703
22,47.190452813877144,-114.88674759810024
22,37.913956,-122.066795
22,45.419763,-110.666651
22,47.12095,-122.55329
22,32.908627,-96.953262
22,33.953274,-118.241287
22,33.96162,-118.368225
22,44.71496,-122.73759
22,34.135546999999995,-117.984268
22,45.303185,-93.554703
22,39.68200564365538,-121.85673594416686
22,37.929504,-122.096703
22,40.158825,-75.553329
22,34.927131,-111.647333
22,40.235039,-74.03808599999998
22,45.470306,-92.996466
22,32.83670783027249,-97.12818503333509
22,45.010548,-93.08979
22,25.580838,-80.396996
22,44.988415,-93.236778
22,30.344162,-81.668091
22,28.309086,-82.677235
22,48.857914,-122.587502
22,34.015097,-118.485277
22,34.030445,-117.651009
22,33.095328,-117.085468
22,37.779682,-122.39946
22,36.148874,-86.774749
22,33.94555,-86.869795
22,32.691837,-97.062447
22,38.009503,-122.022471
22,38.88597,-104.81904
22,29.864517,-95.300468
22,33.691574,-117.919519
22,27.312602,-82.451414
22,33.749291,-118.281978
22,33.979820000000004,-118.281067
22,30.167587,-81.555611
22,44.06460642793624,-123.17370057047285
22,29.626102000000003,-95.518303
22,32.927813,-96.771764
22,31.68001,-85.82452099999998
22,39.95692800000001,-75.15278599999998
22,43.060074,-83.822342
22,42.42851,-83.09448
22,26.114286,-80.169022
22,39.52626400000001,-121.481194
22,33.116135,-87.551506
22,40.837393998905,-86.32984757382235
22,38.594426,-121.016624
22,41.81068,-87.63031
22,35.980438,-83.937401
22,37.517133,-122.259891
22,33.931245000000004,-118.385909
22,33.767273,-84.530535
22,28.524383,-81.31866099999998
22,35.793708,-78.66220799999998
22,36.122323,-86.851287
22,28.254882,-81.318591
22,34.001301,-118.410054
22,34.030481,-118.274529
22,29.482819,-98.482062
22,32.443422,-93.722291
22,34.018745,-81.222397
22,34.423091,-118.58339
22,28.372812,-81.425911
22,27.435612,-82.395377
22,37.092255,-121.601463
22,45.59508,-94.191288
22,39.019833,-77.10543100000002
22,37.926251,-122.514609
22,32.499989,-93.722215
22,41.052675,-111.529676
22,34.099297,-118.247322
22,42.551006,-87.95235
22,35.147125,-78.8237
22,40.71337,-111.81825
22,37.324492,-121.889529
22,40.481818,-80.00758
22,32.475627,-93.78543
22,35.243041999999996,-80.84162099999998
22,38.907436,-77.03678599999998
22,45.251107,-123.848114
22,39.66739296894232,-86.09198927838281
22,43.005906343255006,-74.8934447761779
22,36.095527,-79.436658
22,37.032038,-76.369178
22,40.576074,-77.409353
22,27.873125,-82.832351
22,35.12154,-85.260712
22,33.998088,-117.858615
22,33.93919,-117.16317
22,27.993136,-82.326565
22,38.520566,-77.372646
22,32.144437,-111.008798
22,35.75682800000001,-96.66713
22,33.500883,-117.659954
22,39.22345,-76.805939
22,34.777882,-82.372155
22,34.055638,-117.765371
22,33.634654,-112.004059
22,33.854309,-84.483725
22,25.796953,-80.31925
22,25.609438,-80.365235
22,30.18327,-81.631798
22,42.483543,-83.26284
22,39.23605,-84.450897
22,34.31685,-79.82928199999998
22,47.25727200485584,-122.33037114085045
22,34.473226000000004,-118.646714
22,45.809431,-119.383821
22,33.385597,-111.925911
22,33.46257,-112.12931
22,33.988201000000004,-118.02773700000002
22,40.513203,-124.017192
22,35.891360999999996,-119.405342
22,39.91072,-75.14886
22,44.615108,-92.772461
22,25.811104,-80.140106
22,39.95692,-83.36758
22,34.087198,-118.234118
22,38.934141,-92.936986
22,36.06869,-79.302924
22,38.703702,-121.345921
22,38.507881,-121.57908
22,37.850394,-122.03391
22,42.190258,-87.881424
22,33.711049,-78.933392
22,40.577126,-75.799126
22,34.003087,-118.065241
22,33.516428000000005,-112.159851
22,39.684227,-75.65504
22,32.749970000000005,-117.108614
22,41.030362,-95.651918
22,45.67246,-111.006084
22,40.519424,-80.131935
22,33.744976,-84.390343
22,40.907309999999995,-74.499596
22,33.869411,-117.750336
22,43.095488,-75.87459799999998
22,30.311174,-97.681549
22,39.82452,-104.95921
22,39.9244,-86.19496
22,25.941013,-80.245242
22,44.42815,-93.292603
22,27.845246000000003,-82.63878199999998
22,37.744303,-121.593243
22,37.698733,-122.106619
22,40.805701017185186,-73.9214551445297
22,33.853821999999994,-117.928801
22,40.630319,-122.274223
22,30.33692000000001,-81.669228
22,36.52505900000001,-77.585297
22,44.062846898822485,-123.05714249552224
22,34.400859999999994,-118.832262
22,30.406044,-97.719261
22,34.474751,-118.65184
22,40.69656,-112.02126
22,45.011724,-93.200364
22,34.171267,-118.515003
22,31.781539,-106.414592
22,29.96936202034965,-90.06837487177816
22,38.98845076542383,-76.88342928849751
22,36.167324,-119.045401
22,30.105556,-90.497162
22,43.843768,-95.132064
22,45.07598,-93.32973
22,33.913837,-118.105324
22,34.397589,-79.900014
22,38.83684,-77.446967
22,37.785564,-122.39281499999998
22,28.409201,-81.532702
22,35.42372,-77.43412
22,33.941856,-118.026337
22,30.436281,-87.31607199999998
22,33.968167,-118.167854
22,40.69855,-73.49155999999998
22,33.985447,-118.413964
22,25.672758,-80.356162
22,36.01076960546488,-78.86768460236135
22,36.596638,-118.058978
22,45.396889,-92.994957
22,33.498393,-111.925823
22,40.549692,-79.738911
22,25.807955,-80.28092
22,38.165077,-122.577904
22,33.751758,-81.100486
22,40.604897,-77.056823
22,37.733096,-122.405622
22,39.982412,-74.78084399999999
22,44.85075,-123.01015
22,41.242048,-95.953609
22,40.74233651,-73.84030223
22,30.38265,-81.671272
22,39.64378,-86.125191
22,46.857583,-122.824727
22,43.952291,-92.061512
22,45.262395,-117.986479
22,34.051727,-117.161196
22,39.076351,-84.51681500000002
22,30.243473,-97.726082
22,35.189522,-80.77253
22,30.347571999999996,-97.712448
22,34.086972,-117.478874
22,42.948281,-85.634629
22,40.525141,-74.264535
22,41.036594,-111.677732
22,33.871482,-117.68551399999998
22,34.64434504492452,-86.56665444332806
22,41.87348,-87.80452
22,40.060085,-76.277439
22,35.734713,-78.659926
22,33.008331,-116.955147
22,36.909159,-76.260049
22,30.215779,-97.849047
22,34.148037,-118.078331
22,38.022089,-122.262691
22,40.837208,-75.67147800000002
22,30.393627,-98.086602
22,42.476184,-83.11846
22,34.055439,-118.214231
22,26.776527,-80.132861
22,33.390476,-112.604071
22,27.319871000000006,-82.57479000000002
22,44.86594,-93.154022
22,30.268703,-81.520386
22,41.565269,-87.743629
22,33.469315,-79.874312
22,34.032758,-118.129967
22,43.68417,-70.252563
22,42.69714000000001,-73.83899699999998
22,42.38543,-88.16091999999998
22,37.327103,-121.94088
22,33.816113,-118.187378
22,37.131478,-121.6333
22,47.55091,-117.21356000000002
22,40.077621,-76.765411
22,33.71981978400364,-117.79475569668872
22,32.765854,-117.15154
22,37.450343,-113.229464
22,37.80651500000001,-122.237827
22,40.48587,-74.415887
22,37.746316,-118.980093
22,35.435223,-97.543518
22,41.8448,-85.67101
22,39.99012000000001,-76.004301
22,34.113134,-118.630256
22,42.031223,-80.122292
22,28.534246000000003,-81.5271
22,25.75318,-80.20481099999998
22,26.084934,-80.210274
22,27.942963838444022,-82.54490733107306
22,34.030971,-118.258642
22,39.41387,-76.608191
22,39.330979,-77.666274
22,33.93932,-117.218231
22,25.829173,-80.205963
22,42.427542,-79.395276
22,45.467298,-123.844329
22,34.844943,-82.18823499999998
22,47.607262,-122.332443
22,34.868764,-79.45482700000002
22,41.35576,-72.09957
22,39.018902,-94.499298
22,45.066288,-93.197178
22,33.940464,-84.50331899999998
22,33.9134109,-118.11979651
22,40.80592,-73.93278000000002
22,33.824290999999995,-84.15151999999998
22,43.91629,-91.364479
22,41.13731,-111.913635
22,35.081425,-81.73043100000002
22,34.20475,-117.130669
22,39.481839,-121.575758
22,34.010826,-117.962944
22,33.800919,-117.878304
22,32.45703577979823,-86.38606667477423
22,33.825943,-118.24157
22,36.430955,-119.693551
22,39.052137,-76.92902600000002
22,40.731648,-73.871625
22,40.49422,-79.94325699999997
22,29.784956,-95.590538
22,33.90506,-84.238056
22,41.256652,-76.494197
22,47.235912,-93.51988
22,35.460381,-97.671303
22,40.682706,-95.908652
22,35.637341,-78.56485699999998
22,32.909414,-96.818513
22,39.050713,-76.93085500000002
22,28.630995,-81.387535
22,34.003265,-118.411209
22,41.87397,-87.68182
22,32.835763,-96.631761
22,25.87109,-80.32319
22,38.513036,-77.856412
22,34.87369,-80.934586
22,39.590954,-74.85199
22,37.681595,-77.451385
22,33.768963,-117.799461
22,28.468746000000003,-81.45858
22,42.386307,-83.020287
22,37.959772,-122.330645
22,33.77354979498971,-117.8715312475306
22,28.689905,-81.388805
22,33.935442,-117.226282
22,39.183886,-104.85037
22,25.823117,-80.206385
22,38.061886,-121.373779
22,36.954473,-120.653771
22,38.2729,-104.604485
22,40.349823,-111.768524
22,30.429028999999996,-91.135872
22,39.760554,-75.047748
22,41.632486,-72.685462
22,39.42728161793029,-76.38953804933362
22,37.111919,-121.015656
22,46.822067,-100.834053
22,41.046024,-73.766708
22,32.825336,-79.952698
22,30.417646,-87.19816
22,41.039961,-73.583281
22,35.308541,-80.861046
22,38.023173,-79.137106
22,25.803906,-80.38603499999998
22,43.008595,-83.600639
22,35.49648900000001,-79.267891
22,40.091781,-86.95916700000002
22,37.53198981267199,-77.37837195359526
22,38.673386,-121.6713
22,44.49102,-93.875031
22,39.831717,-77.225326
22,41.665901,-76.26326800000002
22,33.56143,-84.31464
22,40.961979,-121.578982
22,45.661663,-94.695301
22,38.892445,-77.166885
22,43.814341,-93.289
22,32.758339,-96.768318
22,42.7589,-73.763191
22,35.746924,-78.447036
22,38.799592,-77.598191
22,41.649544,-72.672073
22,33.920390999999995,-84.31424
22,35.74591755849959,-78.59321951828673
22,33.770138,-84.390556
22,37.55859,-122.2714
22,46.509547999999995,-93.960098
22,33.468049,-117.668071
22,35.24654,-80.91526999999998
22,34.030106,-117.711656
22,38.577171,-121.507769
22,44.988415,-93.236778
22,33.908302,-117.88281
22,26.136734,-80.1695
22,37.792638,-122.203929
22,38.22747,-77.405556
22,32.770554,-96.811485
22,42.059545,-73.981861
22,37.608028,-77.518303
22,36.966185,-121.978994
22,37.964332,-122.318398
22,37.460824,-122.290452
22,36.90963149053139,-76.26062035524244
22,41.54483,-72.274884
22,37.84773300000001,-122.027802
22,33.780003,-84.390877
22,37.47695,-120.64457
22,35.13877100000001,-120.63268
22,36.169547,-86.671541
22,44.661518,-92.85334
22,33.134588,-117.329536
22,41.03379607181056,-111.9475185865786
22,39.239763,-76.648575
22,34.768228,-92.261766
22,34.160045000000004,-118.225625
22,30.317025,-97.704076
22,38.393,-81.58843
22,32.75742,-96.821716
22,35.73927800000001,-78.60704799999998
22,41.66734500000001,-71.48707399999998
22,43.660259,-93.19503
22,33.38340640052136,-117.17441439572728
22,38.013016,-122.174568
22,45.01004,-93.17632
22,38.648062,-77.307034
22,37.720769,-121.655201
22,29.773290999999997,-95.247322
22,39.10166,-94.67931
22,34.172443,-118.532982
22,37.365776,-121.90541100000002
22,33.6692,-112.084148
22,40.064059,-76.305598
22,38.559428999999994,-121.477791
22,42.301697,-86.308914
22,29.786821000000003,-81.36201
22,33.669389,-117.822835
22,34.169059999999995,-118.612679
22,45.395261,-94.02563
22,41.482561,-75.67971800000002
22,39.023437,-76.428123
22,41.782727,-73.755711
22,29.40096500000001,-98.441025
22,37.326752,-121.881531
22,47.333199,-122.152237
22,27.771798,-82.70392
22,28.255806,-81.486313
22,33.946868,-118.368299
22,40.68186,-111.79793
22,44.94840502717519,-92.90934920266672
22,39.750507,-105.016624
22,39.277434,-122.035374
22,47.084643,-118.988311
22,40.601801,-75.554879
22,32.788544,-96.791801
22,26.759096000000003,-80.09101899999997
22,39.752522,-84.147026
22,42.23223,-79.78036999999998
22,25.744631,-80.396164
22,34.04797,-118.266563
22,40.987705,-73.67675799999998
22,40.32638,-111.73732
22,42.461804,-91.759003
22,33.186906,-87.526177
22,40.439103,-79.861566
22,41.787617,-72.65770699999999
22,42.016739,-88.28466800000002
22,39.068271,-94.560217
22,40.740543,-73.841324
22,40.256495,-76.857842
22,44.879793,-93.191519
22,33.884009999999996,-118.0289
22,43.027968,-88.07696700000002
22,33.941178,-118.096711
22,35.794537,-78.582642
22,33.567041,-84.53281
22,44.895618,-93.274895
22,30.359452,-86.155885
22,39.36722159,-76.747967
22,41.910511,-87.66489399999998
22,39.009729,-76.129699
22,35.199421,-80.771393
22,34.134212,-117.956772
22,27.97839500000001,-82.45359300000001
22,39.73664,-105.01436
22,38.663925,-122.876259
22,37.707907,-122.122704
22,33.73621,-117.989259
22,45.530014,-122.665314
22,38.713371,-121.364571
22,32.894778,-96.76926
22,27.58874,-82.103716
22,33.04213,-84.969864
22,40.69987,-111.868363
22,35.043999,-80.86483
22,28.344224,-81.534704
22,34.00962710364337,-81.15307688674376
22,34.444019,-119.954582
22,33.855339,-118.28347
22,40.146573,-75.324392
22,32.284022,-95.304725
22,39.684704,-104.959457
22,29.667749,-95.382988
22,37.834828,-119.073244
22,35.092939138245136,-118.91467451992553
22,36.24861,-84.18087
22,34.072037,-118.161087
22,43.631626,-72.319771
22,32.697747,-117.182656
22,34.111893,-117.302452
22,34.636413,-118.214528
22,37.32177,-121.99533
22,42.02103,-73.997545
22,25.855644,-80.244125
22,34.018532,-78.944932
22,42.57619,-113.976868
22,34.434090000000005,-118.617211
22,33.246138,-117.15322
22,37.199256,-93.26195
22,29.515188,-81.223076
22,38.348733,-121.990766
22,35.303104,-85.90600400000002
22,34.044825,-118.216047
22,39.09845,-84.51064000000002
22,38.274221,-122.672934
22,25.96417000000001,-80.16585500000002
22,29.98296400000001,-90.09146
22,37.378733,-79.909396
22,32.795742,-96.691994
22,27.213890000000006,-81.85941
22,33.5588,-80.824188
22,33.547095,-117.673116
22,41.0515,-77.30272
22,47.386594,-122.827785
22,30.182981,-97.75351
22,32.744359,-97.319594
22,45.641612,-108.884365
22,33.60122323020171,-117.68366932812842
22,27.894422,-82.76230699999998
22,29.814119,-95.385484
22,30.593338,-84.42244000000002
22,40.97422,-76.373489
22,41.768806,-72.660044
22,35.020610999999995,-82.50145699999999
22,44.86195,-93.51705
22,34.779004,-82.394092
22,33.99438,-118.070738
22,41.167799,-73.200885
22,35.819677,-78.742301
22,44.39999,-123.852106
22,40.134952,-75.28371700000002
22,25.812397,-80.24029499999997
22,35.077419,-80.74028
22,41.848598,-87.927071
22,26.439362,-80.089226
22,32.923061,-96.709038
22,38.046867,-78.90699000000002
22,40.454383,-124.063605
22,34.03807800000001,-118.274101
22,32.118763,-111.106389
22,35.183201000000004,-80.759918
22,34.42078,-117.196473
22,39.72932,-121.811869
22,30.829811,-88.088982
22,37.92223,-122.06138
22,40.07472,-74.156785
22,40.842822,-73.83787
22,29.941727,-90.132588
22,40.485939,-122.15276
22,40.570503,-77.206689
22,34.005599,-118.281225
22,40.722881,-73.827568
22,37.534865,-77.503427
22,34.664543,-118.761131
22,47.72335800000001,-120.736739
22,33.235832,-87.610184
22,34.114745,-80.888674
22,34.804687,-118.171069
22,33.52814,-81.827412
22,36.770203,-121.600094
22,38.78364600000001,-121.278073
22,46.708153,-92.279137
22,34.321535,-119.102836
22,34.351875,-119.426449
22,33.883953000000005,-117.525284
22,34.025298,-118.428681
22,25.683259,-80.343726
22,33.765652,-84.524704
22,33.87592,-118.16423
22,30.439645,-91.200141
22,35.77919,-78.73619000000002
22,25.909336,-80.209843
22,36.273803,-86.735656
22,42.930557,-85.671748
22,40.144704,-122.237877
22,37.668957,-122.109386
22,37.49497532826664,-122.36852288187804
22,36.000103,-83.958427
22,40.866791009708095,-74.04425740206699
22,33.826462,-118.204483
22,38.732847,-90.390583
22,29.846421000000007,-82.45810999999998
22,36.968712,-122.024705
22,33.130016,-117.105087
22,36.829984,-119.829908
22,40.824364,-73.872314
22,33.082956,-80.109474
22,40.84400296,-73.92639041
22,34.248567,-117.185907
22,36.008234,-119.959309
22,30.628459999999997,-88.117867
22,33.913765000000005,-118.112274
22,29.69242930398134,-82.4501717086675
22,36.06887698156324,-79.35700535736392
22,41.517941,-73.973724
22,33.470205,-80.884298
22,38.41943300000001,-75.214507
22,34.177475,-118.536018
22,38.520719,-109.495869
22,47.441895,-122.216515
22,43.980369,-121.584774
22,45.002089,-122.97735
22,38.480805,-121.025787
22,45.97027,-94.166948
22,32.653038,-97.321327
22,36.745774,-119.805942
22,37.666126,-122.109741
22,33.86875,-118.19538
22,45.565264,-93.174292
22,37.78086,-121.97721
22,34.941,-118.93112
22,41.881524,-72.660173
22,38.600575,-77.31381999999998
22,28.374464,-80.80416899999999
22,37.890182,-121.569632
22,44.88387,-93.13855
22,32.406574,-85.958527
22,29.833049,-95.384205
22,38.563354,-121.33608999999998
22,35.984238,-119.963191
22,26.165884,-80.16024
22,35.100006,-80.778748
22,40.0096,-75.62315600000002
22,41.853157,-88.03892900000002
22,48.051849,-122.110847
22,26.364129,-80.119825
22,28.888614,-80.858429
22,43.91497,-93.27693
22,34.024608,-118.469245
22,35.23009099999999,-80.83659399999998
22,34.058474,-118.209787
22,34.237448,-119.153059
22,40.101992,-76.305388
22,26.033479999999997,-80.164429
22,42.22548,-120.2308
22,39.542607,-78.87549200000002
22,41.902905,-88.082047
22,47.614906,-122.330109
22,33.99137,-118.28079
22,34.039364,-81.09362
22,33.435558,-112.108261
22,30.051138,-95.244705
22,42.49167323092225,-83.03418517073138
22,33.757726,-117.858765
22,33.91465,-84.349678
22,32.963994,-96.916917
22,41.823223,-72.499237
22,46.844576596990365,-92.4594032760026
22,30.692086,-88.025432
22,44.922531,-93.274947
22,44.424227,-93.292379
22,35.313831,-80.721458
22,33.773251,-118.039406
22,33.786896,-84.493134
22,29.669149,-95.319222
22,41.201372,-76.756403
22,42.327881,-71.0588
22,33.790569,-118.282181
22,38.834602,-77.449501
22,33.261365999999995,-87.606148
22,28.447071,-81.47086800000002
22,34.106682,-117.846367
22,39.049875,-94.78977
22,30.062224,-89.928292
22,42.319401,-87.85544
22,33.407738,-81.78825400000002
22,33.581846,-112.010453
22,25.665556,-80.367594
22,45.204254,-93.358269
22,27.956428999999996,-82.463364
22,34.071316,-117.759415
22,34.64310049994161,-86.8383085723551
22,41.98469,-87.83185
22,39.798779,-86.040817
22,36.765028,-76.48090400000002
22,46.791445,-94.502622
22,42.53192,-73.78443
22,37.33413400000001,-121.861213
22,34.57513400000001,-82.68924200000002
22,27.77671,-82.65902
22,35.202007,-80.786354
22,46.125076,-92.887825
22,32.841390999999994,-117.093805
22,45.657632,-110.847393
22,37.505775,-77.516663
22,45.84583,-93.66151
22,30.439156,-91.182886
22,38.11130900000001,-102.659477
22,37.861003,-121.218599
22,44.916989,-92.089727
22,35.726784,-78.812238
22,42.955078,-85.667664
22,41.074813,-123.687241
22,26.00746,-80.21389599999998
22,35.757098,-78.668121
22,33.968836,-118.174066
22,38.996205,-76.894722
22,32.833003999999995,-117.260254
22,30.382893,-81.672638
22,33.702723999999996,-84.18438
22,36.688312,-121.671899
22,45.539459,-122.41831
22,45.56351,-122.559989
22,33.81749,-87.327812
22,38.856858,-104.833525
22,33.712304,-84.40115300000002
22,36.163143,-86.778573
22,43.049911,-87.926025
22,33.713739000000004,-117.786451
22,32.798378,-96.63396
22,30.441359999999996,-97.740921
22,40.59326,-75.58107700000002
22,42.711105,-73.864143
22,34.144110999999995,-79.753249
22,42.34731,-83.10942
22,34.14584,-112.150379
22,40.341796,-74.477597
22,30.320782,-81.71171
22,42.988683,-85.664671
22,28.336561,-81.541889
22,34.265463000000004,-118.47229
22,40.78256964664085,-73.58519196475227
22,41.760791999999995,-72.698936
22,27.998841,-82.338818
22,39.667511,-104.925743
22,43.20293,-117.045732
22,41.731485,-87.62443
22,29.678373,-95.539488
22,43.019611,-83.685425
22,37.824413,-122.268509
22,34.631184000000005,-86.87996700000002
22,33.773518,-84.390015
22,41.856638,-73.514717
22,32.487598,-93.791466
22,27.899151,-82.70047
22,35.568951,-97.513763
22,34.11129355414337,-118.33396553936798
22,39.762039,-105.647728
22,39.646629,-77.7323
22,39.515463,-120.983542
22,28.622153000000004,-81.750998
22,30.417164,-91.144859
22,38.818104,-122.553574
22,34.344463,-119.419983
22,36.925915,-121.801562
22,45.0785,-93.40183
22,39.82336,-86.27550500000002
22,36.370384,-102.008347
22,41.48157477359065,-87.32200741726244
22,39.457322,-77.399872
22,44.64427,-93.29643
22,43.031685,-83.710625
22,37.52096,-120.401669
22,40.19068,-111.64664
22,28.465729,-81.464602
22,28.542213,-81.413353
22,26.316998,-81.73724399999998
22,32.854225,-96.827896
22,44.475799,-93.292154
22,34.464844,-118.543327
22,34.17028,-118.30413
22,25.806273,-80.264064
22,35.967285,-119.293034
22,35.78109,-80.257446
22,37.305086,-113.670248
22,40.69358468036321,-73.28607201541287
22,39.833473,-84.262525
22,37.661495,-77.93694599999998
22,35.273212,-80.84285
22,35.20457899999999,-80.863364
22,41.497549,-95.330993
22,38.051439,-84.496336
22,39.120544,-77.200766
22,42.01117,-73.27484
22,44.96568,-93.26254
22,38.320312,-121.465609
22,36.758526,-76.344711
22,36.031879,-95.939987
22,34.001292,-118.065194
22,29.801997,-81.32069200000002
22,36.056328,-79.073963
22,43.090275,-83.706459
22,30.192390000000003,-81.62510400000002
22,28.56835,-81.269463
22,41.078644,-78.294439
22,35.075574,-120.575612
22,34.281788,-118.717842
22,37.061189,-120.180337
22,33.55597,-80.82143
22,37.826038,-121.987328
22,27.338929,-82.538616
22,38.039792,-75.770884
22,38.412106,-122.741321
22,29.685302000000004,-95.39641
22,32.747679999999995,-97.31244
22,33.743466,-84.37559
22,41.085175,-74.512596
22,34.790953,-118.290302
22,38.272469,-122.092575
22,33.934265,-80.404462
22,33.901691,-84.473511
22,41.37178,-73.615402
22,39.965237,-75.185776
22,39.378033,-123.485101
22,34.5116,-82.669365
22,39.482929,-74.957161
22,42.90242,-117.32987
22,26.961298,-82.07035400000002
22,36.971016,-121.382438
22,41.726334,-87.624863
22,46.69802,-113.351622
22,29.987835,-90.05809599999998
22,42.37886,-83.2077
22,35.61137,-82.575636
22,37.624569,-122.428558
22,39.013255834393426,-77.0395767685078
22,43.865390999999995,-95.114899
22,39.6923,-86.214
22,41.987675428190286,-121.8987071508317
22,34.87314600000001,-82.32936600000002
22,40.615749,-74.253304
22,33.788296,-116.358742
22,38.776156,-76.996669
22,30.359616,-87.15241
22,30.674475,-88.044624
22,40.375545,-79.796847
22,34.070206,-117.864616
22,44.927143,-93.069496
22,30.18955200000001,-84.049637
22,40.771156,-124.162569
22,34.154187,-118.549522
22,48.309606,-122.217921
22,34.420231,-117.385576
22,34.434946000000004,-118.618091
22,34.173161,-118.535988
22,35.183689,-80.828163
22,34.035778,-118.370895
22,37.245857,-121.042708
22,34.226082,-118.375671
22,30.037726,-89.997562
22,34.153358000000004,-82.59944899999998
22,38.18580508213907,-122.13585734309132
22,36.160037,-119.00056200000002
22,35.335289,-80.82510400000002
22,40.132036,-75.37729499999998
22,35.972746,-83.931373
22,40.040769,-75.251129
22,34.409781,-118.576816
22,39.754536,-86.183151
22,39.97699,-75.198265
22,44.8476,-93.24732
22,27.471376,-81.400773
22,37.720067,-121.658613
22,34.055226,-118.190177
22,42.47442,-83.15587
22,36.706926,-119.774244
22,39.75383400000001,-75.553279
22,36.874153,-76.19669300000002
22,37.510098,-122.343964
22,39.648246,-107.05173700000002
22,29.689341,-95.562752
22,40.00996,-75.06437
22,33.81188,-118.16213
22,32.758083,-117.109001
22,32.750427,-117.001495
22,35.29346599999999,-78.603251
22,40.354338,-74.471672
22,34.870644,-120.405899
22,34.7089,-82.303658
22,32.36275,-90.23083
22,34.437764,-117.371279
22,35.944721,-78.544884
22,37.590075,-77.469352
22,30.784410238119197,-83.29880118330334
22,42.236868,-76.014261
22,33.652149,-117.40889
22,33.850190000000005,-84.2468
22,39.95101500000001,-111.802322
22,34.625529,-80.902074
22,29.797957,-95.553825
22,33.189709,-87.558449
22,26.776052000000004,-81.43745600000003
22,41.335543,-79.218513
22,33.522154,-112.166382
22,45.52167,-122.66515
22,44.95175,-93.166953
22,39.67201,-75.65415
22,35.580132,-97.620682
22,30.011108,-90.013092
22,31.71696,-106.30088899999998
22,37.656314,-77.44595600000002
22,48.150475,-114.287621
22,40.853634,-73.962097
22,35.208612,-118.967694
22,38.749985,-90.337763
22,42.099748,-121.83708
22,41.584623,-87.235599
22,35.052626000000004,-85.26084300000002
22,41.578011,-87.665749
22,30.43852,-81.724731
22,30.476276,-87.30846
22,32.8931,-96.89815
22,39.432324,-77.489672
22,35.231839,-80.852446
22,32.271411,-110.972092
22,35.115713,-81.988
22,25.925186,-80.27516899999998
22,33.754036,-84.495132
22,34.888806,-111.733458
22,34.072163,-118.090561
22,45.003887,-93.212601
22,31.78647,-106.310204
22,35.866186,-78.71689599999998
22,40.29719,-78.90949300000003
22,40.861881,-121.913034
22,40.447495,-76.459785
22,32.766159,-97.318054
22,29.677567,-95.412003
22,34.11965900000001,-117.806999
22,37.110882,-122.048058
22,36.769319,-76.26029799999998
22,32.63027,-80.874969
22,36.109634,-86.72157299999998
22,37.665799,-121.446278
22,27.95533,-82.50145699999999
22,40.847389,-73.87119200000002
22,44.247451,-120.961069
22,34.081084999999995,-81.068435
22,37.50308632832764,-77.5554835792658
22,44.97245,-117.879348
22,36.25986,-82.75654
22,42.326389,-83.052803
22,44.014345,-88.582314
22,39.838102,-86.27616
22,40.969016,-78.603175
22,40.574245,-111.900092
22,36.304032,-84.221603
22,32.916962,-96.743477
22,35.883347,-78.689743
22,38.869415,-76.98774
22,33.87112800000001,-118.006702
22,38.866034,-76.991833
22,33.031601,-80.08600600000003
22,41.574177,-87.508507
22,38.188995,-85.73320799999998
22,41.609253,-88.163383
22,25.7626,-80.31660600000002
22,34.243499,-79.88990600000002
22,38.80463,-76.995554
22,41.958318,-76.979649
22,35.578251,-97.656227
22,44.681062,-111.268259
22,34.079109,-81.15167199999998
22,30.416986,-91.098518
22,41.96293473,-87.87563682
22,27.586101,-80.839
22,35.248566,-80.855728
22,39.739364,-84.140334
22,39.93403,-105.12532
22,41.553047,-87.852425
22,41.787054,-122.585988
22,28.553348,-81.3469
22,35.40126400000001,-82.511476
22,42.024097,-87.95859499999996
22,33.72762,-118.082212
22,47.86718,-121.747878
22,43.592365,-116.354409
22,33.843721,-117.535107
22,30.318678,-81.72669300000003
22,40.826031,-73.859528
22,36.036667,-79.097511
22,33.77269148810495,-117.74265646878364
22,36.634373,-119.692743
22,28.438909999999996,-81.474457
22,33.745556,-84.34921
22,42.655405,-92.469543
22,38.481644,-121.334816
22,36.261299,-86.703407
22,44.25909,-117.179916
22,37.696831,-122.063782
22,44.6537911889808,-123.84442448556972
22,34.213766,-80.98751800000002
22,45.696155,-122.552704
22,40.81759,-73.93078
22,42.393437,-88.976972
22,34.00634,-118.06156
22,38.020962,-122.263771
22,34.013671,-118.056362
22,34.483838,-83.028565
22,37.055692,-121.545755
22,40.72681,-73.888806
22,33.953334999999996,-118.22963
22,26.097883,-80.24700899999998
22,40.753708,-73.743202
22,45.91144600000001,-94.341118
22,36.209454,-83.870979
22,25.823117,-80.206385
22,30.574274,-88.182581
22,38.615639,-90.171654
22,39.98062,-74.21288100000002
22,37.83583,-122.484694
22,34.137729,-118.013859
22,41.468971,-78.748047
22,26.714099,-80.137327
22,33.470139,-81.69017
22,41.877613,-87.804642
22,42.742941,-83.39047
22,33.458659999999995,-112.067451
22,38.558489,-121.382942
22,33.301077,-79.896937
22,40.720211,-74.40238199999997
22,33.944503999999995,-117.555435
22,28.079534,-82.285186
22,41.06271,-73.86224399999998
22,30.448835,-82.932999
22,35.683417999999996,-78.57354699999998
22,41.578152,-87.63713100000002
22,39.986324,-82.985458
22,42.480434,-82.916725
22,41.38491,-73.58587299999998
22,47.109375,-122.574328
22,40.62641,-124.213435
22,33.84899497,-114.21696782
22,34.064864,-118.002929
22,38.185719,-79.082583
22,33.83161425574383,-117.93099045697244
22,40.86003184,-73.91525388
22,36.589144,-119.395026
22,39.268738,-76.55931899999999
22,33.982172,-118.378183
22,33.792539,-118.207601
22,34.088762,-117.994247
22,30.482689,-84.309471
22,45.730582,-122.875951
22,33.997971,-118.176224
22,25.68081,-80.389012
22,35.002969,-117.649776
22,35.3899,-97.423538
22,43.01942800000001,-83.59528399999998
22,35.76747899999999,-82.616209
22,37.833195,-122.29438
22,30.440087,-97.697357
22,33.177128,-117.351196
22,34.004472,-118.06387
22,35.284664,-81.932365
22,37.729942,-122.439501
22,26.109507,-80.239502
22,47.3089,-93.37296
22,39.77636,-75.34151999999997
22,34.596053000000005,-82.631116
22,42.484119,-83.084846
22,37.952862,-122.328003
22,36.353413,-119.428078
22,34.045445,-118.270369
22,38.620556,-77.79991899999997
22,32.759506,-97.076057
22,34.986881,-81.996193
22,40.435852,-79.970924
22,28.533785,-82.503889
22,40.732718,-73.84322399999998
22,47.640431,-122.256129
22,33.308383,-86.788004
22,32.681523,-117.086731
22,34.069599,-118.260672
22,37.844049,-122.297903
22,34.14620519,-117.30080008
22,34.342166,-118.528319
22,44.895618,-93.274895
22,35.51815,-111.543785
22,34.700517,-82.467378
22,32.735293,-117.174648
22,34.772619,-120.428684
22,38.137739,-122.216387
22,35.810277,-78.57729499999998
22,32.797241,-117.247902
22,33.766396,-84.52681700000002
22,29.694445,-95.285923
22,35.056892,-80.81739
22,37.907164,-122.314949
22,42.692244,-73.843717
22,33.580464,-112.116904
22,33.915651000000004,-118.231398
22,44.399066,-123.864251
22,46.341307,-108.48856299999998
22,35.62139600000001,-119.03045
22,40.644969,-73.87846
22,35.869633,-78.577278
22,33.799878,-84.391297
22,32.835486,-96.875075
22,41.98399000000001,-87.82336
22,34.148959999999995,-118.053749
22,33.7278235,-84.50244784
22,43.115883,-71.479427
22,34.64134,-117.219969
22,41.619633,-76.13623
22,34.146858,-118.370369
22,38.861799,-76.999225
22,36.118931,-95.833267
22,35.041911999999996,-80.846542
22,46.022297,-123.62596299999998
22,44.931422,-93.071382
22,35.973797,-79.56579599999998
22,32.832214,-96.674644
22,38.81554600000001,-76.913087
22,42.007065,-88.336205
22,39.751343,-75.58564799999998
22,35.768495,-80.862612
22,39.791461229134605,-86.1656749244396
22,39.57989,-75.66003
22,40.358044,-75.382988
22,36.813209,-81.5625
22,40.628585,-84.139209
22,31.609665000000003,-97.10096
22,29.669103999999997,-95.355682
22,42.350116,-122.87672
22,30.324087,-81.50837299999998
22,37.554555,-77.40570100000002
22,30.24647,-97.773523
22,38.063595,-78.505847
22,39.596988,-84.24753199999998
22,37.427128,-122.19413
22,38.879257,-77.250282
22,33.388191,-111.965927
22,39.446378,-77.055013
22,33.896118,-118.197815
22,34.05099749548888,-118.22324395123375
22,38.102268,-121.140808
22,39.10509467106292,-94.76445078804603
22,33.998138,-118.355911
22,33.610752000000005,-112.116798
22,38.43928456288128,-78.84822249374939
22,37.82758,-122.28279
22,45.47375,-122.5653
22,38.110798,-121.394455
22,45.207043,-92.979769
22,40.07500290851557,-75.53048014604792
22,34.321507000000004,-119.388008
22,40.6972,-73.98183
22,33.368140999999994,-85.232609
22,28.63846400000001,-81.387641
22,26.617149,-81.677541
22,38.409196,-75.05860799999998
22,26.594929,-80.068977
22,41.134574,-73.455352
22,30.110804,-81.514412
22,28.247849,-80.72972800000002
22,44.94937062242055,-93.04056286767464
22,38.583005,-121.503481
22,41.23909,-77.219084
22,29.669149,-95.319222
22,29.975985,-90.05155500000002
22,33.910126,-117.252269
22,47.680889,-122.299629
22,40.112156,-83.035072
22,37.656315,-122.101509
22,38.621288,-77.693761
22,35.258209,-80.72625
22,41.259444,-95.907479
22,33.90459,-87.13571999999998
22,46.347969,-93.983902
22,25.92738,-80.212723
22,30.517643,-81.635216
22,42.298642,-122.834305
22,34.287552000000005,-118.407127
22,28.901675,-82.479857
22,34.12392,-118.476524
22,36.2888,-79.60978
22,32.973135,-80.022287
22,40.189968,-75.535536
22,25.927078,-80.20856500000002
22,35.205669,-80.72608199999998
22,30.289089,-81.982803
22,34.668644,-92.333331
22,33.804424,-118.207367
22,35.772498999999996,-78.59996
22,33.932654,-118.343903
22,34.068303,-117.97682
22,34.186438,-118.40117
22,38.58044,-121.56016
22,34.062940000000005,-80.92185
22,33.974651,-118.280991
22,34.035419,-118.26813500000002
22,36.191471,-95.993553
22,25.808083,-80.320236
22,41.789299,-72.656654
22,33.844673,-117.204124
22,28.216978000000005,-82.73734499999998
22,37.946487,-122.491051
22,41.840777,-87.98846800000003
22,32.788231,-96.791496
22,32.79308438285449,-96.80516123725506
22,38.872718,-121.133197
22,41.897549,-88.101967
22,29.953707,-90.085732
22,33.794611,-84.393749
22,35.86737,-78.60955200000002
22,42.424747,-82.928658
22,38.623447,-81.985217
22,34.016129,-118.173126
22,40.850574,-73.946809
22,41.873397,-91.670204
22,44.965442,-93.262199
22,34.865139,-120.447243
22,40.56591,-74.29766
22,29.684043,-95.295499
22,39.30947800000001,-76.958187
22,47.040787,-123.062675
22,45.538061,-117.918609
22,38.481188,-121.507634
22,36.008234,-119.959309
22,38.570133,-121.383102
22,35.01715064032069,-81.24985098800062
22,45.365670919202,-93.96030306771296
22,35.45050300000001,-82.541804
22,26.11545682,-80.31730056
22,36.184525,-86.797997
22,35.805686,-78.648498
22,33.857886,-118.286336
22,33.960145000000004,-118.236118
22,41.85329,-87.9331
22,33.680359,-117.326635
22,33.159218,-87.549019
22,39.05292,-76.84026999999998
22,40.57535900000001,-73.996437
22,31.276533,-87.205025
22,40.46574,-79.979057
22,38.945685624890594,-76.85828089677399
22,33.924644,-118.209816
22,28.4756,-81.44951800000003
22,44.88369,-93.13363
22,34.648922,-82.48397
22,33.8396,-118.263474
22,35.869141,-78.648628
22,34.152091999999996,-118.126823
22,28.535321999999997,-81.38333100000001
22,35.31183,-120.836601
22,34.071564,-118.123016
22,40.993412,-73.678168
22,33.990845,-118.340962
22,34.27293,-79.299836
22,28.325102,-81.342737
22,35.250784,-80.89455
22,27.607194,-80.827014
22,41.652635,-93.570481
22,43.002011,-83.772697
22,41.13497,-77.45276199999998
22,45.49078,-122.79209
22,43.14403,-77.594584
22,45.647274,-110.935594
22,35.48608,-97.63665
22,43.513042,-89.523354
22,47.564617,-122.09861
22,29.732201,-95.387512
22,33.192314,-87.249634
22,25.67359,-80.363854
22,37.78735,-122.247955
22,30.439161,-91.179314
22,36.985467,-121.978833
22,38.16123,-81.44763
22,30.657978000000004,-87.936774
22,45.683468,-122.594994
22,30.368126,-97.742363
22,28.892627,-82.471521
22,26.066435,-80.164909
22,34.07945,-117.62676299999998
22,25.823117,-80.206385
22,33.800687,-117.504113
22,33.82535900000001,-118.217974
22,43.23038,-124.295109
22,25.513906,-80.415901
22,28.964785,-81.97023100000001
22,33.757933,-117.112852
22,43.587698,-116.374527
22,41.30249,-73.10055
22,33.65144,-117.411605
22,39.939149,-75.344115
22,34.823975,-89.976173
22,34.068189000000004,-118.035979
22,39.926983,-86.02960999999998
22,39.296604,-76.814635
22,30.363228000000003,-97.717552
22,35.270252,-78.617081
22,32.89748400000001,-117.217514
22,29.75762000000001,-95.385719
22,39.78465,-104.98937
22,38.891148,-77.21069200000002
22,35.24768800000001,-80.804558
22,44.76801500000001,-92.860478
22,44.79702,-93.399869
22,40.52719,-75.51688
22,42.989647,-88.037994
22,36.612661,-121.91247
22,33.702622,-84.124646
22,33.719898,-84.50251
22,38.023254,-121.966583
22,33.19166064246563,-117.24382996503236
22,36.87258900000001,-121.645653
22,27.873690000000003,-80.59146
22,44.7301,-93.03519
22,38.489384,-121.390366
22,38.293151,-122.522232
22,34.67468,-117.339632
22,42.632866,-73.769039
22,28.557741,-81.205742
22,39.165055,-94.424017
22,38.644262,-121.729034
22,37.99177,-122.12575
22,37.95522,-121.744405
22,35.811198,-78.611238
22,38.512857,-77.856528
22,28.605989,-81.386375
22,26.097432,-80.362061
22,30.39271500000001,-87.27829799999998
22,39.18107,-77.262214
22,38.318902,-81.719514
22,33.67907,-87.08371700000002
22,28.552082,-81.475891
22,37.899223,-122.50463899999998
22,35.146840000000005,-80.89619
22,29.61352,-95.430702
22,41.527329,-75.206174
22,44.600803000000006,-92.772438
22,35.21952800000001,-80.836197
22,38.921046,-122.612773
22,37.641923,-113.253022
22,27.870072,-82.34775400000002
22,40.442208,-79.824331
22,47.412095,-122.220732
22,33.46664071067111,-84.21208262403387
22,47.316086,-122.297165
22,26.396058,-81.784533
22,26.421877,-80.089996
22,33.26565,-117.237152
22,29.733278,-95.580574
22,34.160782,-118.292839
22,40.737237,-73.59214899999998
22,39.78015303592787,-75.33746838533717
22,29.78387,-82.682772
22,32.885979,-96.717857
22,44.765907525802774,-121.00385785045142
22,34.237781,-78.67531600000002
22,34.981107,-80.47641800000002
22,27.846605,-82.34692700000002
22,32.791401,-96.737411
22,28.600426,-81.26892099999998
22,29.744165,-95.376342
22,29.831853999999996,-95.563667
22,34.065653000000005,-117.9962
22,41.237786,-73.161014
22,37.189724,-121.992638
22,38.703648,-122.604801
22,45.293744,-118.037034
22,36.281467,-86.707832
22,37.600821999999994,-122.062302
22,34.055695,-118.451965
22,30.765997,-85.666115
22,35.120391999999995,-81.14071700000002
22,38.39417,-122.718499
22,33.41153,-112.1692
22,44.836718,-93.398278
22,38.655453,-121.029808
22,33.924690000000005,-118.10399
22,40.59906363467884,-77.57176995240414
22,42.26491,-84.771215
22,33.972576000000004,-118.074043
22,38.933068,-94.529253
22,36.807789,-78.079498
22,37.878895,-78.02484799999998
22,39.075556,-94.598762
22,37.76181,-122.405846
22,40.057812,-75.270595
22,39.74984,-105.01722
22,44.571094,-112.362203
22,33.52498,-117.688061
22,40.876788,-79.399959
22,44.967758,-93.269676
22,40.61529,-83.03022
22,33.951101,-80.98274599999998
22,44.950783,-93.109106
22,30.458073,-97.823044
22,35.01096,-85.243912
22,40.615067,-122.519392
22,33.999327,-118.28068
22,32.676434,-97.24047
22,38.03779,-103.68184
22,40.050793,-78.51313
22,34.456258,-92.757655
22,30.16381,-81.55408
22,30.25351,-97.726288
22,39.91261,-76.70389
22,47.571735,-122.32016000000002
22,36.916484,-119.803721
22,33.190175,-111.99831100000002
22,32.674614,-97.146858
22,35.855095,-78.581078
22,37.409455,-76.857522
22,31.776113,-106.387527
22,40.778295,-74.048025
22,38.381482,-122.716524
22,42.995826,-77.368922
22,35.125844,-118.410415
22,45.498945,-108.935288
22,32.415436,-93.692726
22,34.237495,-79.87442
22,30.319886,-97.696772
22,44.54313300000001,-92.654892
22,35.509014,-97.460396
22,28.409568,-81.476117
22,39.503391,-94.786552
22,38.563129,-121.360161
22,40.85449000000001,-73.834427
22,30.196125,-81.707474
22,35.767829,-78.572131
22,34.278183,-118.502144
22,32.697876,-96.661065
22,40.939381,-123.6315
22,36.167801,-119.331191
22,36.510031,-110.603678
22,43.169009,-77.643005
22,39.033117,-94.50046
22,29.783339,-95.353882
22,35.36564600000001,-80.82740799999998
22,44.86111,-93.16095
22,40.673671,-111.952432
22,38.484762,-105.399423
22,37.536701,-121.204498
22,38.027332,-122.114708
22,40.420005,-80.034829
22,41.583937,-81.447643
22,44.1247,-124.12576
22,44.97037768342509,-93.25250029519437
22,33.101237,-80.132688
22,40.084143,-75.391756
22,30.206423,-97.84436
22,33.725581,-117.804117
22,32.866391,-96.878278
22,34.512251,-81.867102
22,44.62376,-117.50561
22,38.998001,-77.410057
22,26.608891999999997,-80.068787
22,27.447751,-82.579512
22,42.318497,-77.747755
22,40.388398,-80.04294499999997
22,37.71868900000001,-121.6623
22,40.666154,-74.182061
22,37.801488,-108.995386
22,35.404946,-119.032344
22,34.168950319127234,-118.30229401532029
22,40.792984,-73.823837
22,36.180143,-121.071853
22,32.576361,-117.082146
22,37.546398,-77.464233
22,38.091401,-122.215302
22,34.10246,-118.24911000000002
22,25.99801,-80.22158
22,38.633904,-90.143738
22,37.079029,-113.583923
22,34.043037,-118.217239
22,37.43314,-121.918686
22,32.287806,-90.218517
22,41.53815865496856,-72.95899271930237
22,25.801088,-80.321228
22,39.402948617747285,-119.74191069545869
22,40.377427,-74.150494
22,40.84340200000001,-73.89291999999998
22,44.836386,-120.930128
22,28.701445,-81.295795
22,34.036972,-118.438538
22,45.536786,-122.684341
22,39.18033,-94.493083
22,33.946617,-79.572536
22,29.733063,-95.484245
22,33.073635,-117.165889
22,34.064038000000004,-117.826549
22,37.823917,-122.317451
22,30.417223,-91.097589
22,42.258184,-122.789334
22,25.82311749,-80.20638585
22,25.964184,-80.165863
22,45.678566,-122.664467
22,45.609472989818535,-123.11761021555368
22,33.901606,-118.105334
22,40.54008,-74.2775
22,37.65023,-77.590141
22,25.964573,-80.18689300000003
22,26.318793,-80.11615
22,35.41818400000001,-119.033408
22,42.29063,-83.13027
22,39.972897,-75.12236
22,33.959740000000004,-117.917274
22,41.713387,-71.472565
22,35.25203300000001,-80.856177
22,47.60318400000001,-122.183823
22,28.447931,-81.470943
22,33.928738,-84.17654399999998
22,32.660764,-117.10591
22,32.074965999999996,-96.44458
22,44.679801,-122.844848
22,34.118567,-117.865458
22,40.356086,-111.778212
22,39.628876,-106.066376
22,36.985141,-122.027109
22,45.57644963242733,-111.19692921585464
22,38.867595,-77.316229
22,28.40621,-81.455925
22,34.051804,-118.000092
22,42.081123,-87.86599
22,37.83583,-122.484694
22,26.55807,-80.07003
22,40.41478,-76.20683199999998
22,37.145073,-121.984749
22,33.8711,-118.100681
22,40.056385,-76.305734
22,39.93404746,-75.07742286
22,34.109158,-117.981146
22,41.10235,-112.00312
22,41.161057,-112.023338
22,38.464796,-121.455128
22,33.861554,-81.202182
22,48.09642,-122.18471
22,35.69306731207041,-119.71015334072251
22,30.193004,-97.73837
22,36.210283,-119.340058
22,33.685673,-85.151054
22,35.21339000000001,-80.863457
22,32.30703,-83.76589
22,40.88819,-111.89671
22,42.404819,-83.14045
22,41.1374,-111.89159
22,35.235332,-80.82061
22,42.478367,-83.428123
22,38.655101,-121.476037
22,38.639635,-112.22011299999998
22,28.555688,-81.38154
22,34.069611,-117.971092
22,40.607609,-73.820358
22,43.96272,-94.63896
22,25.886986,-80.190543
22,36.1688,-95.995682
22,30.310995,-97.701561
22,40.775539,-74.24153100000002
22,38.8152,-77.477665
22,45.45499,-121.12206
22,34.5142,-113.418623
22,37.674749,-113.048438
22,41.315758,-95.982613
22,40.962986,-80.302436
22,34.971691,-85.45182
22,33.668605,-79.470298
22,27.950712,-82.519869
22,29.883095,-95.465416
22,40.699181,-75.265846
22,40.0716,-75.34536
22,25.979709,-80.350828
22,44.4511,-122.79506
22,41.85207,-88.202988
22,29.797576,-95.540214
22,25.961656,-80.229226
22,32.647675,-96.823143
22,42.382359,-83.509872
22,40.703488,-73.959872
22,37.012579,-76.323747
22,33.717154,-84.313238
22,32.497653,-93.767334
22,38.888738,-121.976767
22,40.728505,-74.17078199999997
22,40.118614,-78.57369399999997
22,40.01775900000001,-75.172296
22,41.208768,-78.574904
22,46.953752,-114.135567
22,33.640178999999996,-112.07415
22,44.907388,-93.141775
22,39.693317,-86.199067
22,29.48146400000001,-98.526161
22,28.037294,-82.679971
22,25.766098,-80.325424
22,32.284838,-95.304647
22,38.931385,-77.211044
22,29.72198,-95.49346
22,44.88961100556903,-93.0008661742544
22,36.624279,-82.18119
22,47.27765,-122.25857
22,33.775936,-84.592575
22,37.728561,-121.107857
22,28.332828000000006,-81.49005
22,28.543864488465577,-81.38177275618848
22,29.803832,-95.327183
22,43.007465,-77.436531
22,33.958256,-81.233376
22,37.325428,-119.655177
22,35.749297999999996,-78.564453
22,25.637567,-80.455703
22,37.59355187398151,-77.6693379875294
22,32.90193,-80.026604
22,41.289421,-122.308784
22,33.948558,-117.301894
22,42.381944,-83.03144300000002
22,43.664305,-123.43823799999998
22,34.488181,-81.96105
22,43.067689,-123.351479
22,32.916643,-96.766866
22,29.025147,-81.259862
22,25.957978,-80.229302
22,40.786853,-73.823815
22,35.245815,-80.93690500000002
22,37.637928,-121.3601
22,33.99718165381433,-117.55052447262976
22,38.875446,-104.83474
22,44.792665,-93.403583
22,25.824404,-80.2066
22,29.8241,-95.381317
22,33.715519,-84.349518
22,37.70702,-121.728233
22,40.28295900000001,-74.082115
22,30.456570000000006,-81.630854
22,37.77265,-121.97308999999998
22,33.46891,-82.084396
22,29.686197,-95.412525
22,39.604491,-76.114993
22,32.702402,-96.605187
22,40.60788,-74.146737
22,30.365822,-97.695457
22,43.13094,-77.6552
22,35.533009,-120.742649
22,35.137543,-82.105133
22,41.75649,-72.649229
22,29.719641,-81.33529399999998
22,34.053419,-117.781132
22,35.088322,-85.289831
22,27.956895000000006,-82.74556700000002
22,34.084896,-81.01372099999998
22,36.024315,-86.742393
22,30.423977,-91.074997
22,36.921111,-120.018414
22,32.670465,-96.782805
22,39.74494,-84.224339
22,35.077042,-119.401627
22,33.493225,-112.32374
22,39.444547,-87.258318
22,43.045843,-87.926609
22,25.812384,-80.20809200000002
22,46.22644543625724,-92.827745675598
22,41.806061,-72.66036
22,35.167393,-80.96500400000002
22,41.125012,-78.692375
22,30.464746,-87.245574
22,30.215981,-93.330658
22,39.432324,-77.489672
22,32.787701,-117.113983
22,25.811367,-80.192184
22,27.432440000000003,-82.575462
22,35.075024,-89.861343
22,25.89917,-80.210114
22,33.91215,-84.207782
22,33.853823,-117.959229
22,38.496208,-121.440572
22,37.991104,-122.097649
22,33.872852,-118.285706
22,37.255045,-121.67778
22,27.888032,-82.650543
22,25.68759,-80.344767
22,41.85314,-87.61465
22,32.936512,-117.10985
22,30.204336,-81.755409
22,30.347134000000004,-81.66828199999998
22,37.03182,-76.37113000000002
22,32.80348,-96.79288
22,37.379611,-118.419308
22,36.85183,-119.786833
22,40.67754,-73.803619
22,30.26111,-82.75106
22,37.590782,-122.362526
22,45.587685,-118.564453
22,38.643731,-121.365093
22,41.25427,-111.87429
22,35.259479999999996,-80.85752099999998
22,35.28867,-80.7298
22,28.541046,-81.22685200000002
22,40.731926,-74.125038
22,40.825962,-73.954773
22,36.960904,-122.048251
22,43.095921,-75.848675
22,35.197811,-80.882813
22,36.964606,-76.413227
22,34.039092,-117.318892
22,27.29047894464831,-80.42021155319011
22,40.124279,-75.082932
22,41.267948,-95.984428
22,40.68450900000001,-73.418297
22,33.875659999999996,-118.192482
22,37.324558,-122.05027
22,45.65229,-110.6155
22,37.828934,-122.29377
22,29.74676,-95.378097
22,41.894707,-87.656059
22,39.777349,-120.564268
22,33.745299,-84.339964
22,41.562813,-120.396173
22,40.728868,-120.288439
22,45.37846,-93.563957
22,45.429233,-123.138047
22,41.62286,-87.578728
22,40.37439000000001,-74.14771999999998
22,33.896174,-118.1923
22,36.152195,-95.984856
22,30.222301,-97.683289
22,37.790373,-122.259904
22,33.930939,-118.178909
22,28.156065,-81.29893100000002
22,29.784077000000003,-95.498634
22,32.924271000000005,-96.769028
22,25.701071,-80.382137
22,33.852528,-117.255531
22,28.417363,-82.470925
22,25.767378,-80.200417
22,47.398083,-92.518517
22,37.37399,-79.324348
22,35.349407,-82.452687
22,38.514441,-87.55672
22,33.921428999999996,-118.369659
22,40.115593,-75.34939399999998
22,30.36293,-97.668388
22,35.061184999999995,-81.642605
22,38.74366,-90.39542
22,33.853764,-117.906631
22,37.775101,-122.233337
22,33.933468,-118.353462
22,30.441315000000003,-97.773407
22,38.625168,-90.133461
22,35.224277,-80.89076999999997
22,44.053705930499774,-123.36094021738356
22,40.98749,-73.68021
22,33.718056,-117.969383
22,40.201266,-75.216976
22,33.876396,-118.072716
22,33.585026,-84.513145
22,26.612656,-81.809812
22,30.281283,-81.620649
22,45.34741500000001,-118.245304
22,40.687172,-73.61488299999998
22,41.869753,-87.882736
22,33.974655,-118.280991
22,33.2179,-112.460983
22,40.246492,-75.64873299999998
22,40.742912,-73.971672
22,40.163994,-75.058815
22,37.323317,-121.932006
22,29.780752000000003,-95.453697
22,33.932941,-118.351639
22,35.80540300000001,-78.71778
22,37.54981,-77.42179399999998
22,41.75161,-87.57599
22,34.088594,-118.475404
22,32.91666,-96.743439
22,32.680311,-117.086535
22,37.5303,-77.375035
22,34.047626,-117.307648
22,39.716408,-111.470978
22,35.011502,-85.399348
22,40.244151,-79.575981
22,44.42117800000001,-95.760773
22,36.661568,-120.16748
22,34.71736550314561,-86.6705954070727
22,43.222626,-83.581436
22,34.176138,-83.91641700000002
22,37.922926,-121.677957
22,41.041077,-73.577744
22,32.88739085181766,-96.70351624442716
22,39.273876,-84.441074
22,27.893714000000006,-82.730944
22,47.408166,-122.291835
22,33.146839,-80.33094100000002
22,34.809596,-92.358475
22,32.652021000000005,-117.097059
22,43.100868,-76.20234599999998
22,36.883927,-76.221541
22,34.032097,-118.262947
22,26.783503999999997,-80.09903
22,36.1548,-86.760796
22,32.777640999999996,-96.811302
22,32.760148,-96.774045
22,34.004471,-118.063873
22,40.458075,-111.914281
22,33.586739,-117.611037
22,33.704520463782764,-117.95324206295987
22,37.560721,-121.177815
22,33.876889,-78.68411400000002
22,44.862797,-93.579636
22,44.858419,-93.059246
22,29.768076,-95.356964
22,36.393143,-80.78775
22,45.55604,-122.67871
22,33.844469000000004,-117.291963
22,26.088207,-80.168542
22,41.444377,-74.373563
22,42.72963,-71.20503199999997
22,32.84127831,-97.11863637
22,28.055201,-82.738961
22,32.366768,-111.128571
22,41.90035200000001,-87.624179
22,38.669975,-77.25694200000002
22,40.997101,-76.48291
22,41.377808,-73.27729000000002
22,41.448334,-71.78643000000002
22,34.50689000000001,-117.33235
22,35.884769,-78.726761
22,42.134258,-70.972992
22,33.8257,-118.21451299999998
22,43.02450200000001,-83.73176600000002
22,40.851971,-73.954612
22,33.866833,-117.711525
22,35.504261,-80.849586
22,27.837947,-82.728421
22,34.820785,-89.549657
22,42.504543,-83.114975
22,28.013413,-81.170874
22,33.638531,-117.343936
22,40.428925752446986,-79.93943095169095
22,34.605468,-82.958251
22,44.342442,-92.761574
22,32.797054,-96.810418
22,33.206446,-81.409988
22,34.146957,-118.370216
22,35.977644,-83.277138
22,34.164658,-118.296404
22,42.84349,-112.41235
22,31.759221000000004,-81.606527
22,35.212393,-80.686806
22,39.749276,-86.143612
22,33.926027000000005,-118.212128
22,30.181365999999997,-92.115898
22,32.81785,-96.787789
22,38.6401,-121.27168799999998
22,30.103565000000003,-81.830835
22,25.565465,-80.429343
22,28.520332,-81.40119200000002
22,33.831777,-118.208895
22,34.091564,-118.258385
22,30.345166,-81.760639
22,42.730659,-87.809799
22,39.695053,-84.212301
22,30.362251,-83.219879
22,41.056905,-73.514696
22,34.788635,-82.440063
22,40.275784,-111.71904
22,41.939262,-77.483368
22,35.236717,-80.77561999999998
22,30.601359,-86.990835
22,41.423323,-122.396891
22,45.532976,-122.632387
22,35.74905,-78.468369
22,35.30979037,-80.83897948
22,46.25449061371682,-93.82089257195558
22,33.981294,-118.07541299999998
22,27.272723,-82.514212
22,40.780154,-73.627023
22,37.700865,-122.026831
22,32.667225,-97.319069
22,32.221588,-110.91391000000002
22,25.94596,-80.164363
22,35.991371,-83.952744
22,28.080486059054948,-82.35296845396827
22,44.999065,-93.089439
22,25.931224,-80.204313
22,38.018741,-121.942884
22,40.81028,-73.111526
22,37.957441,-122.268467
22,34.747429,-82.406918
22,37.654105424701434,-122.49061703623538
22,40.983257,-75.629616
22,34.932152,-86.571838
22,28.78562,-81.35103199999998
22,30.262995,-82.104515
22,39.825041,-75.706514
23,34.126049,-117.523523
23,40.76667800000001,-73.8386
23,44.948586,-92.96422
23,33.782304,-118.091558
23,33.778249,-117.860072
23,32.206685,-110.978994
23,34.036919,-118.300363
23,35.803595,-78.69349100000002
23,41.305093,-72.91404200000002
23,34.038047999999996,-118.276451
23,36.18143,-120.198275
23,44.872851,-93.247477
23,38.80316376667593,-77.09974408112956
23,40.687222,-73.724968
23,38.885935,-90.730424
23,38.751223,-121.494034
23,35.51371599999999,-82.58695300000002
23,45.529693,-122.665303
23,27.617474,-81.518982
23,35.07349,-90.00793399999998
23,28.748012,-82.106505
23,41.028238,-73.60199300000002
23,43.053921,-85.662665
23,39.000712,-120.90578700000002
23,34.068084000000006,-118.022629
23,44.796205,-123.033303
23,44.796324,-95.492799
23,25.871676,-80.323287
23,37.60939000000001,-120.98001
23,34.07239079459156,-117.9223644727806
23,34.078402000000004,-118.219726
23,34.087198,-118.234118
23,32.346694,-111.058511
23,41.875074,-78.015536
23,36.730768,-76.958872
23,25.819027,-80.20615599999998
23,47.594311,-122.318565
23,30.349833,-97.75547
23,35.746331,-78.599176
23,33.831592,-118.287232
23,37.874508,-122.305992
23,35.243008,-80.811092
23,39.083465,-85.93258
23,33.656754,-114.260915
23,37.351709,-119.602292
23,44.47183,-93.26322
23,33.673041999999995,-117.886766
23,38.004421,-121.840057
23,25.694021,-80.315936
23,30.488655,-91.117911
23,36.06860800000001,-86.67624599999998
23,29.768286,-95.375273
23,39.82559000000001,-111.51027
23,42.964424,-78.553289
23,33.84778,-117.871701
23,33.440741,-84.699472
23,39.814352,-121.584696
23,30.336071,-97.693176
23,36.084502,-86.933809
23,32.495915999999994,-93.761703
23,25.747785,-80.333376
23,30.477907,-91.165911
23,40.761226,-74.005555
23,37.968319,-120.237625
23,42.36751,-74.95738
23,41.106595,-73.420237
23,35.103957,-110.998121
23,34.461253,-118.541668
23,37.905998,-121.874138
23,32.837109000000005,-97.040276
23,32.906509,-96.89966
23,34.22331,-79.12111999999998
23,39.656284,-79.649208
23,44.569744,-121.160591
23,34.176575,-118.307968
23,43.880556,-90.142876
23,33.590695000000004,-117.75231
23,32.764652000000005,-96.770187
23,45.002757,-123.896309
23,27.82099,-82.72859
23,25.805457,-80.386115
23,34.324647,-118.502322
23,31.56968,-90.07314
23,41.60002100000001,-72.671931
23,41.66267,-87.59124
23,34.026428,-118.250409
23,34.067454999999995,-117.586766
23,32.43116,-93.740929
23,42.48164000000001,-83.086349
23,28.483209,-81.443771
23,30.240522,-97.58609
23,34.007288,-118.281222
23,33.63152,-117.17105
23,30.369137,-97.531769
23,34.253128000000004,-118.431061
23,41.493913,-73.161723
23,36.00779,-83.87307
23,33.593943,-111.838961
23,47.241421,-122.385681
23,43.29975200000001,-122.87396499999998
23,42.32883095721088,-83.15685868223592
23,32.261151,-110.995034
23,26.047824,-80.162194
23,42.166005,-88.061982
23,33.943681,-79.96848100000003
23,25.899202,-80.337571
23,38.034019,-121.967293
23,34.085982,-118.232109
23,35.090113,-118.977965
23,34.121257,-117.21741000000002
23,36.177333,-86.688396
23,37.561795,-77.42538499999998
23,33.958023,-118.112106
23,38.667936,-90.046974
23,35.835267305203274,-78.6434733863895
23,42.872021,-78.816513
23,40.59297,-75.362768
23,39.180582,-77.680142
23,34.7439515589011,-92.30879187539904
23,25.715764,-80.33481
23,30.457735,-91.064563
23,38.815698,-77.13794
23,34.031665999999994,-117.758392
23,37.513902,-77.698448
23,37.805629,-122.369942
23,36.85393,-118.23278
23,32.71683,-97.28486
23,33.534425496895146,-112.26942658370842
23,33.60982,-112.418286
23,29.676556,-95.256067
23,32.857248,-80.65105600000003
23,29.962122,-90.116361
23,37.2822439668785,-121.80847763957117
23,34.06927,-117.969605
23,37.580253000000006,-120.892639
23,35.949809,-83.98653
23,38.296764,-122.290206
23,35.137721,-80.907
23,33.873028999999995,-118.214269
23,26.007813,-80.34072900000002
23,34.01966929,-118.17350507
23,37.389081,-120.732611
23,40.010476,-78.375016
23,37.952266,-121.640967
23,25.93162,-80.204338
23,34.095637,-118.243837
23,33.96595,-112.1286
23,34.644554,-117.217567
23,33.740497999999995,-117.833717
23,29.8828,-95.499899
23,38.901761,-77.077084
23,36.26294,-80.824517
23,45.599742,-118.501045
23,37.610911,-122.39347
23,40.58494,-73.95294
23,40.69255471210149,-73.87999892199574
23,40.87782025317728,-73.90392422640845
23,36.245266,-86.73089300000002
23,32.512363,-93.742538
23,39.396901,-77.353282
23,39.75546,-86.1871
23,29.870031,-95.384872
23,34.681781,-82.930702
23,37.602474,-122.38044
23,39.23323989,-76.62063718
23,34.084675,-118.300446
23,33.877520000000004,-118.21508
23,43.312321,-121.76775
23,44.69901,-122.22266
23,42.778522,-73.84184599999998
23,39.671574,-84.20784599999998
23,38.50001,-121.560466
23,40.716125,-73.816376
23,30.603790000000004,-87.139353
23,33.435575,-111.823083
23,42.263824,-87.905441
23,34.072154,-118.066731
23,37.251618,-121.890032
23,40.109142,-79.315077
23,38.477457,-122.732187
23,33.51627230628244,-111.750386952821
23,25.787219,-80.186002
23,25.83548,-80.20618
23,45.207055,-93.029297
23,34.16531,-118.48926000000002
23,33.686431,-84.306539
23,34.15202,-118.141083
23,38.03787589055041,-121.25783085765238
23,40.6868,-111.93891
23,39.285017251781056,-77.32723832093558
23,45.575065,-122.643828
23,33.93095,-118.361366
23,28.553363,-81.337456
23,38.896383,-121.080017
23,43.597404,-116.299725
23,37.99184,-122.307909
23,34.071342,-118.235397
23,33.712270000000004,-112.284708
23,40.006854,-75.193347
23,42.072939,-123.698755
23,35.012806,-81.958054
23,29.964641,-90.072966
23,30.430191,-91.056703
23,30.04843,-89.95776
23,37.630608,-120.997879
23,39.28174,-76.731256
23,41.83219,-87.69566
23,40.43703,-111.357421
23,38.225322,-121.555307
23,40.367761,-75.82361800000002
23,35.001090000000005,-85.133746
23,35.145025,-119.092188
23,32.885582,-96.700478
23,40.98864,-73.840499
23,40.92256,-73.8611
23,30.304197,-97.703835
23,39.021548,-76.939358
23,44.15732502916261,-91.81009411768048
23,29.627735,-95.401848
23,40.76250672320956,-73.7289369102777
23,42.440119,-78.480506
23,36.865057,-76.582615
23,38.69703412037517,-90.4689681525685
23,37.316625,-122.301361
23,33.591181,-86.128016
23,34.095509,-118.243713
23,39.580231904794786,-74.45710301363727
23,35.725022,-78.581265
23,33.994576,-118.28064
23,40.44214367847232,-79.82280850372399
23,39.897595,-75.29182800000002
23,41.06271,-73.86224399999998
23,40.784907,-73.648356
23,47.528793,-95.476232
23,38.43082,-122.716164
23,32.662374,-96.805739
23,36.436887,-80.61923900000002
23,39.017761,-94.553907
23,43.598824,-116.519504
23,33.851192,-117.87664
23,47.35992,-122.80533
23,33.78526568,-118.09258819
23,41.989179,-75.749884
23,40.746956,-73.76321
23,36.970619,-76.54835899999998
23,28.04087,-80.66075
23,35.123993,-80.9284
23,30.051138,-95.244705
23,41.283639,-72.950999
23,43.671013,-123.201831
23,34.036089000000004,-118.321251
23,33.837105,-117.834961
23,37.313314,-77.40787900000002
23,34.489841,-82.029623
23,43.598696,-116.54864
23,43.006873,-83.710837
23,34.083534,-117.544617
23,30.245007,-82.674769
23,41.91695094088594,-122.572392224681
23,40.921205,-73.84621800000002
23,33.987849,-118.399044
23,45.6005,-109.125768
23,45.342742,-118.115357
23,42.48013,-88.27201
23,33.854675,-117.79039
23,32.77796,-117.112001
23,28.551735,-81.509209
23,27.073858,-82.40745600000002
23,41.585429906646795,-74.22134757006539
23,32.69402,-96.63741
23,33.981536,-117.462193
23,33.872601,-118.280342
23,35.068481,-120.559349
23,45.6387412545889,-122.56185650767056
23,34.012566,-118.490864
23,45.7714140413009,-108.48716854997402
23,38.34497800000001,-85.777505
23,30.443185999999997,-97.784874
23,35.41231900000001,-119.083355
23,40.809132,-73.19768499999998
23,38.660848,-121.350513
23,45.54754000000001,-122.55524
23,38.961624,-94.775987
23,39.592892,-106.09639
23,33.149689,-117.19758799999998
23,45.67429600000001,-118.841439
23,35.918839,-78.77451500000002
23,33.81961941702929,-81.4485275741508
23,37.202831,-93.244167
23,34.831048,-82.405697
23,41.668317,-72.827446
23,25.76106,-80.479403
23,40.847484,-76.049685
23,36.1091959474749,-80.08663058242756
23,38.671375,-121.567172
23,37.23972,-76.6331
23,37.785686,-122.393295
23,39.969087,-74.070836
23,30.727440118643152,-86.21191620785612
23,40.609492063328695,-112.03347802108748
23,34.051727,-117.161196
23,27.036463,-80.233358
23,33.961544,-118.36953
23,37.760556,-79.407645
23,44.091055,-123.045672
23,30.529751,-87.313266
23,38.52226,-121.767354
23,40.367735,-79.677729
23,35.996899,-80.105878
23,32.457926,-93.722093
23,41.551687,-73.050061
23,34.152,-118.132477
23,38.245639,-121.512642
23,40.645971,-121.279476
23,35.152945,-119.449917
23,34.315657,-79.897501
23,47.921089,-122.207809
23,38.59605,-121.415231
23,38.656736,-120.998579
23,25.762913,-80.255063
23,36.161739,-86.792838
23,40.85421681,-73.96600127
23,34.146572,-118.027992
23,47.139712,-122.519243
23,39.918844,-75.392902
23,42.93835,-85.667227
23,34.06997,-117.29582
23,28.463614,-81.540662
23,30.6759,-81.90431600000002
23,36.177148,-86.772892
23,37.78106,-89.93664
23,45.599742,-118.501045
23,37.270727,-120.435707
23,43.114868,-123.436321
23,37.258579,-122.122177
23,36.23131155950436,-80.32884478530727
23,37.192347,-77.329045
23,34.134041,-117.370431
23,43.359493,-71.612433
23,32.823341,-96.871159
23,34.05125,-118.00588
23,34.110424,-118.334579
23,37.864948,-122.303334
23,44.49393,-92.95982
23,38.645822,-121.377477
23,34.443768,-116.949944
23,40.03491997699721,-75.58352351152618
23,34.94664,-104.676715
23,34.003796,-118.28093
23,34.237161,-117.65788899999998
23,40.86318612079209,-73.91113400424045
23,39.085572,-74.814828
23,32.441990999999994,-93.745992
23,39.969984,-76.707723
23,34.017448,-117.986
23,44.057031,-92.495602
23,25.870646,-80.36443299999998
23,36.195083,-95.986792
23,32.68822074,-117.09356189
23,33.931782,-118.22596
23,33.726883,-84.50276099999998
23,40.376504659460174,-74.46261763537186
23,39.725421999999995,-105.013298
23,34.282354116276345,-118.41614842358392
23,41.31715,-86.698554
23,34.035204,-118.328401
23,30.603389,-87.11663100000001
23,34.188176,-84.13607900000002
23,34.004406,-118.412827
23,36.779452,-119.73637
23,34.14727,-118.22657
23,33.521277000000005,-113.075437
23,33.63367,-84.40126
23,25.889255,-80.209562
23,42.633045,-73.78181500000002
23,36.66167,-119.78609
23,37.570165,-77.45394499999998
23,30.592061,-84.644116
23,34.043849,-118.299596
23,34.106667,-117.881493
23,40.626337,-74.179666
23,37.559978,-122.034531
23,36.41394,-119.224168
23,32.717172,-117.117894
23,37.74055900000001,-121.58578500000002
23,47.28976,-122.31349
23,46.13009,-94.948645
23,39.969452,-75.474888
23,41.106151,-75.960534
23,40.066216,-75.314036
23,47.69755900000001,-122.305496
23,34.028252,-117.550052
23,34.32236,-84.34553000000002
23,32.126706,-110.87507
23,40.508862,-122.340448
23,34.98131,-81.97788
23,34.06397938712089,-117.29011416379312
23,42.301876,-83.118088
23,28.75633,-81.35923000000003
23,34.531906,-85.520565
23,30.409982,-97.701462
23,38.2923424242101,-77.50731110535857
23,39.997669,-76.055149
23,32.825313,-96.626161
23,45.003608,-93.349196
23,48.104198,-123.357758
23,34.033724,-118.436737
23,40.784657,-73.64843
23,39.4178,-76.79796
23,41.914543,-87.627045
23,29.738007,-95.466905
23,40.682659,-73.399521
23,32.708645000000004,-117.098251
23,37.462418,-122.144402
23,26.707696,-80.076696
23,36.579761,-121.720723
23,41.741942,-87.830897
23,34.064296,-117.261618
23,35.806192,-78.564735
23,40.664174,-73.789823
23,44.9356,-95.951536
23,33.776740000000004,-117.487481
23,38.74625,-77.18686
23,29.770763,-95.324132
23,34.014196000000005,-117.341609
23,38.798498,-77.562038
23,39.328067,-120.301406
23,34.820952,-91.512725
23,41.595095,-73.06406700000002
23,34.127731,-117.866234
23,40.900881,-74.142586
23,37.190156,-78.216889
23,36.943625,-76.306179
23,40.729244,-73.58228299999998
23,34.06990170462575,-117.96319842282313
23,41.909548,-78.559552
23,25.603283,-80.48674
23,34.155045,-118.310867
23,37.867475,-121.638375
23,32.676434,-97.24047
23,33.649094,-78.978505
23,29.78639,-95.37007
23,34.136205,-117.49456200000002
23,38.575125,-121.54333
23,37.401531,-121.908859
23,43.065503,-83.835998
23,41.009366,-73.64513199999998
23,32.661677000000005,-117.077683
23,40.6794,-111.9022
23,47.17007,-122.43411
23,26.162513,-80.16214000000002
23,37.341328,-121.927666
23,35.93832000000001,-84.00865
23,34.157224,-79.767483
23,33.788681,-118.096824
23,47.158932,-122.402763
23,45.844735,-95.38789
23,37.802315,-122.279785
23,34.659017,-92.425503
23,38.827625,-76.87802099999998
23,28.560749,-81.38928
23,43.060977,-83.701301
23,40.760159,-73.957504
23,38.98102700000001,-121.378142
23,33.56963,-113.35914
23,45.572572,-118.454999
23,30.37977,-97.674553
23,40.43978333453922,-78.24009060822371
23,33.788837,-117.805703
23,32.781999,-80.02510699999998
23,26.100796,-80.255287
23,34.027374,-117.800513
23,37.81401500000001,-122.47786
23,38.461851,-121.394095
23,34.06673,-117.226059
23,33.755368,-117.851957
23,34.029331,-118.200241
23,34.04117,-118.274
23,38.066557,-120.601491
23,38.800244,-121.205581
23,45.579074,-122.969158
23,28.872021000000004,-81.284385
23,43.956635,-122.90523600000002
23,40.129748,-75.324995
23,38.63764000000001,-121.40707
23,33.668407,-112.219515
23,44.740947,-92.949922
23,40.76444,-111.97243
23,46.04699492432571,-92.91700959161322
23,39.108039,-94.58836
23,40.98337054,-74.07157302
23,35.058631,-118.175708
23,39.96005200000001,-75.180269
23,35.81604799999999,-80.827809
23,34.023354,-117.811737
23,34.704288,-83.129896
23,34.15071129782605,-118.80987524929613
23,39.808964,-121.579474
23,39.633564,-121.417308
23,33.997414,-118.281285
23,38.109367,-122.229897
23,37.531219,-121.941338
23,41.482218,-73.19442
23,29.930878000000003,-90.085956
23,37.983522,-120.29209
23,40.721604,-73.989002
23,34.119826,-117.838639
23,45.099622,-93.297314
23,44.964881,-93.089642
23,29.535847,-95.386873
23,25.932756,-80.269049
23,36.870568,-80.872373
23,40.278567,-76.820474
23,37.926357,-122.060768
23,27.769457,-82.637058
23,37.157097,-121.98218500000002
23,37.842232,-122.258957
23,40.39222,-104.795465
23,47.00009,-94.74959
23,42.040048,-122.597974
23,34.366129,-77.712112
23,33.943709999999996,-118.368896
23,44.239829,-93.424504
23,39.306877,-76.743916
23,40.584896,-122.357932
23,32.59278,-117.08833
23,34.025677,-117.806149
23,39.76615,-104.99943
23,32.675646,-97.008704
23,41.948051,-74.02671099999998
23,41.48667,-88.18858
23,37.739811,-122.144119
23,35.843393,-86.87278
23,37.164499,-121.989848
23,34.161549,-117.33063500000002
23,44.443184,-117.325025
23,47.391701,-122.290733
23,28.611851,-81.20752399999998
23,38.449494,-78.09226899999999
23,34.011681,-118.489619
23,39.930438,-86.145053
23,40.70239,-73.86046999999998
23,43.910411,-116.819418
23,32.667758,-96.714377
23,34.414383,-119.704724
23,35.22103,-80.82549200000003
23,41.985161,-87.856411
23,38.807755,-77.496517
23,40.193194,-75.260687
23,33.859101,-118.289719
23,32.366861,-95.29279
23,30.655684,-87.911746
23,43.153609,-77.645677
23,36.140553,-86.77628100000003
23,38.223793,-85.580322
23,39.711288,-121.797
23,37.808495,-122.367325
23,32.827434999999994,-96.885971
23,30.352448,-97.79528
23,38.357173,-81.631853
23,38.683485,-121.363753
23,34.169614,-79.69404499999997
23,42.301606,-71.113632
23,37.84816,-122.298752
23,44.745973348404185,-117.80353188458535
23,25.968747,-80.165592
23,40.754129,-121.483416
23,37.442716,-77.686578
23,36.964897,-120.068515
23,28.305479,-81.572411
23,35.22249199999999,-118.561819
23,33.277834653695685,-86.80002808529474
23,38.812393,-121.300034
23,27.776345000000006,-82.63710999999998
23,44.00169,-92.48368
23,29.959084000000004,-90.077597
23,43.156273,-77.618351
23,34.189933,-80.100115
23,33.997609999999995,-118.369306
23,39.33838400000001,-120.350471
23,37.489206,-121.929201
23,38.223087,-85.751137
23,34.072104,-118.05485
23,42.33746,-83.124951
23,43.23419000000001,-124.23261
23,39.043724,-121.057266
23,35.359921,-90.279397
23,40.85819,-73.97977
23,41.139251,-73.439195
23,37.506474,-121.934784
23,33.780594,-117.881996
23,27.5593,-80.48134399999998
23,33.79781842215634,-112.22552418655287
23,34.275379,-80.53987099999998
23,34.03031229956612,-117.64598965588738
23,39.17202115,-76.73397659999998
23,37.959643,-121.241008
23,38.84062700000001,-77.12129300000002
23,27.258812,-82.480949
23,25.67213,-80.37835799999998
23,41.390922,-73.598694
23,38.016772,-121.329918
23,33.62303,-117.71543
23,42.173643,-121.717167
23,44.22204136827362,-93.27603936150896
23,45.001941,-93.282819
23,41.937353,-77.804603
23,33.08768,-96.83461
23,26.719268,-81.904454
23,32.847713,-116.931107
23,34.091503,-80.529843
23,33.931521999999994,-117.289085
23,37.874851,-122.186584
23,37.49509000000001,-122.229004
23,38.639542,-122.594559
23,47.433864,-115.666141
23,42.279638,-87.872161
23,36.162925,-86.77687
23,33.687231,-117.8722
23,34.433921999999995,-92.785752
23,46.41803,-93.51513
23,40.45058,-76.51625
23,47.46304,-122.28719
23,33.929962,-118.039435
23,43.604766,-116.27841399999998
23,34.342563,-118.528443
23,37.267687,-78.64795500000002
23,40.98729729632861,-73.85302662814209
23,32.797218,-96.685921
23,40.892635,-74.662221
23,30.98604798,-83.38602662
23,34.27482247336256,-79.69307541809229
23,30.428538,-91.056146
23,43.99272322633747,-93.25479626611111
23,33.774214,-118.094218
23,34.175253000000005,-80.975753
23,34.878666,-80.93512700000002
23,30.439042,-91.182246
23,33.846675,-118.205584
23,40.979498,-73.694627
23,29.730220000000006,-95.476395
23,34.032604,-118.220779
23,34.029907,-118.218536
23,38.046865,-78.78704300000003
23,44.931359,-123.090925
23,43.01391,-115.551956
23,34.530082,-86.905556
23,34.04631972296693,-118.2707297796332
23,40.724508,-74.007029
23,34.367597,-117.541188
23,32.8127,-96.75921
23,38.657709,-121.363421
23,43.504919,-118.872379
23,36.14754600000001,-84.058789
23,39.552916,-86.701859
23,47.238605,-122.41648899999998
23,32.90343,-117.117966
23,39.602302,-76.512587
23,39.015753,-77.096538
23,35.027042,-85.366569
23,36.67690800000001,-119.736804
23,41.358166,-75.05551899999998
23,42.96056,-85.70839000000002
23,32.698982,-117.115456
23,43.956127,-86.415154
23,25.883954,-80.32374
23,29.39608,-98.505897
23,30.417034,-91.172968
23,34.063936,-117.267025
23,33.654974,-84.365011
23,39.638119,-105.158401
23,37.906013,-122.045019
23,43.47134000000001,-123.31594
23,29.98350262627609,-90.05432009654021
23,42.90589,-123.25591
23,28.567595,-81.20780400000002
23,39.116103,-122.901013
23,40.823482,-73.93092800000002
23,41.594224,-120.422985
23,41.012764,-74.06837800000002
23,30.484925,-84.391173
23,26.142128,-80.169414
23,34.170277,-118.501373
23,33.740562,-117.834595
23,33.99407,-117.892495
23,34.119921000000005,-86.395569
23,34.092915000000005,-118.816655
23,29.62552,-95.431833
23,28.31069,-81.6441
23,40.546653000000006,-124.092748
23,35.412014,-119.054793
23,46.60311341263483,-122.9054367536406
23,33.857963,-81.757293
23,39.73453402500279,-121.81678175868122
23,44.95394110658191,-93.09017300561386
23,45.784196,-119.329204
23,45.069395,-122.935788
23,38.376839,-122.202377
23,42.249187,-83.439835
23,34.025389000000004,-81.080212
23,30.461744,-87.268578
23,41.278255,-72.963705
23,37.991768,-122.077881
23,36.693037,-82.01503100000002
23,39.89870667438555,-75.17106413805402
23,38.645814,-121.377457
23,41.473539,-73.215666
23,37.627648,-122.081719
23,39.323325,-77.356899
23,34.395294,-118.48513
23,37.89406,-122.07567
23,30.458275,-81.640788
23,34.282016999999996,-119.147575
23,33.513636,-112.269028
23,27.956431,-82.463346
23,37.925983,-122.514496
23,36.70784,-110.24665
23,33.918895,-117.434546
23,41.805240999999995,-87.911209
23,34.074171,-117.295607
23,35.554558038542005,-82.69976735075616
23,35.2368,-80.92039
23,37.708549,-122.16366200000002
23,42.222511,-83.412552
23,28.333023,-81.34435400000002
23,34.032973,-118.137434
23,38.672615,-90.030008
23,35.13780713064605,-80.92706322631393
23,30.032872,-95.174352
23,37.852484,-122.29986
23,42.96623110750691,-76.8607485290677
23,25.882473,-80.251378
23,38.47361400000001,-122.895467
23,37.80811,-122.36719
23,27.719896,-80.544837
23,44.895785,-93.247345
23,44.89147,-122.99371
23,34.557458000000004,-118.675844
23,30.538067,-84.361522
23,33.410381,-86.76065799999998
23,37.72938,-122.18671
23,44.778274,-117.810387
23,25.990541,-80.165848
23,35.303881,-80.772187
23,42.240227,-87.901466
23,39.153362,-76.748142
23,33.740048,-84.23064699999998
23,33.954726,-117.305097
23,40.864947,-73.830887
23,47.29027,-122.306663
23,33.002467,-111.575955
23,28.450791,-81.38417199999998
23,42.350086,-83.099518
23,37.986333,-122.525134
23,42.886598,-85.626147
23,25.925449,-80.271724
23,45.83894,-95.37097
23,34.275146,-118.536369
23,33.476209999999995,-117.138923
23,37.433132,-76.845552
23,47.61852,-122.3267
23,37.435376,-121.159931
23,29.608797,-95.202428
23,40.692116,-74.107749
23,34.093229,-117.932428
23,40.756321,-77.16354100000002
23,44.880191,-93.086203
23,30.011985,-89.940123
23,39.44133639316825,-76.63439154588397
23,44.963657,-92.642329
23,34.207432,-79.812547
23,34.183887,-118.145325
23,34.062351,-118.248674
23,29.730216,-95.453714
23,27.044144,-80.234259
23,33.96365,-118.36985
23,45.75965,-93.04504
23,40.668636,-77.130483
23,44.325471,-93.842215
23,34.297723,-118.474008
23,38.2041,-121.2632
23,38.629753,-90.346102
23,34.000377,-117.964177
23,40.329496,-75.478996
23,37.75649,-77.85664
23,34.038418,-118.27401
23,48.543773,-116.412154
23,37.636988,-77.517902
23,32.799101,-117.210706
23,42.26578,-83.2391
23,38.467091,-122.806808
23,36.553696,-119.196774
23,34.101002,-117.1996
23,41.838181,-72.665054
23,28.526290000000003,-81.38615
23,30.439274,-91.179627
23,37.800937,-122.282178
23,37.02994,-81.11619
23,34.144207,-79.770673
23,26.677999,-81.91899599999998
23,30.52359,-91.180928
23,28.42893,-81.351128
23,45.54079,-122.679552
23,41.875401,-87.65299999999998
23,29.252053000000004,-82.103394
23,37.66964,-122.466217
23,40.834888,-73.866247
23,40.682468,-89.586021
23,27.391977,-82.513784
23,36.09708,-80.01151999999998
23,38.020527,-78.429202
23,40.033033,-104.980394
23,38.008186,-122.030418
23,43.00419,-89.384272
23,33.846226,-117.821663
23,43.041042,-88.033407
23,35.580151,-97.57988
23,30.391779,-91.021565
23,33.236154,-87.553309
23,37.593858,-77.597341
23,42.385908,-121.814335
23,37.808491,-122.367348
23,47.235245,-122.498329
23,45.082291,-93.287694
23,38.812012,-76.967023
23,30.24480800000001,-97.730392
23,33.842040999999995,-118.290024
23,35.441662,-80.73905
23,37.829315,-122.213554
23,32.75659,-97.06348
23,40.68970084170966,-73.63546729052717
23,41.87383300000001,-87.813934
23,37.680134,-122.093973
23,38.366763,-120.763411
23,40.81515,-73.08944
23,34.03771500000001,-117.805055
23,40.925081,-73.827826
23,40.609044,-74.225461
23,33.955933,-117.380689
23,25.863028,-80.322622
23,37.025567,-121.568543
23,42.405296,-83.16014100000002
23,33.953268,-118.238551
23,27.056692,-82.39253199999997
23,32.632344,-117.096973
23,44.966033,-93.262542
23,40.082387,-75.44518199999997
23,29.450006,-98.423438
23,41.80316091,-87.63164163
23,37.763821,-122.216667
23,47.620098,-122.348495
23,38.48158,-121.371953
23,42.383766,-83.17631899999998
23,32.734992,-96.82395
23,33.461769819100084,-112.12203383392276
23,32.92459,-96.78684
23,34.067262,-117.53694099999998
23,35.248723,-80.86462900000002
23,39.783689,-105.044274
23,45.715387,-95.389079
23,34.075043,-118.219226
23,41.22207,-96.09019
23,34.09124,-118.601784
23,33.988167,-117.901192
23,37.269585,-121.947395
23,44.54084,-94.94926
23,45.53309,-122.62317
23,39.003021,-76.400851
23,43.167528,-77.683155
23,40.79266,-73.92416899999998
23,39.0161,-76.97769
23,34.081863,-117.715248
23,41.58912,-86.90545
23,34.079288,-117.479925
23,28.462285,-81.456254
23,33.875688000000004,-118.159965
23,35.043822,-81.979388
23,32.898509999999995,-96.71481
23,26.45995974528093,-81.78749442061523
23,43.108706,-121.813542
23,34.006635,-118.162295
23,29.740903000000007,-95.381442
23,37.701719,-121.887656
23,25.88403,-80.204073
23,44.79525200000001,-92.892074
23,33.964560999999996,-118.21302
23,40.123371,-75.329512
23,39.25210118275045,-77.30161786042545
23,42.540321,-82.886037
23,35.107765,-80.695082
23,44.765105,-88.571076
23,35.383154,-118.948293
23,29.84751,-95.3941
23,33.392855,-111.940981
23,37.21732,-93.322621
23,37.633788,-122.111082
23,29.879976,-95.3246
23,34.036869,-118.286247
23,32.733916,-96.921463
23,44.641792,-121.129625
23,35.20119309408569,-78.67154002152121
23,36.1634,-86.76194
23,37.684217,-122.058073
23,33.778884999999995,-117.875931
23,37.013581,-76.455552
23,47.548777,-122.334435
23,25.899853,-80.209808
23,33.994246999999994,-117.90509
23,42.619166,-78.730024
23,40.56713900000001,-74.55613699999998
23,30.011008,-90.010281
23,34.068622999999995,-117.375837
23,39.2794382570301,-121.09897971095516
23,37.690033,-122.137177
23,40.66601157169024,-76.38964533769422
23,33.778914,-117.885535
23,42.956963,-85.67873
23,34.281452,-118.691139
23,36.342462,-119.811176
23,40.7384,-73.802366
23,33.54777,-84.27744
23,39.435143,-123.378466
23,32.660672,-117.068007
23,45.648605,-122.661888
23,38.657713,-121.363862
23,39.435132,-77.41083
23,25.967058,-80.26004
23,32.661957,-96.726608
23,42.41826500000001,-82.935381
23,46.786533,-92.096497
23,44.89791,-93.1332
23,45.28142,-93.746903
23,34.038831,-118.045892
23,38.671456,-90.361937
23,37.39843,-122.025848
23,37.500144,-122.31925
23,41.098748,-74.03745500000002
23,34.71171,-86.53593000000002
23,45.130183,-93.401937
23,36.129208,-86.819158
23,36.987326,-121.987761
23,38.627094,-121.221405
23,28.148889,-82.695812
23,34.06876,-118.236962
23,32.760511,-117.193726
23,39.839056,-75.408963
23,42.212724,-122.72983899999998
23,29.939029,-95.427461
23,45.092767,-123.764392
23,40.798062085910814,-78.23129296265493
23,41.27227664,-73.11981797
23,33.962892,-118.25346100000002
23,43.04536,-83.668319
23,27.980879,-82.05583
23,36.145224,-120.102857
23,34.994609000000004,-85.145783
23,33.30122351630544,-111.89411044067432
23,34.070042,-117.864296
23,38.41000800000001,-120.555597
23,39.033366,-76.852001
23,33.357596,-86.854254
23,37.97324,-122.062065
23,30.350811,-91.083387
23,33.992039,-117.358002
23,40.052572,-76.323021
23,28.517522,-81.376351
23,40.28028846,-75.80500959999998
23,33.930939,-118.178909
23,34.282354,-118.416148
23,31.496959000000004,-83.856989
23,34.344931,-83.322609
23,48.438848,-114.308103
23,33.00927,-117.07989
23,38.662587,-77.276597
23,45.394887,-118.328401
23,38.210159,-121.265315
23,30.379963,-81.67016600000002
23,27.258489,-81.975545
23,42.430824,-83.18690500000002
23,44.262,-93.34161
23,40.689908,-111.95199
23,33.879845,-118.02877
23,39.841053,-75.402948
23,25.750277,-80.303606
23,34.082497,-118.225733
23,29.705672,-95.480476
23,33.97694706900607,-117.37158894482911
23,25.469699,-80.499011
23,32.77731299,-96.78016305
23,34.195614,-118.402587
23,43.384048,-123.33812
23,30.06038546547861,-81.49800896605731
23,24.982401,-80.547291
23,30.304195,-97.715982
23,40.99848,-78.268425
23,26.654153000000004,-81.852333
23,40.71223139743465,-74.24374937975766
23,43.595483,-116.285124
23,38.851627,-77.406481
23,33.066281,-82.406385
23,38.270065,-122.331276
23,37.855494,-122.215283
23,40.784907,-73.648356
23,37.76297,-120.862146
23,34.231708000000005,-118.404095
23,29.782143,-95.368548
23,34.05098,-118.261336
23,35.768368,-78.69413
23,38.564315,-90.294184
23,33.469744,-80.79865799999997
23,34.147549,-118.082047
23,33.013187,-116.908531
23,38.794001,-77.02123
23,34.264332,-111.22413799999998
23,38.889905,-77.03947099999998
23,34.029869,-118.392458
23,40.84657788,-73.94304156
23,27.996068,-82.47093000000002
23,37.579216,-122.346175
23,42.420678,-123.119703
23,39.10318400000001,-121.549569
23,38.844673,-77.299379
23,27.563656,-80.367851
23,38.94127,-109.8232
23,35.55465,-120.481476
23,39.17410200000001,-76.727195
23,34.303253000000005,-118.479774
23,33.462139,-112.122372
23,35.427772,-80.94061500000002
23,29.916774,-90.120198
23,37.68450900000001,-122.054649
23,27.841978000000005,-82.78715799999998
23,40.683113,-75.288416
23,34.446583000000004,-82.63877099999998
23,33.23446,-111.68586
23,34.896446000000005,-120.484566
23,33.879207,-118.285192
23,34.463602,-81.009012
23,40.228916,-75.236941
23,28.497231,-81.442463
23,34.321412,-118.496747
23,35.70405364019535,-112.13237643188413
23,33.6899,-84.40111
23,39.757462,-86.26453599999998
23,40.920755,-77.741834
23,26.1606,-80.31425
23,40.872783,-77.778261
23,32.813767,-96.785008
23,28.038823,-82.004765
23,33.607844,-114.55343899999998
23,38.012451,-121.941833
23,26.166311,-80.160015
23,37.364319,-121.90184
23,47.615210999999995,-122.32679
23,40.601138,-74.230249
23,42.878440999999995,-78.872383
23,33.917590000000004,-84.33747
23,37.855261,-122.300397
23,33.14928174003053,-117.33489632550555
23,40.72828300000001,-73.832977
23,37.617496,-122.074219
23,42.843731,-73.772995
23,34.710887,-92.373317
23,33.872749,-118.202385
23,38.526001,-122.790405
23,29.723511,-95.491508
23,34.071931,-118.266914
23,33.87719,-118.147648
23,32.58556,-96.67616
23,42.492214,-83.00638599999998
23,34.117838,-118.337291
23,47.215601205600656,-94.77020144417396
23,34.273556,-118.58944
23,38.52854,-121.46971
23,36.760371,-76.27205699999998
23,33.923721,-118.282593
23,34.100972,-118.248692
23,38.401827,-82.372372
23,34.056125,-118.241182
23,46.17499,-93.75733
23,36.861137,-76.431015
23,25.78796,-80.20322
23,38.273476,-122.671951
23,42.30309000000001,-83.1803
23,38.984606,-77.15888199999998
23,33.941181,-117.235806
23,25.812582,-80.215816
23,34.137464,-117.326742
23,37.113456,-76.48622399999998
23,28.368433000000003,-81.45738399999998
23,33.893606,-84.45455600000003
23,40.76175300000001,-111.871143
23,34.192602,-118.141275
23,34.00069000000001,-117.840927
23,40.250969,-76.87271
23,42.79674,-123.25606
23,41.97013,-72.35565
23,34.063386,-81.151742
23,33.522194623787286,-80.43048977813515
23,34.018707,-117.506622
23,41.684799,-87.662178
23,47.690521,-122.339142
23,32.588566,-111.335951
23,34.069332,-118.707901
23,39.874105,-75.097753
23,27.996287,-82.393394
23,39.953052,-77.647258
23,29.771175,-95.410598
23,44.943083,-93.077062
23,34.0532,-118.228317
23,30.685635,-85.176576
23,33.672924,-111.977608
23,45.141549,-93.391957
23,40.677612,-73.803326
23,38.245293,-122.449287
23,45.465062,-94.131041
23,37.469359999999995,-122.155334
23,37.097917,-122.097736
23,33.695937,-117.863677
23,46.354422,-94.781036
23,39.79578,-74.23659
23,40.76765200000001,-73.904302
23,38.343606,-121.33589
23,47.451936,-121.954067
23,40.630459,-111.876063
23,34.000214,-117.35259
23,40.408207,-89.054085
23,43.145951,-75.292908
23,45.241025,-123.862303
23,33.950451,-117.303154
23,39.57122,-76.13764599999998
23,33.16729,-97.18378
23,40.021058,-76.740328
23,35.717201,-78.584079
23,40.761486,-73.96060899999998
23,41.7724120614921,-72.59511351550772
23,40.522807,-74.30001999999998
23,34.828532,-118.873789
23,47.079044,-122.428864
23,41.36978,-75.689524
23,33.925715999999994,-118.177702
23,34.104778,-118.251807
23,37.677469,-78.294253
23,37.492534,-77.587843
23,42.63707041720087,-73.75670313799974
23,40.244726,-75.599002
23,40.013471,-75.179849
23,34.280589,-118.418547
23,34.09989953,-117.81919599
23,44.66054000000001,-123.059697
23,29.962645,-90.056208
23,33.869111,-118.053999
23,35.006857000000004,-85.278351
23,33.916359,-118.254433
23,33.765266,-84.385475
23,28.087742,-82.739561
23,37.808498,-122.366852
23,34.11965900000001,-117.806999
23,39.165776,-78.154774
23,41.561176,-72.91497
23,36.179326,-87.33362
23,47.420006,-122.287292
23,33.856649,-118.077973
23,37.335036,-119.661934
23,39.667637,-104.925835
23,37.292263,-121.809654
23,40.5359,-74.30315999999998
23,40.37577,-86.784302
23,37.353186,-120.700327
23,42.990814,-83.65900400000002
23,37.160408,-93.341228
23,30.443347,-91.186508
23,44.99903,-93.08941
23,26.10659,-80.16851
23,30.298181,-81.769625
23,38.060852,-122.152451
23,35.352325,-119.007782
23,29.766629,-82.50544599999998
23,35.398052,-119.002781
23,35.233873,-80.85826899999998
23,40.743191,-73.73382600000002
23,38.95120900000001,-77.429443
23,35.19637,-80.96879
23,34.033239,-118.169146
23,30.027214,-90.015633
23,40.75448155383704,-74.1213762756628
23,40.707489,-74.23218299999998
23,39.55611,-76.26402
23,25.823117,-80.206385
23,39.26465392094009,-81.49996161422014
23,33.92868,-118.280632
23,40.416386,-111.873542
23,40.851588,-73.159429
23,40.835987,-73.9494
23,42.595193,-74.328994
23,25.86614,-80.20823100000001
23,36.96125,-121.550941
23,38.86333,-76.84775400000002
23,35.3091,-80.75419000000002
23,45.33299,-122.88042
23,36.02229699999999,-119.106347
23,30.247759,-92.737348
23,38.574008,-121.383103
23,37.926907,-121.369983
23,25.703765,-80.293387
23,32.865479,-96.811394
23,38.844269,-77.007289
23,29.473927000000003,-98.517163
23,39.46934,-87.033838
23,37.702504,-121.740231
23,35.034618,-85.178737
23,33.3857,-111.926161
23,37.317428,-121.90433
23,28.416718,-81.576864
23,46.21548,-123.86201
23,25.946023,-80.162867
23,34.029434,-117.714951
23,33.861221,-117.877327
23,33.95035900000001,-118.102829
23,44.82102,-93.05312
23,37.446853999999995,-121.891312
23,28.076001405582065,-81.98284506758698
23,33.892533,-84.258021
23,33.847229,-118.205544
23,37.25037,-121.926216
23,34.066489000000004,-117.238487
23,25.715764,-80.33481
23,45.454249,-122.57916000000002
23,37.728649377642974,-79.31441187820762
23,42.269139,-88.033686
23,39.048382043652296,-94.49946999504805
23,38.750037,-85.823767
23,33.977346000000004,-118.280328
23,38.285221,-122.019508
23,35.259678,-85.013819
23,29.78544,-95.80555
23,25.963971,-80.165915
23,34.219247,-117.071675
23,33.949207,-118.279488
23,37.36422,-121.90148899999998
23,34.139908,-118.365753
23,33.93437,-118.09973
23,39.080646,-94.680384
23,38.348339,-122.26738
23,39.994426,-75.266595
23,40.653079,-111.976565
23,36.341676,-120.310268
23,33.72222304328097,-84.94619250257044
23,41.344767,-73.75778000000003
23,36.190109,-86.687957
23,37.926358,-122.060768
23,39.568304,-110.777621
23,39.281846,-120.707731
23,34.207916,-79.843179
23,40.203732,-105.045271
23,37.77953,-121.315125
23,37.488846,-122.212852
23,33.8345110414799,-117.93665528241188
23,43.0993330476613,-83.70016694028996
23,34.080711,-117.628468
23,28.787065,-81.328771
23,34.092068,-118.206331
23,38.572899,-90.686687
23,34.145537,-78.977325
23,33.689262,-117.919304
23,42.094182,-80.121723
23,29.395511,-98.491048
23,40.099194,-83.134117
23,39.64801,-84.264115
23,39.97596,-82.99641
23,38.94114,-94.537698
23,37.70251500000001,-122.016937
23,43.68298,-88.4421
23,38.691014,-121.44581399999998
23,34.144337,-118.607714
23,38.402439,-121.896698
23,34.000613,-118.067438
23,37.648357,-122.096252
23,26.231276,-80.25541700000002
23,33.621447,-84.487646
23,38.783981,-90.418274
23,37.274746,-122.003779
23,33.936807,-118.04166200000002
23,35.219775,-85.027238
23,43.064702,-74.091542
23,47.571735,-122.32016000000002
23,38.797014,-120.145303
23,40.880508,-73.947975
23,34.048059,-117.553403
23,38.891651,-121.015785
23,38.511219,-122.763649
23,37.807732,-122.27803
23,33.641327000000004,-84.495409
23,34.095182,-80.530167
23,25.94282,-80.18824000000002
23,42.460426,-82.923485
23,25.729146,-80.417684
23,33.973178000000004,-117.91823
23,32.304741,-95.333335
23,40.674381,-73.801598
23,34.154133,-118.467958
23,37.897621,-122.093475
23,39.40981,-77.43568499999998
23,31.444049,-81.44488100000002
23,34.031857,-118.424152
23,33.903713,-118.185593
23,40.866147279544506,-73.97490620577824
23,34.222395,-118.369253
23,39.111328,-94.682587
23,28.761769,-81.361538
23,34.046917,-117.308372
23,33.58805,-84.38351999999998
23,37.991292,-122.039716
23,25.77447,-80.14204000000002
23,32.163204,-110.98066
23,33.467305,-86.709001
23,30.429995,-91.056638
23,45.98761,-95.707025
23,33.874069,-98.561017
23,33.882307,-117.366135
23,39.447372,-87.47999
23,40.24014,-76.89231
23,33.00408,-96.77927
23,37.994461,-122.069885
23,32.825099,-85.210615
23,40.38582,-79.96759
23,40.609755,-74.383211
23,44.299053,-93.984521
23,44.420575,-121.020741
23,28.565945000000006,-81.56218299999998
23,44.77511,-93.28839
23,26.357898,-80.170586
23,47.58045900000001,-122.169256
23,42.390797,-122.435853
23,37.435555,-122.291359
23,30.321382,-97.75515
23,37.608707,-122.068192
23,33.807425,-79.01740799999997
23,25.80702,-80.20572
23,30.391741,-91.034273
23,39.12761,-84.55327
23,33.925577000000004,-117.422851
23,33.85378,-117.928351
23,38.306383,-79.516841
23,41.540425,-120.45961
23,39.593977,-75.94147199999998
23,34.342164000000004,-118.505491
23,38.52483,-122.481354
23,33.887322999999995,-118.356492
23,35.325943,-92.41166
23,40.73768019656783,-73.85210394824098
23,39.349241,-76.745498
23,33.932507,-117.879123
23,41.993299,-78.62139
23,37.798239,-122.274441
23,32.696031,-96.842583
23,33.876362,-118.082367
23,30.40157,-86.863692
23,37.45826125127097,-79.8354685302742
23,40.987644,-73.66999100000002
23,44.052139,-123.100379
23,38.90342,-111.940065
23,40.834888,-73.866247
23,33.775672,-117.278521
23,37.690868,-122.470581
23,37.840108,-122.486677
23,30.23521400000001,-97.714699
23,37.533249,-121.937294
23,33.789343,-118.075381
23,42.637177,-123.38553
23,38.343403,-77.48835799999998
23,38.025451,-122.259582
23,39.75535,-83.2307
23,28.3578050135214,-81.50485396346326
23,30.37216,-97.724083
23,47.87999,-122.267227
23,37.690647,-122.073631
23,38.62217,-77.29561
23,41.08791,-73.45706700000002
23,40.75507,-73.32655
23,34.482166,-81.926115
23,25.913167,-80.210145
23,40.67997,-111.90227
23,34.032518,-118.258874
23,38.466419,-123.010246
23,25.688431,-80.40155
23,38.778446,-112.063087
23,48.621056,-122.35598799999998
23,32.362817,-109.634295
23,38.396049,-122.867249
23,37.638676,-121.030467
23,40.576575,-75.800353
23,40.714151,-74.28522199999998
23,34.13478970511372,-117.65622496548816
23,40.70759,-73.81893000000002
23,34.040585,-118.169937
23,40.706225,-74.00279
23,42.015166,-122.613785
23,34.242069,-117.285789
23,40.65393,-73.56485
23,38.514084,-121.776112
23,28.281709000000006,-81.593698
23,44.78764414765936,-117.81106352749914
23,43.098541,-77.792427
23,35.684323,-78.840824
23,34.037159,-118.300354
23,33.7172877786936,-117.79542088452436
23,34.856753999999995,-82.46040699999998
23,35.304,-80.84886
23,41.573971509735216,-87.45753407436632
23,42.45431,-83.09551
23,40.06425,-76.42825400000002
23,41.765809,-72.65621
23,26.09518,-80.168664
23,38.220589,-122.131966
23,37.318936,-121.992176
23,40.836492,-73.876887
23,38.587973,-90.604614
23,34.557458000000004,-118.675844
23,48.61779,-122.35481
23,29.259329,-82.086781
23,34.750091,-83.25569899999998
23,43.276179,-121.773733
23,34.15749,-117.663704
23,34.233131,-118.410126
23,35.267162,-119.109599
23,34.234708000000005,-117.426283
23,30.290451,-81.629648
23,44.926911,-93.274551
23,41.060854196352665,-78.44928145371222
23,32.763359,-96.682617
23,39.706862,-76.644491
23,40.73431400000001,-73.922318
23,39.530437,-106.21582
23,38.123347,-122.229716
23,45.521732,-122.665497
23,29.879044,-95.425097
23,47.289536,-122.306915
23,44.90135,-93.13599
23,34.389771,-83.232303
23,34.136292,-117.458099
23,40.64536929111173,-111.9446647161868
23,30.22175,-97.683075
23,38.560825,-121.473739
23,48.153294,-114.137459
23,37.690926,-122.129395
23,33.05518,-117.072853
23,38.79255300000001,-90.510814
23,35.058388,-81.37990500000002
23,37.96905200000001,-121.162423
23,30.013382,-90.01892
23,36.18824,-86.629257
23,33.71713,-117.96864
23,40.936759,-124.116005
23,34.035394000000004,-118.268618
23,30.712601,-81.672416
23,41.01914,-74.293595
23,40.71720958,-73.83049607
23,35.163982,-80.714837
23,27.79198,-82.33479
23,41.134426,-76.462818
23,34.154517999999996,-118.396385
23,34.098068,-118.314629
23,33.860371,-118.307602
23,36.110011,-86.770309
23,40.99609,-75.26384
23,35.24565300000001,-80.802173
23,33.61208,-83.820458
23,41.050629,-74.11824
23,38.728821,-121.358821
23,34.164584999999995,-117.302653
23,34.684039,-92.34359
23,33.843707,-117.534756
23,33.98160900000001,-118.25592
23,43.696316,-124.014976
23,40.952018,-78.476509
23,36.150681,-86.800741
23,37.990162,-122.13102
23,32.90245413764523,-97.0990025992532
23,37.021907,-120.13248
23,37.351951,-81.05631600000002
23,34.155727,-118.431236
23,33.997653,-117.367962
23,33.992058,-118.363601
23,41.180969,-80.496449
23,38.422329,-122.715179
23,35.5213,-78.28612
23,28.187602,-80.706153
23,40.946327,-73.849701
23,34.092009999999995,-117.471129
23,33.98843,-118.400093
23,38.838475,-104.369159
23,34.470306,-77.559162
23,34.58065867407521,-113.49412321990252
23,44.927266,-93.349555
23,25.970295,-80.165723
23,37.337482,-122.059494
23,38.537147,-121.473713
23,39.951733,-80.145437
23,30.1672,-81.57007
23,36.666553,-119.728334
23,33.931629,-118.396332
23,43.030788,-83.69498399999998
23,40.194342,-77.98232899999998
23,34.48876,-85.48543000000002
23,39.005852,-77.074016
23,40.987464,-73.671869
23,33.917099,-118.104813
23,33.733906,-117.833588
23,35.477496,-117.959451
23,33.891127000000004,-117.521895
23,45.218256,-109.229761
23,39.818885,-76.976614
23,37.54649000000001,-122.022964
23,40.71834000000001,-111.88826
23,33.620305,-84.46742900000002
23,34.066513,-117.509984
23,35.41232700000001,-119.048598
23,41.121874,-79.432837
23,39.941983,-74.93959699999998
23,37.67225861531413,-121.27285122813572
23,34.012505,-118.163513
23,41.53398,-72.793749
23,40.152288,-76.820014
23,45.68013310410653,-108.71502757020608
23,33.06922,-87.56966700000002
23,37.703561,-120.930098
23,35.849199,-78.20495600000002
23,29.770451,-95.410037
23,31.557156,-84.115
23,37.361137,-122.120232
23,38.839621,-76.993595
23,44.366481,-123.83358
23,35.756011,-78.601366
23,38.675597,-104.710875
23,34.511403,-84.5069
23,34.061079,-117.296252
23,41.470445,-72.773437
23,39.863804,-104.98748
23,36.937238,-76.265298
23,33.876096010046595,-118.16814064923206
23,45.583927,-93.333503
23,32.77919,-117.070975
23,38.55951189976425,-121.46712899150148
23,34.067023999999996,-117.80352
23,39.813329,-75.550489
23,36.045686,-86.660379
23,30.34774661049677,-97.71269202185768
23,25.747469,-80.339673
23,40.724056,-73.93763
23,41.656821,-93.543195
23,30.476522,-81.644882
23,34.362044,-79.294536
23,30.448935,-86.61378
23,33.74140620215539,-84.23032164533507
23,43.863011,-123.015064
23,33.801790000000004,-84.40326
23,37.34932,-76.72731
23,29.62786,-95.59373
23,35.861385,-78.637227
23,39.949235,-82.690584
23,34.919493,-82.294657
23,39.94859576206232,-75.11894345247687
23,34.259842,-118.330101
23,39.95861649494191,-74.91773486101667
23,41.498393,-95.140527
23,29.845717,-95.393079
23,33.812328,-81.071303
23,38.809643,-75.974104
23,38.659569,-120.97293700000002
23,35.082529,-89.948149
23,41.518511,-73.982345
23,36.094025,-80.233036
23,33.917590000000004,-84.33747
23,30.461744,-87.268578
23,32.92601,-96.82062
23,34.071940000000005,-118.084391
23,37.708557,-122.163651
23,34.018974,-118.423965
23,41.849662,-93.570973
23,33.965204,-118.237949
23,30.380226,-91.108675
23,36.724562,-79.952862
23,41.16494536380212,-73.35437178576778
23,34.030698,-117.59831
23,34.21539,-117.863792
23,32.808887,-96.817738
23,35.098557,-85.328102
23,41.5709,-87.29075
23,35.043136,-81.882133
23,40.348076,-74.49835999999998
23,33.476209999999995,-117.138923
23,47.734119,-122.339691
23,37.209444,-121.7225
23,33.517643,-80.861187
23,37.690867,-122.470568
23,40.42573400000001,-80.31211400000002
23,43.77402663210023,-123.05991053522558
23,37.86835900000001,-122.21785
23,44.432605,-93.948651
23,33.987234,-118.069582
23,39.058582,-76.837997
23,28.451732,-81.09485699999998
23,37.97309518,-121.04117274
23,39.72762465458046,-86.04643464047409
23,40.853973,-74.423224
23,37.80006,-122.278623
23,38.361928000000006,-79.017034
23,34.068882,-117.353088
23,33.20657,-87.568539
23,45.11205,-93.47206
23,29.437782,-98.490183
23,38.50503,-90.58912
23,33.997840999999994,-118.433517
23,34.349189,-119.061319
23,39.100316,-119.90978
23,40.770655,-74.234087
23,40.853056,-73.959194
23,28.020554,-82.455557
23,45.855672,-119.290096
23,33.391167,-117.233747
23,30.250269,-97.688062
23,37.609428,-120.993582
23,37.72111500000001,-121.935196
23,29.717803000000004,-95.278242
23,38.358551,-121.823082
23,40.06414,-76.338557
23,32.704925,-96.870198
23,26.533422,-80.17274599999998
23,39.133786,-121.589367
23,34.119167,-118.160431
23,41.829811,-72.66579399999998
23,33.927917,-118.25428
23,30.502789,-87.20675
23,33.810143,-118.290329
23,38.500957,-122.687557
23,34.647611,-92.42262
23,36.987356,-121.98793899999998
23,38.524922,-77.367428
23,39.931427,-74.95285
23,34.54281,-118.018932
23,40.052129,-75.559126
23,25.652335,-80.41341
23,36.788006,-121.678972
23,34.035328,-118.369449
23,33.872351,-81.436013
23,42.104948,-80.077415
23,41.374728999999995,-73.399788
23,41.80926,-87.58744
23,33.818090999999995,-117.889465
23,39.995323,-75.083566
23,40.70538300000001,-74.245613
23,34.12628,-83.736998
23,40.000845,-75.823463
23,40.687043,-74.273933
23,43.439769,-124.003435
23,37.99011,-122.528857
23,40.08086085300407,-75.38591980898195
23,43.021629,-73.791618
23,35.215859,-83.27859699999998
23,28.191481,-82.74006999999997
23,44.891713,-122.99326299999998
23,33.877033000000004,-118.150826
23,36.141189,-86.66338499999998
23,33.755376,-118.01744
23,38.258347,-122.062263
23,46.721279,-111.905219
23,37.62447,-122.485977
23,29.71277000000001,-95.17897
23,41.592269,-93.787436
23,32.837107,-97.028222
23,34.210513,-82.09522
23,44.97143,-93.3706
23,45.599366,-117.563334
23,35.779013,-80.863586
23,34.87324,-89.896496
23,33.980721,-117.369034
23,32.925887,-96.811427
23,34.075432,-117.545036
23,40.683311,-73.687935
23,34.490857,-118.133534
23,40.898636,-74.03711700000002
23,36.86360478383607,-121.57684206904612
23,38.277257,-78.936217
23,34.707151,-82.242482
23,37.383781,-121.459833
23,28.444042,-81.470431
23,34.242259000000004,-117.285546
23,33.84830832465244,-84.36823010404409
23,37.852481,-122.299858
23,33.753055,-117.848639
23,33.892921,-118.27623
23,40.64200200000001,-74.288857
23,35.894776,-84.190327
23,34.329596,-79.860128
23,30.260113,-97.738289
23,34.491021,-118.131788
23,35.782654,-78.64161999999997
23,35.03103,-80.96313
23,33.852261,-118.220985
23,34.152190999999995,-118.282997
23,32.769172999999995,-96.822845
23,32.738418,-96.837663
23,33.642293,-86.615513
23,33.740569,-117.83325
23,38.400382,-120.732568
23,33.88374,-117.63927
23,39.273219,-120.128473
23,47.461815,-122.264961
23,33.832291,-117.93178600000002
23,40.93587,-77.649449
23,36.119731,-86.802302
23,41.392292,-73.525416
23,45.010460614943455,-93.09062361672837
23,33.547938,-86.780331
23,32.939629,-96.821938
23,43.913824,-123.012767
23,37.719025,-122.176949
23,40.71789622287408,-73.79637837374784
23,37.309576,-121.884712
23,41.685373,-93.286371
23,39.866455,-75.101026
23,40.794253999999995,-73.931412
23,39.078006,-94.971857
23,33.148453,-117.334418
23,34.029907,-118.218536
23,43.019273,-85.63651999999998
23,28.273191,-82.698877
23,39.641733,-75.902426
23,33.824489,-118.287467
23,26.373268,-80.116947
23,41.59245,-87.72133000000002
23,39.945532,-76.741878
23,29.681832,-95.281587
23,36.343867,-119.887149
23,33.932829,-118.295494
23,40.95236,-73.85226
23,33.883185,-117.539647
23,35.188997,-90.015251
23,41.23018,-96.087
23,34.57994,-117.85771
23,25.950942,-80.18128100000001
23,37.492493,-77.508258
23,39.826316,-121.59702
23,30.46898400000001,-91.146532
23,29.67435,-95.26679
23,28.547483000000003,-81.382926
23,38.008424,-122.275602
23,41.76668,-72.685114
23,33.435793,-112.008816
23,40.768336,-73.949407
23,34.21624,-119.036407
23,26.547383,-81.786209
23,36.114367,-86.724518
23,33.83125,-118.25534
23,39.45691400000001,-76.650549
23,39.25004124622703,-94.65759158089328
23,33.980587,-118.43898
23,33.877171000000004,-118.149
23,44.659326,-117.602554
23,34.780193,-118.170865
23,43.154148,-77.619282
23,28.449998,-81.469145
23,35.226206,-80.89036
23,43.100796,-123.553066
23,34.033283000000004,-118.181114
23,38.663799,-122.863274
23,40.027388,-86.451212
23,34.052376,-118.259346
23,32.36260056480235,-90.23100256876836
23,44.90227,-93.40152
23,43.089104,-88.057823
23,44.23915,-95.51287
23,38.79348,-76.67187
23,29.81318,-95.33532
23,40.46615,-122.324516
23,41.213568,-73.18401899999998
23,44.5527,-121.16793
23,28.333065,-82.666267
23,38.581377,-121.463395
23,37.798848,-122.218765
23,33.553092,-112.101425
23,38.121069,-78.467541
23,47.307064,-122.249862
23,43.637697,-95.675118
23,41.065942,-76.498788
23,40.866245,-74.008553
23,38.392711,-121.223881
23,34.086921999999994,-117.686277
23,38.646278,-121.376869
23,34.249376,-117.442305
23,36.648549,-119.862485
23,38.066376,-122.53743
23,40.420394,-80.03783299999998
23,30.44626,-91.17944
23,33.700218,-117.348541
23,33.38572382911021,-111.93226218170194
23,29.774235,-95.336686
23,42.30761,-83.104088
23,39.9641,-75.18428
23,37.395407,-79.8971
23,28.251394,-81.493555
23,35.119891,-82.462776
23,42.101402,-87.76753199999996
23,25.45706,-80.475107
23,32.793802,-96.822737
23,34.059784,-117.690654
23,44.18037800000001,-122.120851
23,34.068317,-117.379784
23,39.1754,-94.5341
23,29.737404,-95.379097
23,43.104767,-83.704274
23,28.513387,-81.4012
23,40.548204,-124.099542
23,38.941587,-76.91166700000002
23,38.652027,-122.599846
23,33.821437,-118.294722
23,32.733217,-86.540583
23,42.40815900000001,-122.94813700000002
23,38.695473,-122.016083
23,33.859938,-117.98678
23,39.25062060337424,-94.65825676872892
23,33.777306,-118.357903
23,39.148932695202106,-94.65402960732148
23,25.829739,-80.19206700000002
23,37.71601,-79.446612
23,29.66556,-95.41304
23,35.260935,-80.84104
23,32.677297,-117.084551
23,41.597317,-93.777204
23,43.100197,-77.547005
23,33.825706,-118.213585
23,36.183613,-86.81362
23,45.582121,-118.610298
23,39.76033,-84.138285
23,37.287048,-121.960732
23,30.26936173424593,-97.74378418875816
23,40.951231,-77.695312
23,35.618480443784634,-82.57293105086053
23,34.085621,-117.544917
23,33.978419,-117.33826100000002
23,39.300728,-76.870283
23,36.618069,-121.636041
23,35.93185,-119.909058
23,33.113585,-97.0282
23,34.804290532899834,-111.5974152082844
23,36.75127,-119.79319
23,39.694880246926814,-106.66717171618144
23,35.55670300000001,-82.846924
23,33.743363,-118.309705
23,35.34418702,-80.73761344
23,37.331521,-119.654925
23,35.65352199999999,-78.617504
23,39.836913,-77.004551
23,39.095996618084456,-94.55122590019916
23,42.405721,-83.08965
23,32.267539,-101.403652
23,41.81278,-87.75729
23,38.113,-85.69883
23,33.764945000000004,-117.865544
23,33.92185,-118.20341
23,45.682042836925106,-122.55202889384006
23,33.876543,-118.077256
23,33.956868,-118.295894
23,47.294136,-122.292455
23,40.71998,-73.58044
23,40.70461,-111.90382
23,29.974142,-95.769739
23,38.83211,-76.98732
23,33.99767518027306,-81.10885262450644
23,37.32696,-121.94515
23,33.924686,-118.103981
23,40.85005402545524,-73.94424319232013
23,42.957485,-88.057829
23,37.702,-121.917091
23,37.598023,-122.501594
23,41.65848,-75.666442
23,41.08732,-85.6279
23,34.203804,-79.883498
23,45.848252,-93.344615
23,32.660905,-83.452287
23,34.037498,-118.03871200000002
23,29.731988,-95.373265
23,42.97355,-85.647114
23,33.824157,-117.967626
23,41.144882,-73.815628
23,34.426998,-119.110207
23,32.52339,-84.95699300000003
23,34.239109,-117.851311
23,25.494621,-80.417979
23,34.272095,-118.353004
23,37.691277,-122.138924
23,40.811237096591896,-73.14189791644505
23,33.781505,-118.102736
23,40.75971722583408,-73.71333718264717
23,29.733504,-95.326908
23,35.103946,-106.709893
23,33.971825,-118.3778
23,44.095113,-92.244516
23,25.755332,-80.201686
23,36.835228,-76.10726600000002
23,38.771796,-121.251335
23,34.121349,-117.51376299999998
23,40.901144,-74.140967
23,29.670562,-95.554925
23,33.73938,-117.833916
23,35.049366,-85.14483299999998
23,41.820411,-88.028144
23,29.97516,-90.166274
23,44.210951,-88.584867
23,37.74397,-121.128677
23,42.478177,-83.09002
23,45.678901,-121.288904
23,33.427652,-112.187436
23,30.26404,-97.735158
23,25.72583,-80.153446
23,34.02832,-118.431313
23,32.177927000000004,-111.001909
23,25.93049168574366,-80.31092762908787
23,45.92119,-119.32289
23,35.25058,-80.898949
23,37.49527,-122.36946
23,41.280267,-72.958805
23,33.023148,-117.079063
23,41.06251,-74.02459
23,25.77277,-80.377379
23,42.927944,-85.657963
23,35.383465,-119.252083
23,36.086429,-86.69872600000002
23,33.87611,-118.190086
23,33.81183,-84.259461
23,34.046613,-117.396329
23,34.030441,-117.605799
23,39.652479,-77.9158
23,40.608326,-74.088932
23,38.013636,-121.90422
23,34.582804,-118.707092
23,36.948186,-81.142225
23,34.205149,-118.200099
23,35.316399,-80.780998
23,33.526529,-86.659909
23,33.25795,-84.0014
23,33.938068,-118.098366
23,40.401331186101906,-77.26168513261193
23,32.720352,-96.836777
23,26.769820000000006,-81.930966
23,34.132047,-118.757622
23,42.62607,-84.86448
23,33.47068400000001,-117.713098
23,39.098508,-77.53394499999997
23,43.709057,-95.455747
23,47.623188,-122.328728
23,39.77562800000001,-86.14282
23,35.845033,-78.601543
23,44.501024,-120.386725
23,41.75226,-87.62546
23,45.14731764771868,-93.27069640115133
23,47.664299,-122.347328
23,34.058183,-118.173946
23,45.1926,-93.072841
23,41.75382971743701,-87.87254691082062
23,42.900926,-85.677548
23,25.691126,-80.40265699999998
23,36.894236,-76.42635600000001
23,29.76173,-96.16154
23,40.97841382,-73.69634271
23,45.681906,-121.290876
23,41.563109999999995,-87.749687
23,41.78030800000001,-87.631241
23,33.743503999999994,-84.376442
23,26.558114,-81.656296
23,40.9909021852446,-73.83837103808479
23,34.601735999999995,-118.142413
23,40.598269,-79.607652
23,34.099559,-117.985207
23,35.890113115139535,-89.91405129389805
23,34.15041,-118.280707
23,43.903306,-91.59262
23,25.758791,-80.390915
23,33.974758,-118.25206
23,34.052409999999995,-118.224602
23,30.37825,-86.330438
23,30.253767,-81.508723
23,47.390738,-122.287777
23,36.004434,-78.68621800000003
23,40.979937314791776,-75.19460320436863
23,40.60191750507067,-74.06080126727073
23,41.301773,-72.911186
23,33.965529,-118.230194
23,28.555659999999996,-81.475883
23,33.871798,-80.35392
23,37.006371,-121.975777
23,37.977288,-122.29463
23,33.287383,-111.879072
23,33.88554,-80.24590400000002
23,34.411465,-117.772247
23,33.858957000000004,-117.367044
23,34.30024981482362,-118.47650885525476
23,42.57108,-89.34905
23,40.230766,-79.58641899999998
23,33.754403,-84.49534399999997
23,34.0242,-117.335022
23,36.554338,-119.579481
23,32.790981530986826,-96.74645304633738
23,40.844776,-73.925507
23,38.12846,-120.86808899999998
23,34.502262,-118.11936
23,26.427344,-81.775842
23,34.061283,-118.247505
23,37.36401,-121.84381
23,33.581977,-117.665602
23,38.123337,-122.272774
23,37.36286,-121.843088
23,40.60442000000001,-83.16985
23,30.398906,-91.179617
23,40.254882,-80.465379
23,40.310814,-74.3042
23,37.761483,-121.446252
23,30.284687,-81.771601
23,38.802278,-77.109165
23,43.164626,-77.634513
23,38.325127,-122.02373500000002
23,48.23625,-122.061745
23,33.843117,-79.08813599999998
23,25.561029,-80.386679
23,30.243440000000003,-81.76271
23,33.340276,-86.915813
23,25.782526,-80.328684
23,40.89394,-73.86263000000002
23,32.278917,-111.008589
23,40.158442,-75.13104399999997
23,30.064464,-95.248671
23,40.7679,-111.91254
23,34.962639,-89.97287
23,34.153664,-118.325729
23,40.162092,-75.512362
23,34.153145,-118.361696
23,36.211263,-119.645863
23,37.425076,-121.920242
23,33.284443,-111.807025
23,33.641457,-81.734672
23,34.150352000000005,-118.695946
23,37.325168,-121.886239
23,36.439714,-80.622661
23,43.214078,-75.463686
23,39.992148,-76.757988
23,32.727938,-117.112509
23,29.738892,-95.255312
23,44.618354,-117.496017
23,34.994782,-81.995008
23,37.670365,-122.480727
23,35.864215,-90.616451
23,34.161461,-117.46538
23,32.727016210399974,-117.16737627927225
23,29.71413,-95.381738
23,35.219028,-114.136157
23,33.965509999999995,-81.21016
23,38.976807,-77.408955
23,45.375605,-122.755533
23,28.294018,-82.709301
23,30.439290999999997,-91.179283
23,38.816403150373375,-104.829901456333
23,42.13915,-88.009647
23,34.9825,-118.94388899999998
23,34.546283,-82.80669
23,42.280837,-87.97370500000002
23,40.289873,-111.733911
23,41.173178,-77.32946700000002
23,32.794769,-96.792595
23,33.774146,-84.390096
23,40.836288,-73.872711
23,33.99252,-118.06785
23,35.490227937529134,-114.32496428435172
23,45.497869,-118.41783999999998
23,37.852533,-122.29986
23,29.729573,-95.445722
23,34.872786,-82.25485400000002
23,37.912777,-122.066925
23,38.698686,-76.86924499999998
23,38.013625,-121.996839
23,38.447408,-76.486245
23,40.7416,-111.88823
23,30.662595,-84.695053
23,44.95141,-93.02005
23,32.700139,-96.657094
23,37.87294,-122.530982
23,41.168314,-111.964056
23,32.67514,-117.1095
23,25.965535,-80.205997
23,32.800821,-97.221935
23,34.581016999999996,-118.133301
23,34.06912,-80.9302
23,27.205868,-80.400749
23,41.094139,-78.708993
23,30.404519,-91.09747
23,38.96086500000001,-80.792478
23,41.75106,-88.01271
23,34.100978999999995,-118.248697
23,37.943432,-122.480415
23,33.854822,-117.889446
23,41.122192,-73.331757
23,33.403925,-117.597656
23,39.424243,-77.503446
23,39.06331,-84.46799
23,32.632344,-117.096973
23,35.378669,-119.044321
23,38.57848048191747,-121.30780577601764
23,33.522533,-117.162781
23,40.419977,-78.111296
23,42.91265130022568,-85.67738413769875
23,28.612675,-81.443588
23,32.726399,-96.857093
23,41.77478,-87.9075
23,43.617503,-116.252219
23,39.40760493259712,-76.66820883714354
23,35.790788,-78.650549
23,29.3994,-98.51159
23,40.775402,-74.152876
23,36.906231,-76.256438
23,36.737189,-119.645996
23,37.808498,-122.366852
23,35.911722,-78.653992
23,44.6135580537576,-93.7680852408706
23,35.792935,-78.613166
23,34.821612,-82.284743
23,38.574917,-121.550362
23,34.016148,-118.173409
23,25.666063,-80.334852
23,45.483216,-122.678835
23,30.585937,-84.71397900000002
23,40.71223139743465,-74.24374937975766
23,37.882935,-122.180107
23,37.213169,-79.41684599999998
23,42.762097,-73.93002800000002
23,44.948791265273336,-92.85632729486056
23,41.90605,-113.10339
23,29.859943,-95.52433
23,39.60023,-77.676869
23,38.56582,-121.336945
23,33.5513,-117.127197
23,32.870533,-117.195442
23,45.29018282868723,-118.03615450802783
23,36.62184,-119.511287
23,44.221668,-121.438426
23,45.28069,-121.713797
23,34.2591,-79.750631
23,42.984464,-73.746078
23,33.901911,-118.341674
23,35.738600492307,-81.08846783599334
23,32.899859,-96.700459
23,41.981173,-73.960658
23,26.18734,-80.297516
23,28.512382,-81.152241
23,28.583768,-81.409276
23,32.441946,-93.754619
23,36.249717,-86.776723
23,37.543119,-77.449146
23,33.928253999999995,-118.295905
23,38.368958,-75.58144399999998
23,25.70688,-80.31772
23,33.236584,-87.555245
23,32.914955,-117.230917
23,33.55454,-86.74261
23,37.79982,-122.27843500000002
23,38.972028,-122.743649
23,30.33272,-97.70402
23,40.99872,-122.415243
23,26.843515000000004,-80.10459
23,37.602474,-122.38044
23,41.15649000000001,-105.40104
23,37.697676,-122.073867
23,37.768921,-92.402116
23,34.223025,-118.248799
23,47.70063,-122.685043
23,43.183281,-77.59554
23,34.012234,-118.418549
23,25.807882,-80.26453599999998
23,39.428045,-123.805679
23,38.627571,-121.518462
23,42.128682,-86.376672
23,42.966588,-85.67963
23,34.31425,-118.43717
23,29.960402,-90.07574
23,26.082757,-80.16845500000002
23,38.021812,-121.96077
23,43.66891,-93.01755
23,34.943176,-118.931525
23,32.591237,-111.338224
23,34.06839,-117.97457
23,34.084721,-117.47554
23,34.348265000000005,-119.08158600000002
23,33.862319,-118.199297
23,46.0183489320468,-92.9281890387872
23,34.079376,-118.291702
23,34.272095,-118.353004
23,34.067322,-82.07639300000002
23,33.15393805488036,-87.59488463360027
23,41.373454,-73.975685
23,34.037234999999995,-118.284027
23,33.436440000000005,-111.927
23,40.243787,-76.88596
23,30.345447,-91.108929
23,29.60928,-95.484827
23,33.347543,-117.159168
23,36.139786,-86.760633
23,36.39765300000001,-79.59884
23,42.378668,-87.940223
23,34.17049,-118.304306
23,34.041775,-118.273247
23,44.79762196519472,-92.89806246713208
23,33.913526,-118.074764
23,48.23575,-122.23788
23,42.932435,-78.765074
23,45.7667,-92.98946
23,38.538696,-121.449318
23,34.020897,-118.157158
23,32.323386,-90.159011
23,41.490072,-122.362229
23,29.756472,-81.312782
23,33.46297144873875,-112.19505429214384
23,34.431543,-119.794215
23,40.81102,-73.93483
23,38.520755,-109.495884
23,34.106606,-117.821449
23,33.928036,-118.254044
23,37.801048,-122.228706
23,34.0333,-118.14583
23,35.101896999999994,-85.33050300000002
23,35.76849102956882,-80.86279749831742
23,35.09818,-120.593432
23,33.553173,-79.038864
23,34.10344005,-117.30206609
23,25.811457,-80.196432
23,39.86079,-75.685232
23,44.780613,-122.616734
23,36.778256,-119.833812
23,38.99284,-95.233601
23,27.976917,-82.390397
23,25.925735,-80.252682
23,42.711464166437565,-73.8237154480275
23,32.732319,-96.674286
23,34.165352,-118.492332
23,26.409019,-81.782172
23,34.16272,-118.158379
23,34.530227000000004,-117.971265
23,38.986948728375495,-77.15825915299817
23,34.63318,-118.729656
23,33.899193,-117.560181
23,33.765987,-84.50195500000002
23,35.833872,-119.259949
23,37.685108,-122.130051
23,39.928295,-75.611293
23,33.712917,-84.400687
23,37.878184999999995,-122.307175
23,37.769804,-76.472004
23,37.145835,-88.68326
23,28.422505,-82.468101
23,45.700413,-94.891474
23,36.725947999999995,-121.78876499999998
23,37.312368,-121.839748
23,30.365105,-90.420323
23,39.085418,-78.510471
23,37.666794,-77.460838
23,32.895896,-80.785736
23,38.720688,-90.305794
23,36.073931,-86.62406700000003
23,38.491993,-121.408908
23,28.44567418084885,-81.47449135741483
23,40.469994,-79.590437
23,37.601019,-121.016697
23,30.255889,-97.736892
23,34.938066,-82.43467199999998
23,28.177245000000006,-82.25382900000002
23,34.248253000000005,-117.439233
23,34.077152000000005,-118.28138
23,37.342268,-121.854398
23,47.46349,-122.293175
23,34.082615000000004,-118.297203
23,35.797308,-78.577639
23,42.324172999999995,-83.1623
23,39.0935,-94.590803
23,39.199218,-76.76331400000002
23,32.789579,-96.813402
23,27.847031,-82.381529
23,32.514249,-93.747771
23,42.94610381105925,-115.42063593809404
23,34.020934999999994,-117.814174
23,34.034954,-118.33371
23,47.568069,-122.179031
23,43.860452,-117.590528
23,46.69132000000001,-94.368126
23,41.703304,-88.03318
23,30.320871,-81.720336
23,37.901722,-121.467879
23,43.015265,-85.615081
23,33.945056,-118.037471
23,30.344592,-81.668297
23,44.50731,-92.91868
23,34.027962,-118.453758
23,30.491926,-91.134613
23,44.928262,-123.280398
23,41.814769,-87.914067
23,38.27203400000001,-122.670059
23,34.134639,-118.757227
23,25.910063,-80.210076
23,39.802251,-79.353967
23,33.791965000000005,-84.39241
23,33.87719,-118.145824
23,25.988878,-80.16583
23,41.467797,-82.064778
23,32.964094,-80.137327
23,38.244927,-77.52505699999998
23,38.433169,-122.72021399999998
23,39.006363,-76.503822
23,37.685188,-122.129295
23,34.067454999999995,-117.586766
23,41.43029,-73.806987
23,41.88384600000001,-87.646004
23,25.672033,-80.381146
23,45.120924,-93.049553
23,47.523319,-122.269997
23,39.643571,-86.33280699999997
23,29.632961,-81.71358199999997
23,29.731003,-95.549091
23,40.667068,-73.995766
23,41.06271,-73.86224399999998
23,45.71214795090814,-94.92774367287193
23,42.37923,-83.198112
23,32.70443,-96.83251
23,40.88749766330296,-73.89433264697125
23,39.880746,-75.00980899999998
23,28.478724,-80.777283
23,36.329651,-120.29952
23,39.751508,-84.253185
23,28.087283000000006,-82.451367
23,45.538855,-118.45816200000002
23,38.183601,-121.805519
23,40.834657,-74.17926899999998
23,36.310275,-119.698859
23,37.617085,-77.524455
23,30.622069,-87.038477
23,35.354269,-118.932052
23,42.943075,-86.161913
23,37.413508,-77.64739
23,35.95733,-78.41320999999998
23,33.71468,-112.447436
23,42.990288,-83.737328
23,25.924443,-80.309485
23,34.024445,-118.469254
23,34.065545,-117.99703999999998
23,33.743004,-118.309823
23,35.82201,-78.74594
23,25.523079,-80.40364100000002
23,43.046235,-83.72640200000002
23,27.503487,-81.50517099999998
23,40.543779,-78.09307
23,32.243451,-110.876619
23,42.95738,-71.47478000000002
23,28.277040000000003,-81.598111
23,38.667754,-121.338097
23,30.409656,-97.560893
23,27.389996000000004,-82.545822
23,29.956616,-90.07994
23,40.43413,-79.869047
23,36.515752,-119.295677
23,39.341734,-81.455486
23,37.92723,-122.369411
23,34.030437,-117.605073
23,38.37738,-75.52347900000002
23,40.922726,-74.079849
23,32.248407,-95.303726
23,32.630585,-111.004487
23,41.46573,-81.59186
23,42.305763,-93.569751
23,40.842109,-74.431853
23,40.991289,-111.902384
23,30.352125,-97.699905
23,47.258308,-122.519165
23,41.065274476809186,-111.27823233551368
23,40.787461,-77.080972
23,47.240898,-122.358154
23,34.020897,-118.157158
23,29.683722,-95.326734
23,40.153348,-76.606227
23,33.810191,-118.290266
23,34.015618,-118.421346
23,36.082723,-86.697856
23,34.037028,-118.608924
23,41.241215,-76.833049
23,36.60433,-87.28690999999998
23,37.327287,-121.893985
23,33.412861,-111.891497
23,38.986471,-121.549156
23,38.243225812729634,-81.56832575759141
23,41.264739,-79.493817
23,37.807184457598645,-122.47527480067026
23,33.751701000000004,-118.256837
23,36.846001,-76.183213
23,33.911751,-118.180145
23,34.03535,-118.328909
23,33.971604,-117.33101200000002
23,38.139504,-120.476717
23,33.809738,-84.418806
23,40.719165,-73.826088
23,43.111648,-73.843999
23,39.413398504069264,-76.60035967790317
23,34.071639000000005,-118.110054
23,33.555464,-79.035915
23,34.065932000000004,-117.48231
23,42.05241,-124.28409
23,39.40410900000001,-76.95059
23,39.402161,-78.0269
23,40.508244,-74.300331
23,37.258175,-122.121538
23,33.854230642157304,-117.9761159414388
23,29.372419,-98.456306
23,32.722883,-96.826988
23,36.26846,-79.84433
23,40.646301,-74.214821
23,25.789635,-80.204062
23,40.468013,-78.407193
23,35.881485,-84.508698
23,33.856010999999995,-117.987359
23,38.407299,-122.973167
23,36.377555,-119.834033
23,40.633479,-74.01611
23,34.180817,-118.786659
23,33.63578,-84.38365999999998
23,47.658188,-122.924995
23,38.532212,-121.460602
23,32.914891,-96.866675
23,30.183555,-81.70189
23,36.176748,-86.789002
23,38.545738,-90.293111
23,35.937257,-83.19720600000002
23,34.070397,-78.989402
23,25.889187,-80.21077199999998
23,32.945131,-96.73985
23,33.8303,-84.25218000000002
23,39.919448,-75.19105400000002
23,34.216179,-118.408558
23,34.014212,-117.449092
23,25.951970000000006,-80.180014
23,32.770031,-117.13978600000002
23,28.333065,-82.666267
23,34.062706,-118.24884
23,34.035076000000004,-118.36824
23,42.430141,-83.214989
23,39.30858,-120.71811
23,32.950047999999995,-96.823335
23,33.816546,-117.512792
23,39.262164,-76.707819
23,34.015983,-117.739886
23,34.063839,-117.811951
23,26.934624,-80.150359
23,29.747671,-95.456641
23,34.834663,-82.441645
23,38.510311,-121.464578
23,39.456349,-77.989948
23,34.105221,-117.30198
23,37.52980113011584,-77.42965578995977
23,33.736989,-118.298955
23,34.066316,-117.327179
23,25.80151,-80.246113
23,39.053991,-123.15703899999998
23,41.522338,-73.092189
23,38.181751,-85.721909
23,33.87648,-118.09899
23,37.54932,-122.292496
23,38.995403,-77.158237
23,33.973247,-83.864886
23,41.647164,-122.520377
23,29.822076000000006,-95.337625
23,33.521813,-86.824831
23,37.01112,-120.689972
23,40.725921,-111.95726
23,38.02792700000001,-122.115433
23,34.059466,-78.890033
23,39.770915,-77.006979
23,43.093173,-75.96965
23,38.029244,-78.803849
23,34.080890999999994,-117.475571
23,30.680266,-81.67126400000002
23,40.16508221607129,-111.64648890442062
23,44.330361,-92.980016
23,44.269587,-121.171547
23,33.98856,-118.358559
23,37.749451,-122.404053
23,34.168762,-118.592453
23,44.40798,-92.09325
23,39.885223,-104.987511
23,29.181801,-82.18489
23,43.14051,-77.54119200000002
23,33.74476,-117.279286
23,40.852899,-73.959242
23,37.993140999999994,-122.302124
23,33.920685,-117.431756
23,41.490182,-75.587565
23,36.430385,-94.455262
23,41.246354,-73.089619
23,33.931001,-118.370003
23,34.473855,-82.651134
23,28.602282,-99.189926
23,38.385435,-120.185911
23,27.963897,-82.795879
23,45.123714,-93.188384
23,36.909424,-120.006598
23,35.230364,-85.130773
23,37.733063,-121.628895
23,32.714132,-113.818665
23,32.172341,-81.07212
23,37.808273,-122.367004
23,39.459842,-104.874477
23,32.924963,-96.764155
23,37.32053,-121.972017
23,34.145811,-118.096139
23,38.412637,-122.713447
23,38.76928,-77.490193
23,36.153947,-86.758278
23,40.192581,-74.602295
23,33.52082,-80.88217
23,32.549961,-93.815041
23,37.163678,-93.286818
23,37.83479000000001,-122.0091
23,34.012476,-118.490541
23,33.874272,-118.195735
23,30.40227,-91.106975
23,38.011425,-121.641201
23,41.057477,-77.211219
23,33.694164,-84.499988
23,42.933443,-78.766447
23,48.051796,-122.184418
23,45.041551,-93.331888
23,30.568009000000004,-97.692779
23,39.315282,-120.441787
23,28.028342,-82.144325
23,35.223151,-118.566076
23,34.158035,-118.448689
23,39.995105,-74.866683
23,47.580242,-122.174667
23,40.78400731067283,-73.4399664398506
23,42.577701,-74.02795
23,32.8475,-117.236038
23,42.618795,-73.691006
23,32.171389000000005,-111.071429
23,36.77894000000001,-119.907286
23,41.76839947680583,-88.04189085918405
23,33.912981,-118.127242
23,40.75695200000001,-77.162355
23,40.45900941,-80.18984199
23,32.481831,-93.775238
23,40.75383782,-73.74438643
23,38.489227,-122.760627
23,33.72029000000001,-84.50253000000002
23,29.831291,-95.29374
23,39.260362,-123.224003
23,29.601305,-82.374434
23,37.66036,-120.847966
23,32.7671,-96.83693
23,40.467724,-74.289757
23,37.319928,-121.832774
23,35.164828,-89.86240600000002
23,39.823342,-86.275816
23,29.737986,-95.385418
23,40.8594,-73.91579
23,41.72788739,-72.75756955
23,47.158688,-122.402214
23,34.081765999999995,-117.71031200000002
23,35.609986,-78.598761
23,34.266428999999995,-118.639244
23,29.704933,-95.287936
23,39.504732,-121.514068
23,33.971604,-117.33101200000002
23,28.69595646844532,-81.38718008956245
23,33.411816358406966,-80.66476464233081
23,34.154353,-118.392177
23,34.068203000000004,-117.601558
23,46.276622,-114.027432
23,32.797829,-96.774824
23,30.0101316,-90.01975179
23,36.06031537,-79.60329652
23,39.122901,-76.51733
23,37.333,-121.938187
23,25.812131,-80.321549
23,37.689696999999995,-122.099312
23,33.746565999999994,-117.984203
23,33.864472,-118.326524
23,32.66485,-96.7208
23,30.577,-84.69514000000002
23,45.066537,-93.16972
23,40.860786,-73.974655
23,35.194448,-80.765945
23,35.059858,-80.919552
23,43.276846,-76.051203
23,34.154270000000004,-118.336809
23,38.496132,-121.441521
23,38.351827,-121.340112
23,40.473768,-80.061846
23,43.06879878,-76.1674726
23,38.31393900000001,-122.275849
23,34.0373,-118.378822
23,33.62843156,-117.72040486
23,37.711182,-121.084839
23,30.562513,-87.28701600000002
23,40.334707,-74.306831
23,37.269461,-106.999133
23,33.932033000000004,-118.090206
23,29.436267614224267,-98.503729104526
23,36.88571,-121.400098
23,37.863266,-122.035553
23,36.410284,-119.80538500000002
23,29.81693,-95.342454
23,37.106291,-81.128796
23,29.730735,-95.408776
23,46.03926,-93.432739
23,40.464717,-74.288746
23,38.384801,-75.431575
23,38.660909,-121.355163
23,36.420526,-94.222762
23,39.909146,-86.076594
23,41.56784,-72.91073
23,37.370808,-121.913132
23,27.01643,-82.04584
23,30.422613,-91.155637
23,29.923822,-90.009127
23,47.055488,-109.511088
23,43.187922,-76.653931
23,39.901429,-75.15244200000002
23,28.260523,-81.622463
23,39.333159,-82.082265
23,33.997448,-117.870621
23,33.903659999999995,-118.185936
23,44.965672,-93.227071
23,45.752347,-108.520137
23,28.098443,-82.50236
23,33.386065,-111.796948
23,33.853973,-117.901593
23,41.493119,-94.322615
23,32.42905497535501,-85.89470744092037
23,32.689722,-117.165981
23,34.068493,-117.97396100000002
23,44.660485,-123.060103
23,37.158798,-121.013924
23,33.757845,-117.345038
23,42.39365,-73.824783
23,25.973288,-80.22983599999998
23,37.522593,-77.556911
23,40.82372546,-73.87693047
23,37.204286,-93.309299
23,39.473029,-79.058293
23,25.848342,-80.241889
23,41.960972,-87.742599
23,36.898354,-76.424725
23,29.718215,-95.377466
23,39.51475,-119.78165
23,33.551271,-112.112327
23,37.955478429613315,-122.05337405146572
23,39.657103,-77.853282
23,41.0714,-73.895493
23,36.3820517061406,-94.17580246880448
23,34.185565999999994,-118.317902
23,32.842026000000004,-96.775299
23,42.912547,-88.212873
23,25.63402300000001,-80.39736500000002
23,34.500038,-118.224884
23,33.859765,-118.309028
23,40.58076024036129,-122.36069083155458
23,37.333635,-121.935249
23,37.064191,-119.35814
23,30.44243,-87.239937
23,40.645059,-122.363748
23,33.333040999999994,-117.235886
23,32.920713,-96.75075
23,36.835852,-119.716076
23,38.695884,-90.450517
23,38.8493406770761,-76.95406794511341
23,41.24908089618087,-80.07472157440151
23,39.680941,-104.82867
23,34.747698,-83.099721
23,47.448828000000006,-98.123835
23,36.072117,-86.732928
23,42.953896,-76.98111
23,33.99767518027306,-81.10885262450644
23,29.83769,-95.35321
23,29.732879,-95.49796
23,35.446088,-119.082922
23,38.586973,-121.401502
23,34.194219,-81.714543
23,30.497661,-91.153787
23,37.257229,-121.954626
23,37.59585,-122.225801
23,33.805788,-117.23377
23,36.069546,-86.68973000000003
23,32.923908000000004,-96.764305
23,39.211889505199366,-76.67842268907222
23,40.801713,-73.91686
23,38.22592,-79.1626
23,30.004893,-90.034009
23,30.377937,-97.735638
23,41.294119,-72.773191
23,32.65706419929191,-96.884104012981
23,30.491926,-91.134613
23,40.11241,-123.726339
23,37.690189,-122.098221
23,35.122844,-90.025725
23,41.353974,-95.900009
23,44.949488,-92.997558
23,38.183316,-121.733688
23,37.990692,-122.129456
23,33.772026000000004,-117.909168
23,37.838196,-122.296463
23,40.130496,-75.449189
23,40.12261,-76.465064
23,45.886388,-111.864671
23,32.442397,-93.916859
23,41.208185,-111.97358
23,41.02750897387968,-111.34400010055856
23,44.970496,-92.958875
23,39.27847,-75.58646999999998
23,27.977290000000004,-82.72968
23,34.829173,-115.055448
23,44.64819,-118.431876
23,35.013993,-80.94492
23,27.412692,-82.455267
23,39.455341,-74.629173
23,29.130359999999996,-81.124718
23,43.063469,-76.15857700000002
23,34.059158000000004,-118.245397
23,28.300706,-81.575299
23,40.428222,-79.955402
23,34.030837,-118.39113600000002
23,33.774507,-118.080158
23,40.22613,-76.30248
23,29.857563,-95.302349
23,34.198540448979394,-117.41750836316383
23,35.774619,-120.711165
23,38.837302,-77.4471
23,27.944165,-82.730087
23,34.05256,-118.25752
23,33.174522,-117.214699
23,35.70039000000001,-78.58079000000002
23,38.495974,-121.459161
23,40.746954,-74.06177
23,33.939194,-117.136791
23,30.115806,-97.805769
23,33.291708,-117.457271
23,31.777688,-106.422219
23,35.79405300000001,-78.787185
23,34.095257000000004,-118.299423
23,41.685783,-91.564583
23,39.936509,-75.04372099999998
23,38.720852,-90.30574
23,40.091844,-75.12626
23,40.79559,-73.34637
23,34.090610999999996,-117.992332
23,40.76672,-73.83882
23,35.94577431661632,-83.99660468061448
23,33.264346999999994,-81.103713
23,34.559479,-82.501549
23,39.13397,-84.57186999999998
23,25.915067,-80.179567
23,43.597182,-116.339657
23,34.516317,-82.59599200000002
23,29.69965,-95.547366
23,34.15309309943126,-118.0986607069106
23,41.88121,-87.64553000000002
23,35.878852,-78.638111
23,33.756458,-78.965946
23,25.921785,-80.17384200000002
23,34.275009000000004,-118.450684
23,45.06814,-93.25405
23,35.278505,-113.130544
23,25.455969,-80.475241
23,36.06130200000001,-79.767812
23,41.55585,-83.68012
23,33.928501000000004,-118.280426
23,34.821093,-82.46951
23,41.525143,-90.513367
23,33.934296,-84.162035
23,25.960943,-80.188215
23,34.183477,-79.769177
23,47.396011,-92.881591
23,34.637468,-82.129826
23,28.332579,-81.584533
23,42.301582,-83.74614100000002
23,45.615390999999995,-122.612976
23,34.180820000000004,-118.127327
23,40.845121,-73.909356
23,38.780067,-77.179854
23,43.053842,-83.759765
23,34.166275,-117.892182
23,34.394987,-118.468366
23,37.710072,-122.4571
23,40.132957,-75.368365
23,27.136541,-80.28786
23,32.475506,-93.77995
23,33.908582,-84.22896899999998
23,33.371662,-117.555237
23,36.04433,-86.65701999999997
23,33.809142,-118.28768
23,44.871157,-93.080452
23,33.75011802,-84.49697614
23,32.653426,-83.61235
23,37.373782,-79.905037
23,39.328469,-77.021445
23,38.774193,-90.484977
23,39.996167,-75.082637
23,34.232949,-117.420542
23,29.643208,-95.264809
23,43.936165,-123.01463
23,39.73790288,-105.01390099
23,34.027303,-118.189283
23,35.295986,-80.789635
23,40.575717,-75.547174
23,35.093823,-77.84822
23,38.8016,-77.51632
23,45.05073,-123.512008
23,40.759137,-74.08258000000002
23,34.699359,-82.279014
23,40.706818,-73.428276
23,33.838325,-81.15623599999998
23,39.831715822029906,-77.69764065705444
23,38.203235,-79.08241600000002
23,28.510069,-81.235918
23,32.930869,-96.901408
23,37.347939,-121.91956299999998
23,45.531173,-122.686847
23,34.280016,-119.308874
23,43.182117,-77.595484
23,30.481504,-81.643828
23,34.033823,-118.22111
23,40.69991,-111.85352
23,29.404026,-98.545709
23,34.234660999999996,-118.472679
23,34.004673,-117.39962
23,34.068542,-118.150269
23,32.715128,-96.756495
23,45.456909,-123.83429
23,36.02796400000001,-86.71265799999998
23,39.106014,-121.689178
23,33.992641,-117.15376299999998
23,27.80851,-82.66342399999998
23,37.729426,-122.441232
23,34.75967,-118.79599
23,34.106751,-117.86356
23,38.570135,-121.382954
23,38.585364,-121.503036
23,33.931959,-118.28
23,30.433548,-87.224825
23,39.10619000000001,-94.80453
23,37.80162,-122.282677
23,37.956146,-122.329803
23,34.163692,-118.62532
23,34.036304,-117.938086
23,39.879658,-75.248485
23,40.009109,-74.851135
23,36.677794,-119.817841
23,25.964964,-80.17426999999998
23,30.26125,-97.715915
23,25.972454,-80.214638
23,33.927292,-118.376587
23,38.510695,-121.460241
23,40.022991,-78.358636
23,37.230530977071616,-80.24024605712776
23,35.22212000000001,-114.21837
23,34.061316999999995,-118.16478
23,37.133292,-77.357527
23,33.68481,-84.40524
23,34.145641999999995,-79.908752
23,44.688077,-95.617142
23,32.480938,-93.795097
23,39.957078,-75.155891
23,42.93295,-78.776811
23,40.70538300000001,-74.245613
23,28.495819,-81.434958
23,38.74110817890767,-121.82122349680984
23,38.018840999999995,-121.941803
23,41.051455,-76.848989
23,34.029998,-118.174015
23,39.859417,-75.121475
23,35.149914,-81.21253
23,34.99713063223364,-78.1332099433988
23,32.663512,-96.900094
23,40.546363591954496,-78.63278746567424
23,30.467540000000003,-91.083394
23,36.847899,-75.988419
23,26.178633,-80.15446999999998
23,25.833,-80.241318
23,30.388271000000003,-81.759117
23,37.809792,-121.992104
23,43.111,-75.206001
23,34.0783,-117.625214
23,34.079408,-118.227214
23,40.664992,-73.8444
23,35.542248,-82.751526
23,25.764783,-80.251639
23,41.19822621325874,-80.16063809356609
23,34.034931,-118.368523
23,28.556590000000003,-81.75102
23,34.707703,-118.79599
23,41.43256545047077,-72.80535578693005
23,34.675434,-117.863126
23,40.24902462940097,-76.81255459748834
23,40.750232,-74.002348
23,34.053661,-118.23513
23,34.05501008,-117.29906201
23,44.7786,-124.07046
23,29.44073,-98.640114
23,38.975305,-77.112706
23,33.069759000000005,-86.730397
23,48.021916,-114.225625
23,37.37989,-121.85828
23,28.536504,-81.52629
23,32.92007,-117.23692
23,40.476669072911854,-74.40352320635601
23,37.22657,-121.975113
23,29.124621,-82.21842600000002
23,39.4489,-105.631662
23,42.96519,-70.85606999999997
23,33.152371,-117.201
23,33.66171,-84.02468
23,37.66637,-122.107491
23,34.323413,-79.865493
23,39.649738,-74.1772
23,37.12444,-113.601957
23,41.45636,-72.83869
23,37.638248,-120.905821
23,37.690189,-122.098221
23,34.027976,-117.126373
23,40.72268,-112.22471000000002
23,40.709922,-76.842354
23,25.751006,-80.413327
23,47.15929000000001,-122.43424
23,35.271624,-80.845877
23,27.643268,-82.05817900000002
23,47.48351,-122.27036
23,29.722997999999997,-95.369034
23,34.119921000000005,-86.395569
23,37.0874,-120.492347
23,32.81095,-96.762837
23,33.637885,-117.760172
23,35.034847,-85.271857
23,39.020648,-122.694547
23,37.897396,-122.081879
23,35.87385,-119.27038799999998
23,40.656654,-73.76739599999998
23,42.976119,-83.771408
23,41.83011,-88.06719
23,33.850735,-117.814275
23,34.236025,-117.660201
23,30.273827,-97.719562
23,29.700086,-95.386314
23,32.778098,-96.696493
23,40.608022,-74.136708
23,33.841136,-80.72520300000002
23,25.570911,-80.37700799999998
23,34.065745,-117.498168
23,38.510831,-121.335058
23,30.341861,-97.663087
23,34.209416,-80.984124
23,35.75201154,-81.28686547
23,47.43457,-121.977341
23,41.932555,-87.6319
23,38.818307,-76.932182
23,30.143547,-97.764725
23,26.110771,-80.297097
23,37.429143,-77.34060600000002
23,34.055695,-118.451965
23,29.79819,-95.380718
23,38.239163,-120.885526
23,40.642218,-74.142143
23,41.75499600000001,-88.03526
23,30.384298,-91.064819
23,38.494619,-121.155061
23,38.722375,-112.131024
23,40.842201,-73.535622
23,44.673795,-117.633929
23,32.625240000000005,-96.90841
23,47.57693,-122.31978
23,38.36332700000001,-89.531937
23,38.577623,-121.506512
23,40.007698,-82.881263
23,35.769128,-78.52714499999998
23,25.719651,-80.321572
23,37.690163,-122.135582
23,28.546471,-81.41588399999998
23,33.538721,-86.792346
23,40.841911,-73.945358
23,43.603775,-73.73076400000002
23,34.010509000000006,-81.04844200000002
23,29.226304,-81.10548299999998
23,37.005062,-76.32074300000002
23,28.882587,-81.716637
23,47.7233970162977,-122.63127207697563
23,34.412628000000005,-119.858704
23,26.416851281993782,-80.17162442169106
23,37.013999,-94.540331
23,37.847813,-122.244209
23,33.987917,-118.373295
23,34.071812,-117.883921
